-0 0 0 
-0.000269721 0.000115418 5.82342e-05 
-0.000281883 -0.000100808 -0.000237426 
0.000908268 0.000415579 0.000426004 
-0.000139038 0.000552756 0.000336904 
0.000486207 -7.18931e-06 0.000234822 
-0.000123514 0.000144486 0.000202667 
0.000156961 3.61575e-05 0.000188139 
-0.000178748 0.000196543 0.000418146 
0.00047547 8.89977e-05 1.36083e-05 
0.000916132 -6.78215e-05 -8.82162e-05 
0.000199895 -0.000282047 -0.000277446 
-0.00130852 -0.000483054 -0.000919875 
-0.00525903 0.000193717 -0.00204678 
-0.0109122 0.000320912 -0.00403572 
-0.0183288 0.0012118 -0.00767202 
-0.0242514 0.000485571 -0.0112271 
-0.027673 0.000934957 -0.012696 
-0.0331378 0.00222533 -0.0146307 
-0.0387281 0.00173073 -0.0199834 
-0.0446229 0.000963026 -0.0251949 
-0.0518177 0.00185021 -0.0299291 
-0.0577993 0.000963824 -0.0360451 
-0.0633666 0.00210482 -0.0412983 
-0.0678823 0.00257878 -0.046627 
-0.0725957 0.00164887 -0.0536773 
-0.0772968 0.00256235 -0.0601385 
-0.0823722 0.0018302 -0.0668083 
-0.085013 0.00123582 -0.0747869 
-0.0892201 0.00253834 -0.0805433 
-0.0931101 0.00260548 -0.0879055 
-0.0963208 0.00298836 -0.0950394 
-0.0981058 0.00260139 -0.10341 
-0.10061 0.00301584 -0.111022 
-0.102231 0.00353997 -0.119099 
-0.102884 0.00338597 -0.126888 
-0.104114 0.00403804 -0.134544 
-0.104953 0.0029034 -0.143351 
-0.10477 0.00414017 -0.15078 
-0.105469 0.00427149 -0.158606 
-0.105219 0.0027876 -0.16762 
-0.103258 0.00421672 -0.174998 
-0.101716 0.00397873 -0.182454 
-0.100156 0.00416328 -0.191191 
-0.0979153 0.00486249 -0.198579 
-0.0957191 0.00448728 -0.205077 
-0.100973 0.00482307 -0.207908 
-0.0986641 0.00351188 -0.189493 
-0.152848 0.00423294 -0.209944 
-0.153049 0.0044642 -0.170459 
-0.231128 0.00398501 -0.212218 
-0.265527 0.00471251 -0.213333 
-0.307531 0.00479117 -0.21393 
-0.353688 0.0041917 -0.21529 
-0.403562 0.0043416 -0.216403 
-0.456742 0.00393794 -0.217717 
-0.513571 0.00472084 -0.218874 
-0.569419 0.00529428 -0.22132 
-0.626577 0.00546109 -0.223573 
-0.684035 0.00449026 -0.225592 
-0.741771 0.00529774 -0.227777 
-0.801203 0.00532043 -0.229306 
-0.860367 0.00554171 -0.230677 
-0.920459 0.00556262 -0.23214 
-0.980437 0.00611684 -0.23449 
-1.03927 0.00643275 -0.235627 
-1.09933 0.0061582 -0.237897 
-1.15991 0.00615665 -0.23949 
-1.21876 0.00534735 -0.241595 
-1.27958 0.00717662 -0.242843 
-1.33689 0.00577681 -0.244793 
-1.33504 0.00597194 -0.187166 
-1.45837 0.00489881 -0.247452 
-1.51666 0.00434719 -0.248059 
-1.51512 0.00217089 -0.190014 
-1.63671 0.00393054 -0.252051 
-1.69638 0.00363577 -0.253355 
-1.69665 0.00450197 -0.192683 
-1.8158 0.00272531 -0.256957 
-1.87592 0.00330399 -0.258715 
-1.93751 0.00298952 -0.260909 
-1.99666 0.00361361 -0.262162 
-2.05489 0.00293554 -0.263187 
-2.1148 0.00375769 -0.265692 
-2.17348 0.00325332 -0.267194 
-2.23363 0.00366801 -0.268734 
-2.23471 0.00642125 -0.210137 
-2.35441 0.00442209 -0.27288 
-2.41364 0.00281988 -0.274291 
-2.47315 0.00487572 -0.275708 
-2.47418 0.00467575 -0.216652 
-2.59185 0.00300496 -0.27964 
-2.5913 0.000560961 -0.222025 
-2.71118 0.00340824 -0.282724 
-2.77052 0.00473697 -0.284105 
-2.77028 0.00418717 -0.225594 
-2.88991 0.00523607 -0.288021 
-2.89052 0.00524699 -0.225694 
-2.88959 0.00737766 -0.166718 
-2.88822 0.00550895 -0.105597 
-3.12754 0.00410095 -0.294787 
-3.12593 0.00113304 -0.236829 
-3.12809 0.0060479 -0.174077 
-3.12736 0.00454492 -0.118643 
-3.13016 0.00260302 -0.0630778 
-3.39324 -0.0029975 -0.307589 
-3.3876 0.000974301 -0.313274 
-3.38107 -0.00139994 -0.393174 
-3.37445 -0.00246214 -0.509783 
-3.34153 -0.00342768 -0.652556 
-3.46541 0.0011204 -0.336821 
-3.4519 0.00231177 -0.496139 
-3.42841 0.00249379 -0.666188 
-3.46646 0.00390718 -0.355701 
-3.45167 0.00644639 -0.529921 
-3.42752 0.0023668 -0.702484 
-3.39546 0.00757694 -0.871917 
-3.45008 0.0040426 -0.378238 
-3.43495 0.0025878 -0.549503 
-3.40983 0.00131239 -0.725006 
-3.37754 0.00754625 -0.897111 
-3.42356 0.00402212 -0.396715 
-3.40661 0.000234005 -0.572453 
-3.38055 0.00217346 -0.746739 
-3.34687 0.00158198 -0.917719 
-3.30438 0.00209168 -1.08509 
-3.38659 0.00459218 -0.4108 
-3.36854 0.00444917 -0.583496 
-3.3426 0.00496357 -0.754687 
-3.3092 0.0053723 -0.922537 
-3.35645 0.00428019 -0.419769 
-3.33909 0.00743014 -0.569841 
-3.32001 0.00556775 -0.672487 
-3.30879 0.0050446 -0.704604 
-3.38269 0.00502025 -0.55094 
-3.37987 0.00339177 -0.52025 
-3.37718 0.00663535 -0.478846 
-3.42484 0.00606177 -0.699712 
-3.42419 0.00577346 -0.644377 
-3.45176 0.00629184 -0.802593 
-3.43116 0.00583457 -0.865876 
-3.45579 0.00782775 -0.862721 
-3.42036 0.00799183 -0.996238 
-3.37364 0.00420999 -1.14724 
-3.44451 0.00904095 -0.899086 
-3.43818 0.00907581 -0.903523 
-3.39486 0.0076568 -1.07074 
-3.42597 0.00951686 -0.905813 
-3.38296 0.0107029 -1.07459 
-3.41433 0.00818285 -0.901088 
-3.37322 0.00927823 -1.07037 
-3.32247 0.0107506 -1.24074 
-3.2605 0.00849564 -1.41063 
-3.39058 0.00818064 -0.883551 
-3.34887 0.00928 -1.0553 
-3.38032 0.00812016 -0.872297 
-3.34113 0.00790334 -1.03982 
-3.29209 0.00855849 -1.20905 
-3.36648 0.00725776 -0.85226 
-3.32689 0.00778299 -1.02223 
-3.27983 0.00938854 -1.18903 
-3.22237 0.00746294 -1.35603 
-3.35295 0.00662204 -0.823231 
-3.35052 0.00677645 -0.815093 
-3.31364 0.00963718 -0.983784 
-3.34674 0.00707958 -0.799913 
-3.34573 0.00696103 -0.792001 
-3.30876 0.00882779 -0.964121 
-3.34496 0.00648984 -0.775667 
-3.30934 0.00401954 -0.9463 
-3.34491 0.00609571 -0.759081 
-3.31057 0.00749455 -0.928097 
-3.34697 0.00628831 -0.743411 
-3.3137 0.00785775 -0.911405 
-3.28024 0.00582405 -1.04754 
-3.26228 0.0095471 -1.11494 
-3.35142 0.00590934 -0.724539 
-3.3481 0.00446273 -0.736833 
-3.34508 0.0111068 -0.72811 
-3.29268 0.00577462 -0.727277 
-3.25385 0.00548718 -0.730479 
-3.25351 0.00872839 -0.687633 
-3.1656 0.00614811 -0.736447 
-3.17521 0.00629717 -0.644142 
-3.10929 0.00601899 -0.752614 
-3.14871 0.00635568 -0.486015 
-3.07092 0.00580254 -0.782948 
-3.04226 0.00573179 -0.802688 
-3.06854 0.00516182 -0.644943 
-2.96479 0.00635288 -0.837988 
-2.97442 0.00486795 -0.759196 
-2.87773 0.00629007 -0.874653 
-2.86024 0.00682752 -0.91585 
-2.83056 0.00718403 -1.00057 
-2.80765 0.00583585 -0.885841 
-2.77752 0.00716575 -0.979233 
-2.76007 0.00435561 -1.02777 
-2.75004 0.00497773 -1.04911 
-2.77798 0.00511881 -0.886035 
-2.77577 0.00509882 -0.8906 
-2.77437 0.0031754 -0.892391 
-2.77165 0.00290134 -0.89484 
-2.7716 0.00526802 -0.894538 
-2.76938 0.00574546 -0.888106 
-2.74687 0.00616877 -0.968489 
-2.76992 0.00545809 -0.877145 
-2.73539 0.00122219 -1.00096 
-2.77245 0.00516806 -0.864627 
-2.75814 0.00592627 -0.918083 
-2.74964 0.004462 -0.947152 
-2.77326 0.00518785 -0.859326 
-2.77153 0.00931966 -0.861011 
-2.74654 0.00549191 -0.860201 
-2.71472 0.00517664 -0.862626 
-2.67512 0.0051672 -0.865412 
-2.62992 0.00505229 -0.86849 
-2.58071 0.00463339 -0.8718 
-2.52844 0.00404515 -0.874865 
-2.52635 0.00122955 -0.824275 
-2.41879 0.00308426 -0.881231 
-2.41755 0.0032171 -0.825985 
-2.30556 0.00266775 -0.888689 
-2.24712 0.00285311 -0.892237 
-2.18849 0.00190234 -0.89519 
-2.1297 0.00195454 -0.89851 
-2.07096 0.00188816 -0.902738 
-2.01214 0.00143825 -0.906145 
-1.95163 0.00147013 -0.909645 
-1.89271 0.000695545 -0.913431 
-1.89264 0.00171694 -0.853584 
-1.77279 0.000887602 -0.921353 
-1.77348 0.000528211 -0.861445 
-1.65156 1.13285e-05 -0.928985 
-1.6528 0.000516284 -0.867114 
-1.53143 -0.000849551 -0.93626 
-1.53178 -0.000431715 -0.876276 
-1.41066 -0.00186614 -0.944086 
-1.35256 -0.00260421 -0.947899 
-1.29179 -0.00139453 -0.951826 
-1.29102 -0.00205593 -0.893375 
-1.17362 -0.00112447 -0.958739 
-1.17637 0.000300315 -0.898044 
-1.17692 -0.000338004 -0.839153 
-0.994193 -0.00348663 -0.972968 
-0.992122 -0.00377379 -0.913268 
-0.991529 -0.00147555 -0.852096 
-0.996615 -0.00196907 -0.792138 
-0.988704 -0.00486258 -0.744135 
-0.699148 -0.00634502 -0.981901 
-0.666585 -0.00586378 -0.957164 
-0.627008 -0.00597892 -0.948973 
-0.583625 -0.00214673 -0.950969 
-0.536628 -0.00635878 -0.961516 
-0.559636 -0.00581804 -0.951338 
-0.51736 -0.00426121 -0.969623 
-0.474374 -0.00450975 -0.989156 
-0.428404 -0.00412864 -1.01021 
-0.381056 -0.0049093 -1.03028 
-0.552777 -0.00422984 -0.91924 
-0.555274 -0.00268861 -0.913098 
-0.509869 -0.00723089 -0.945877 
-0.468762 -0.00831786 -0.97347 
-0.428187 -0.00684291 -0.997478 
-0.385054 -0.0075393 -1.0204 
-0.58264 0.000191281 -0.887934 
-0.545066 -0.00226804 -0.921039 
-0.59629 0.000151505 -0.882212 
-0.55908 -0.000422238 -0.913983 
-0.519281 0.000878685 -0.936876 
-0.482119 -0.00234226 -0.944795 
-0.44252 0.000179747 -0.936985 
-0.5791 0.000820459 -0.790093 
-0.5614 0.00184469 -0.750179 
-0.538634 0.00784306 -0.72239 
-0.528386 0.00747987 -0.676243 
-0.494885 0.000484835 -0.614741 
-0.492867 0.000106993 -0.560358 
-0.489042 0.000713818 -0.504305 
-0.428643 -0.000233432 -0.460055 
-0.426835 -0.00107242 -0.401649 
-0.422823 -0.00092709 -0.348518 
-0.414009 -0.00382294 -0.304059 
-0.407805 -0.000973771 -0.267949 
-0.340159 -0.00407609 -0.217177 
-0.332506 -0.00337304 -0.207984 
-0.326331 -0.00342606 -0.207381 
-0.320372 -0.00478191 -0.212608 
-0.343091 -0.0040986 -0.15505 
-0.340248 -0.00312146 -0.167865 
-0.337326 -0.00418572 -0.18271 
-0.33319 -0.0031495 -0.199 
-0.328717 -0.00291453 -0.215256 
-0.373323 -0.00247378 -0.149222 
-0.371792 -0.00261874 -0.16991 
-0.369119 -0.00276532 -0.190912 
-0.366746 -0.0023214 -0.210907 
-0.397997 -0.0021682 -0.165151 
-0.395028 -0.00233199 -0.18807 
-0.393113 -0.00287472 -0.210966 
-0.389406 -0.00175331 -0.232936 
-0.41915 -0.0013724 -0.187596 
-0.417124 -0.00119371 -0.211536 
-0.413537 -0.00149282 -0.230214 
-0.411837 -0.00120927 -0.240206 
-0.410349 -0.0012897 -0.245329 
-0.429438 -0.00112036 -0.204493 
-0.428922 0.000932054 -0.207532 
-0.429605 -0.00102724 -0.204999 
-0.429207 -0.00114048 -0.206104 
-0.429956 -0.000846657 -0.205575 
-0.42963 -0.000566403 -0.20558 
-0.429611 -0.000759856 -0.205632 
-0.429411 -0.000955863 -0.205297 
-0.429386 -0.00154345 -0.205172 
-0.429152 -0.00124023 -0.205058 
-0.42921 -0.00160688 -0.20528 
-0.429379 -0.00138632 -0.205134 
-0.429454 -0.00137423 -0.205188 
-0.429382 -0.00110055 -0.205091 
-0.429258 -0.00148371 -0.205239 
-0.429108 -0.00139409 -0.205188 
-0.429113 -0.00133348 -0.205218 
-0.428918 -0.00145389 -0.205146 
-0.42914 -0.00115725 -0.205081 
-0.429037 -0.00114795 -0.205216 
-0.428858 -0.00149296 -0.20557 
-0.42905 -0.00123242 -0.205319 
-0.429149 -0.001371 -0.205303 
-0.429195 -0.0012361 -0.205262 
-0.429012 -0.00137345 -0.205356 
-0.429226 -0.00120875 -0.205226 
-0.429093 -0.00146906 -0.205308 
-0.428975 -0.00143211 -0.205165 
-0.429121 -0.00102603 -0.205174 
-0.429253 -0.00124174 -0.205144 
-0.429026 -0.00137392 -0.205253 
-0.428985 -0.00126423 -0.205143 
