1 0 0 0 0 1 0 0 0 0 1 0
1 4.00851e-06 -2.10155e-05 1.75865e-05 -4.00968e-06 1 -5.57011e-05 2.63831e-05 2.10153e-05 5.57012e-05 1 -2.13756e-05
1 5.08965e-05 1.13643e-05 -6.75307e-05 -5.08961e-05 1 -3.37592e-05 -2.29783e-05 -1.1366e-05 3.37586e-05 1 1.24616e-06
1 1.58898e-05 4.22526e-06 2.17306e-05 -1.58896e-05 1 -4.00805e-05 2.54049e-05 -4.2259e-06 4.00805e-05 1 -1.43314e-05
1 4.82784e-05 -2.73783e-06 -5.37991e-05 -4.82785e-05 1 -4.42981e-05 -1.41689e-06 2.73569e-06 4.42982e-05 1 2.41048e-05
1 6.80141e-05 -7.57709e-06 -3.89367e-05 -6.80144e-05 1 -2.88522e-05 2.60695e-05 7.57513e-06 2.88527e-05 1 -4.38414e-06
1 -4.37375e-05 -3.8281e-05 2.66547e-05 4.37343e-05 1 -8.36182e-05 5.29151e-05 3.82847e-05 8.36165e-05 1 -1.97994e-05
1 2.7002e-05 -1.78981e-05 1.38208e-05 -2.7003e-05 1 -5.73664e-05 4.4471e-05 1.78965e-05 5.73669e-05 1 -6.20095e-06
1 5.17663e-05 -2.91335e-06 -3.74705e-06 -5.17665e-05 1 -5.54535e-05 4.23241e-05 2.91048e-06 5.54536e-05 1 2.40073e-05
1 2.68302e-05 -7.70582e-07 -3.64916e-05 -2.68302e-05 1 -4.35537e-05 2.41734e-05 7.69413e-07 4.35537e-05 1 1.59483e-05
1 -1.19229e-05 -2.30019e-05 1.54468e-05 1.19211e-05 1 -7.85979e-05 3.60437e-05 2.30028e-05 7.85976e-05 1 1.16595e-05
1 -3.1767e-06 1.41805e-05 -0.000136149 3.17707e-06 1 -2.6135e-05 0.000108741 -1.41804e-05 2.61351e-05 1 0.000690621
1 -0.000245889 0.000129412 0.000255873 0.000245898 1 -6.65483e-05 0.00012242 -0.000129396 6.65801e-05 1 0.0139907
1 0.000205175 0.000168537 -0.000113349 -0.000205193 1 0.000106957 0.000282966 -0.000168515 -0.000106992 1 0.0412031
1 0.00010304 0.000251599 -0.000183567 -0.000103021 1 -7.42117e-05 0.000504225 -0.000251606 7.41858e-05 1 0.0766809
1 -9.59569e-05 -5.18089e-05 -0.000349227 9.59612e-05 1 8.30628e-05 0.00019012 5.1801e-05 -8.30678e-05 1 0.11688
1 0.000292427 -0.0001062 -0.000564334 -0.000292437 1 -9.31191e-05 0.000721712 0.000106173 9.31501e-05 1 0.151512
1 -7.64578e-05 -0.000207367 -0.000404999 7.64409e-05 1 -8.1385e-05 0.000760899 0.000207373 8.13691e-05 1 0.189174
1 0.000225915 -7.22856e-06 -0.000478863 -0.000225917 1 -0.000246633 0.000624366 7.17284e-06 0.000246634 1 0.233238
1 0.000326164 -0.000442664 -0.00106878 -0.00032631 1 -0.000329465 0.000525957 0.000442556 0.000329609 1 0.281496
1 -0.000102606 4.09029e-05 -0.000749083 0.000102625 1 -0.000473385 0.000879015 -4.08543e-05 0.00047339 1 0.334035
1 0.000130598 -0.000371712 -0.00146013 -0.000130793 1 -0.000523896 0.0009157 0.000371643 0.000523945 1 0.387722
1 0.000400578 -0.00024023 -0.00142113 -0.000400758 1 -0.000749196 0.00128512 0.00023993 0.000749292 1 0.443392
1 0.000137593 -0.000152459 -0.0010078 -0.000137729 1 -0.000891908 0.00113826 0.000152337 0.000891929 1 0.501052
1 0.000195034 -5.4941e-05 -0.000298003 -0.000195087 1 -0.000966357 0.000700956 5.47525e-05 0.000966368 1 0.558543
1 9.6734e-05 -9.42453e-05 -0.00197819 -9.68516e-05 0.999999 -0.00124956 0.000796896 9.41243e-05 0.00124957 0.999999 0.615196
1 0.00027296 -9.25766e-05 -0.00180138 -0.000273069 0.999999 -0.00118634 0.00125607 9.22527e-05 0.00118636 0.999999 0.673898
1 0.000445161 -0.000312801 -0.0024801 -0.000445533 0.999999 -0.00119149 0.000593294 0.00031227 0.00119163 0.999999 0.733846
1 -0.000169642 0.000112535 -0.00249964 0.000169792 0.999999 -0.00133251 0.0014964 -0.000112309 0.00133252 0.999999 0.793313
1 0.000260429 -7.54825e-05 -0.00264273 -0.000260521 0.999999 -0.00121791 0.00165259 7.51652e-05 0.00121793 0.999999 0.853791
1 -0.000432707 -0.00079346 -0.00569833 0.000431407 0.999999 -0.00163788 0.00087848 0.000794167 0.00163753 0.999998 0.910938
1 -0.000386459 -0.00085938 -0.00539161 0.00038491 0.999998 -0.0018023 0.00081803 0.000860075 0.00180197 0.999998 0.971547
1 -2.5396e-06 -0.000822657 -0.00571443 1.00904e-06 0.999998 -0.0018605 0.000514257 0.000822661 0.0018605 0.999998 1.03039
1 -0.000355196 -0.000823506 -0.00545005 0.000353595 0.999998 -0.00194392 0.000356917 0.000824195 0.00194363 0.999998 1.09039
1 -0.000232821 -0.00071749 -0.00494801 0.00023168 0.999999 -0.00159006 0.00169684 0.000717859 0.00158989 0.999998 1.14986
1 -0.000241549 -0.00074118 -0.00682915 0.000240266 0.999998 -0.00173124 0.00092318 0.000741597 0.00173106 0.999998 1.21143
1 -0.000119285 -0.000847358 -0.00721073 0.000117637 0.999998 -0.00194475 0.000899531 0.000847588 0.00194465 0.999998 1.27073
1 -0.000189054 -0.000740242 -0.00701465 0.000187421 0.999998 -0.00220587 0.000642813 0.000740658 0.00220573 0.999997 1.33007
0.999999 0.000313113 -0.00111519 -0.00695575 -0.000315517 0.999998 -0.00215578 0.000308061 0.00111452 0.00215613 0.999997 1.39004
1 4.76398e-05 -0.000469951 -0.00766332 -4.86518e-05 0.999998 -0.00215363 0.000837838 0.000469847 0.00215365 0.999998 1.44877
1 -0.000643865 -0.000183502 -0.00759119 0.000643508 0.999998 -0.00193882 0.00111953 0.00018475 0.00193871 0.999998 1.50846
1 -0.000175068 -0.000116661 -0.00749972 0.000174823 0.999998 -0.00209206 0.00137287 0.000117027 0.00209204 0.999998 1.56895
1 -0.000212203 -0.000341267 -0.00800131 0.000211497 0.999998 -0.00206626 0.000902345 0.000341705 0.00206619 0.999998 1.62722
1 0.000696496 -0.000465422 -0.00812545 -0.000697704 0.999996 -0.00259965 0.000774651 0.00046361 0.00259998 0.999997 1.69083
1 0.000740093 -0.000616769 -0.00833622 -0.000741678 0.999996 -0.00257334 0.00103681 0.000614862 0.0025738 0.999996 1.75139
1 0.000652783 -0.000724095 -0.00855927 -0.000654838 0.999996 -0.00284202 0.00095027 0.000722237 0.0028425 0.999996 1.81095
1 0.000134832 -0.000842893 -0.00971677 -0.00013725 0.999996 -0.0028688 0.00143092 0.000842503 0.00286891 0.999996 1.87082
1 0.00015289 -0.000503701 -0.00954402 -0.000154461 0.999995 -0.00312152 0.0014819 0.000503222 0.00312159 0.999995 1.93173
1 -0.000155683 -0.000592565 -0.0101464 0.000153634 0.999994 -0.00345638 0.00131564 0.0005931 0.00345628 0.999994 1.99055
1 5.64938e-05 -0.000825693 -0.0108068 -5.88453e-05 0.999996 -0.00284819 0.00103696 0.000825529 0.00284824 0.999996 2.04968
0.999999 0.000331942 -0.000971724 -0.0109931 -0.000334636 0.999996 -0.00277386 0.00121731 0.0009708 0.00277418 0.999996 2.10998
1 0.000230828 -0.000872599 -0.0104496 -0.00023329 0.999996 -0.0028214 0.00103819 0.000871944 0.0028216 0.999996 2.16868
0.999999 0.000595065 -0.000945244 -0.0110296 -0.000598183 0.999994 -0.00330208 0.00092819 0.000943274 0.00330264 0.999994 2.23042
0.999999 0.000492087 -0.00106283 -0.0111765 -0.000495374 0.999995 -0.00309481 0.00132485 0.0010613 0.00309533 0.999995 2.29055
1 0.000203229 -0.000789048 -0.0120504 -0.000206432 0.999992 -0.00406137 0.000981358 0.000788216 0.00406153 0.999991 2.35043
1 0.000428646 -0.000438853 -0.0123247 -0.00043054 0.999991 -0.0043244 0.000533627 0.000436995 0.00432459 0.999991 2.40967
0.999999 0.000899512 -0.000883396 -0.0122446 -0.000903577 0.999989 -0.00461244 0.000511263 0.000879238 0.00461323 0.999989 2.4703
1 0.000705209 -0.000621689 -0.012732 -0.000707543 0.999993 -0.00376197 0.000870852 0.000619031 0.00376241 0.999993 2.52839
1 0.000568565 -0.000332563 -0.0128565 -0.000569976 0.999991 -0.00425555 0.00199275 0.000330141 0.00425573 0.999991 2.58855
0.999999 0.000903037 -0.000783227 -0.0140042 -0.000906415 0.99999 -0.00432385 0.000698192 0.000779315 0.00432455 0.99999 2.64915
1 0.000403412 -0.000813117 -0.0145788 -0.000406842 0.999991 -0.00422332 0.000502718 0.000811406 0.00422365 0.999991 2.71044
0.999999 0.000946407 -0.000628035 -0.0134506 -0.000948724 0.999993 -0.00369883 0.00124522 0.000624529 0.00369942 0.999993 2.7672
0.999999 0.00100166 -0.000666028 -0.0131066 -0.00100426 0.999992 -0.0039166 0.00113302 0.000662099 0.00391726 0.999992 2.82737
0.999999 0.00109821 -0.000534165 -0.0132329 -0.00110018 0.999992 -0.00371366 0.00040427 0.000530082 0.00371425 0.999993 2.88723
0.999999 0.00136064 -0.000258704 -0.0134884 -0.00136171 0.99999 -0.00418122 0.000245092 0.000253012 0.00418157 0.999991 2.94768
0.999999 0.00116632 -2.23144e-05 -0.0134395 -0.00116641 0.999991 -0.0040946 0.00113139 1.75386e-05 0.00409462 0.999992 3.00587
0.999999 0.00117436 -0.000771616 -0.0143204 -0.00117736 0.999992 -0.00390664 -0.00104254 0.000767022 0.00390754 0.999992 3.06618
0.999999 0.00116381 -0.000872416 -0.0145073 -0.00116745 0.999991 -0.00417721 -0.000734568 0.000867547 0.00417823 0.999991 3.12634
0.999999 0.00115264 -0.000835186 -0.0142458 -0.00115594 0.999991 -0.0039639 -0.000747204 0.00083061 0.00396486 0.999992 3.18636
0.999999 0.0012749 -0.00100967 -0.0145078 -0.00127915 0.99999 -0.00421956 -0.00100487 0.00100428 0.00422085 0.999991 3.24524
0.999999 0.00114585 -0.00079356 -0.014814 -0.00114919 0.99999 -0.0042218 -0.000678875 0.000788715 0.00422271 0.999991 3.30576
0.999998 0.00177602 -0.000937737 -0.013948 -0.00178013 0.999989 -0.00439938 -0.000130872 0.000929913 0.00440104 0.99999 3.3647
0.999999 0.0016647 -0.000458541 -0.013784 -0.00166665 0.999989 -0.00428195 -8.14515e-05 0.000451408 0.00428271 0.999991 3.4241
0.999998 0.00204157 -0.000593685 -0.013868 -0.00204427 0.999987 -0.00459181 0.000168313 0.000584303 0.00459301 0.999989 3.48427
0.999998 0.00196465 -0.000813597 -0.0145096 -0.00196851 0.999987 -0.00477104 -0.000277233 0.000804213 0.00477263 0.999988 3.53113
0.999998 0.00173263 -0.000882964 -0.0142817 -0.00173682 0.999987 -0.00477124 -0.000441944 0.000874686 0.00477276 0.999988 3.56367
0.999997 0.00117208 -0.0022244 -0.0147012 -0.00118219 0.999989 -0.00454797 -0.00205631 0.00221905 0.00455058 0.999987 3.58838
0.999741 0.00165957 -0.0226932 -0.0184384 -0.00176224 0.999988 -0.00450517 -0.00162369 0.0226855 0.004544 0.999732 3.60683
0.998429 0.0017663 -0.0560089 -0.0231706 -0.00203685 0.999987 -0.00477378 -0.0021369 0.0559998 0.00488036 0.998419 3.61447
0.995144 0.00158524 -0.0984158 -0.0299313 -0.00201943 0.999989 -0.00431232 -0.00180484 0.0984078 0.00449012 0.995136 3.62034
0.989646 0.00156905 -0.143519 -0.0367266 -0.00215642 0.99999 -0.00393723 -0.00124953 0.143511 0.00420595 0.98964 3.62275
0.981695 0.00184656 -0.190451 -0.0420926 -0.00266612 0.999988 -0.00404714 -0.00196183 0.190442 0.00448083 0.981688 3.62341
0.971213 0.00191961 -0.238206 -0.048766 -0.00291663 0.999988 -0.00383318 -0.00174512 0.238196 0.00441759 0.971207 3.62241
0.958293 0.00230949 -0.285778 -0.0551426 -0.00350932 0.999987 -0.00368641 -0.00171488 0.285766 0.00453555 0.958289 3.61984
0.942931 0.00240157 -0.332978 -0.0613504 -0.00370504 0.999988 -0.00327966 -0.00166642 0.332966 0.00432619 0.942929 3.6164
0.925132 0.00275437 -0.379636 -0.0677027 -0.00425163 0.999986 -0.00310558 -0.00188927 0.379622 0.00448714 0.925131 3.61218
0.904757 0.00179386 -0.425924 -0.0730871 -0.00345249 0.999989 -0.00312221 -0.00220426 0.425914 0.00429534 0.904754 3.60752
0.882602 0.00209971 -0.470117 -0.0781075 -0.00398744 0.999987 -0.00301976 -0.00192095 0.470105 0.00453981 0.882599 3.60206
0.857951 0.00190211 -0.513727 -0.0835208 -0.00392716 0.999988 -0.00285604 -0.00201275 0.513716 0.00446784 0.857949 3.59611
0.831172 0.00190758 -0.556011 -0.0881891 -0.00388623 0.99999 -0.00237868 -0.00191614 0.556001 0.00413789 0.831171 3.58996
0.802234 0.00187014 -0.597006 -0.0926357 -0.00411123 0.999989 -0.00239202 -0.00209494 0.596995 0.00437339 0.802233 3.58322
0.771117 0.00199117 -0.63669 -0.0967087 -0.00417107 0.999989 -0.00192438 -0.00187827 0.636679 0.0041396 0.771117 3.57689
0.738738 0.0018592 -0.67399 -0.100372 -0.00412399 0.99999 -0.0017617 -0.00167477 0.67398 0.00408097 0.738738 3.56982
0.704101 0.00217403 -0.710097 -0.103788 -0.00432442 0.99999 -0.00122634 -0.00162886 0.710087 0.00393422 0.704103 3.5625
0.667655 0.00189218 -0.744468 -0.106396 -0.00408829 0.999991 -0.00112484 -0.00151497 0.744459 0.00379461 0.667657 3.55458
0.629262 0.00241939 -0.777189 -0.109479 -0.00464633 0.999989 -0.000648998 -0.00158371 0.777179 0.00401947 0.629266 3.54734
0.589967 0.00234267 -0.807424 -0.111258 -0.00483776 0.999988 -0.00063347 -0.00172629 0.807413 0.00427985 0.589972 3.53941
0.548624 0.00239599 -0.836066 -0.113036 -0.0048584 0.999988 -0.000322312 -0.00169729 0.836055 0.00423877 0.548629 3.53151
0.50649 0.00231877 -0.862243 -0.114324 -0.00475821 0.999989 -0.000105817 -0.0017495 0.862233 0.00415632 0.506495 3.5236
0.462737 0.00213974 -0.886493 -0.11519 -0.00475551 0.999989 -6.86278e-05 -0.0016474 0.886483 0.00424749 0.462742 3.51549
0.417197 0.00234903 -0.908813 -0.11558 -0.00509887 0.999987 0.00024401 -0.00163841 0.908802 0.00453212 0.417204 3.50739
0.371956 0.00251393 -0.928247 -0.116102 -0.00541047 0.999985 0.000540195 -0.00129812 0.928235 0.00482132 0.371964 3.49995
0.324814 0.00250275 -0.945775 -0.115695 -0.00534919 0.999985 0.000809093 -0.00126121 0.945763 0.00479633 0.324823 3.49175
0.277562 0.00247403 -0.960704 -0.115086 -0.0055307 0.999984 0.000977275 -0.00128412 0.960692 0.00504211 0.277571 3.48379
0.230348 0.0022594 -0.973106 -0.114279 -0.00479214 0.999988 0.00118745 -0.00136154 0.973097 0.00438974 0.230356 3.47587
0.201138 0.00251155 -0.97956 -0.113258 -0.00500616 0.999986 0.00153598 -0.00123559 0.97955 0.00459489 0.201148 3.47104
0.185713 0.00253638 -0.982601 -0.112472 -0.00494574 0.999986 0.00164651 -0.00127735 0.982592 0.00455391 0.185723 3.46911
0.177837 0.00258535 -0.984057 -0.112496 -0.00500859 0.999986 0.00172206 -0.00122866 0.984047 0.00462249 0.177848 3.46817
0.173623 0.00255241 -0.984809 -0.112896 -0.00471942 0.999987 0.00175971 -0.00119607 0.984801 0.00434221 0.173632 3.46777
0.171374 0.00249866 -0.985203 -0.12607 -0.00488351 0.999987 0.00168668 -0.00116885 0.985194 0.00452219 0.171384 3.46964
0.170287 0.00250235 -0.985391 -0.152074 -0.005158 0.999985 0.00164804 -0.00102674 0.985381 0.004802 0.170297 3.47387
0.169803 0.00223705 -0.985475 -0.187059 -0.00465584 0.999988 0.00146777 -0.00104012 0.985467 0.00433899 0.169812 3.48009
0.169342 0.00244277 -0.985554 -0.228403 -0.00530907 0.999985 0.00156631 -0.000699292 0.985543 0.00496714 0.169352 3.48702
0.169074 0.0022223 -0.985601 -0.263225 -0.00521494 0.999985 0.00136014 -0.000483421 0.98559 0.00490989 0.169083 3.49285
0.169344 0.00230484 -0.985554 -0.300246 -0.00498154 0.999986 0.00148263 -0.000348388 0.985544 0.0046585 0.169353 3.49919
0.167729 0.00206842 -0.985831 -0.344844 -0.00471146 0.999988 0.00129652 -1.80442e-05 0.985822 0.00442724 0.167737 3.50709
0.148687 0.00219233 -0.988882 -0.392043 -0.00490708 0.999987 0.00147913 -0.00040373 0.988872 0.00463259 0.148696 3.51132
0.114425 0.00221062 -0.993429 -0.441006 -0.00478522 0.999987 0.00167404 3.67792e-05 0.99342 0.00456223 0.114434 3.51393
0.0722926 0.00193895 -0.997382 -0.479721 -0.00437621 0.999989 0.00162682 -8.33371e-06 0.997374 0.00424714 0.0723003 3.51355
0.0283832 0.00212654 -0.999595 -0.520493 -0.00471039 0.999987 0.00199362 -0.00025992 0.999586 0.0046519 0.0283928 3.5126
0.0010922 0.00212631 -0.999997 -0.565502 -0.00461957 0.999987 0.00212124 -0.00023713 0.999989 0.00461724 0.001102 3.51322
-0.0140632 0.00218085 -0.999899 -0.613402 -0.00429348 0.999988 0.00224143 -0.000356869 0.999892 0.00432457 -0.0140537 3.51407
-0.0214747 0.00218161 -0.999767 -0.665832 -0.00429392 0.999988 0.00227432 -4.80302e-05 0.99976 0.00434176 -0.0214651 3.51512
-0.0265606 0.00206726 -0.999645 -0.707296 -0.00406651 0.999989 0.00217602 0.000161961 0.999639 0.00412286 -0.0265519 3.51571
-0.0480658 0.00217954 -0.998842 -0.735555 -0.00436153 0.999988 0.00239193 0.000376878 0.998835 0.00447145 -0.0480557 3.51418
-0.0832907 0.00184904 -0.996524 -0.755205 -0.00379389 0.99999 0.00217257 -0.000144329 0.996518 0.00396165 -0.0832829 3.50885
-0.125435 0.00216838 -0.992099 -0.766932 -0.00380516 0.999989 0.00266673 0.000195814 0.992095 0.0041096 -0.125425 3.50295
-0.171342 0.0018899 -0.98521 -0.775608 -0.00409676 0.999988 0.00263074 0.000214811 0.985203 0.00448692 -0.171332 3.49703
-0.217785 0.00216728 -0.975994 -0.778234 -0.00358889 0.999989 0.0030214 0.00040846 0.97599 0.00416075 -0.217775 3.49028
-0.265818 0.00206038 -0.964021 -0.779492 -0.00356242 0.999989 0.00311955 0.000274329 0.964017 0.00426348 -0.265808 3.48417
-0.312367 0.00210266 -0.949959 -0.778623 -0.00284277 0.999991 0.00314817 0.000233477 0.949957 0.0036839 -0.312359 3.47849
-0.359497 0.00191774 -0.933144 -0.77667 -0.00262875 0.999992 0.00306786 0.00055905 0.933142 0.00355589 -0.359489 3.47248
-0.405378 0.00193993 -0.914147 -0.773227 -0.00289341 0.99999 0.00340518 0.000813214 0.914145 0.00402539 -0.405368 3.46691
-0.450784 0.00194896 -0.892631 -0.768797 -0.00215043 0.999992 0.00326935 0.00064632 0.89263 0.00339331 -0.450777 3.46152
-0.494729 0.00187424 -0.869045 -0.76366 -0.00235048 0.999991 0.00349472 0.000707713 0.869044 0.00377162 -0.49472 3.45621
-0.537319 0.00191094 -0.843377 -0.757995 -0.00199765 0.999992 0.00353852 0.000619344 0.843377 0.00358609 -0.537311 3.45205
-0.579286 0.00222944 -0.815121 -0.751937 -0.00126871 0.999993 0.00363673 0.000267542 0.815123 0.00314086 -0.579279 3.44705
-0.61885 0.00227041 -0.785506 -0.745513 -0.000904474 0.999993 0.00360293 0.000299234 0.785509 0.00294014 -0.618844 3.44296
-0.657307 0.00218537 -0.75362 -0.738801 -0.001091 0.999992 0.00385137 0.000268569 0.753623 0.00335374 -0.657299 3.43905
-0.694317 0.00228091 -0.719665 -0.731491 -0.000568856 0.999993 0.0037182 0.000177388 0.719669 0.002991 -0.694311 3.43593
-0.729381 0.00206537 -0.684105 -0.724482 -0.000955923 0.999991 0.00403825 0.000260423 0.684107 0.00359938 -0.729372 3.43237
-0.762633 0.00207515 -0.646829 -0.717162 -0.000817372 0.999991 0.00417187 0.000339447 0.646831 0.0037103 -0.762624 3.42934
-0.794224 0.00190156 -0.607622 -0.709386 -0.000698257 0.999992 0.00404218 0.000306598 0.607624 0.00363467 -0.794216 3.42705
-0.823632 0.00220295 -0.56712 -0.701426 -0.000170098 0.999991 0.00413145 0.000434935 0.567125 0.00349926 -0.823625 3.42536
-0.850734 0.00194472 -0.525592 -0.693378 -0.000378663 0.999991 0.00431292 0.000500779 0.525596 0.00386817 -0.850726 3.42385
-0.875806 0.00215914 -0.482658 -0.685537 0.000150028 0.999991 0.00420117 0.000192233 0.482662 0.003607 -0.875799 3.42267
-0.898862 0.00220758 -0.438226 -0.677374 0.000652644 0.999993 0.00369883 0.000131244 0.438231 0.00303873 -0.898857 3.42208
-0.919667 0.00229294 -0.392693 -0.669564 0.000933943 0.999993 0.00365173 0.000113821 0.392698 0.00299162 -0.919662 3.42171
-0.938486 0.00270627 -0.345308 -0.661136 0.00155285 0.999992 0.00361685 9.16222e-05 0.345315 0.00285815 -0.938483 3.42181
-0.954319 0.00230108 -0.29878 -0.653332 0.00129359 0.999993 0.00356974 0.000225168 0.298786 0.00302017 -0.954315 3.42229
-0.968166 0.00207948 -0.2503 -0.644945 0.00129482 0.999994 0.00329953 0.000114511 0.250305 0.0028704 -0.968163 3.42357
-0.979487 0.00212821 -0.201498 -0.636965 0.00148123 0.999993 0.00336158 -0.00021348 0.201503 0.00299416 -0.979483 3.42459
-0.988218 0.00236804 -0.153032 -0.629115 0.0019334 0.999994 0.0029889 -4.30914e-05 0.153038 0.00265781 -0.988217 3.42638
-0.994667 0.00166627 -0.10313 -0.621146 0.00134442 0.999994 0.00319021 -0.000174733 0.103134 0.00303455 -0.994663 3.42854
-0.99852 0.00219715 -0.0543458 -0.61363 0.00203258 0.999993 0.0030832 -6.17509e-05 0.0543522 0.00296818 -0.998517 3.42985
-0.999704 0.0015289 -0.0243011 -0.609743 0.00144958 0.999994 0.00328098 0.000105863 0.024306 0.00324478 -0.999699 3.41783
-0.99996 0.00204887 -0.00868595 -0.608607 0.0020235 0.999994 0.00292896 -4.53282e-05 0.0086919 0.00291127 -0.999958 3.39259
-0.999996 0.00266057 -0.000979614 -0.6084 0.00265766 0.999992 0.00295756 0.000224973 0.000987476 0.00295495 -0.999995 3.35701
-0.999992 0.00194316 0.00360483 -0.608454 0.00195487 0.999993 0.00324862 0.000366195 -0.00359849 0.00325564 -0.999988 3.31458
-0.999981 0.00134511 0.00595141 -0.608596 0.00136564 0.999993 0.00344795 0.000810907 -0.00594673 0.00345601 -0.999976 3.26652
-0.999975 0.00224943 0.00670419 -0.608643 0.00227048 0.999993 0.00313361 0.000905139 -0.00669709 0.00314875 -0.999973 3.2155
-0.99997 0.00219459 0.00741934 -0.608381 0.00221556 0.999994 0.0028195 0.00142179 -0.00741311 0.00283586 -0.999969 3.1612
-0.999969 0.00243478 0.00754244 -0.607993 0.00245554 0.999993 0.00274416 0.00199149 -0.00753571 0.00276259 -0.999968 3.10583
-0.999967 0.00260197 0.00765361 -0.607516 0.00262555 0.999992 0.0030733 0.00219163 -0.00764555 0.0030933 -0.999966 3.04934
-0.999966 0.00252194 0.00787337 -0.606997 0.00254346 0.999993 0.00272523 0.00177658 -0.00786644 0.00274516 -0.999965 2.99201
-0.999965 0.00231604 0.00800691 -0.606766 0.00233943 0.999993 0.00291367 0.00267506 -0.0080001 0.0029323 -0.999964 2.93162
-0.999966 0.00208865 0.00792959 -0.607414 0.00211204 0.999993 0.00294246 0.00326628 -0.0079234 0.00295911 -0.999964 2.86764
-0.999968 0.00129997 0.00791961 -0.606798 0.00132366 0.999995 0.00298637 0.00305864 -0.00791568 0.00299676 -0.999964 2.8084
-0.999968 0.00171713 0.0078282 -0.606656 0.00174018 0.999994 0.00293966 0.00353931 -0.0078231 0.00295319 -0.999965 2.7499
-0.999968 0.00115607 0.00793345 -0.606178 0.00117614 0.999996 0.00252547 0.00255172 -0.0079305 0.00253472 -0.999965 2.68913
-0.999968 0.00163368 0.00785915 -0.606221 0.00165806 0.999994 0.0030959 0.00348719 -0.00785405 0.00310883 -0.999964 2.63013
-0.999967 0.00188262 0.00795198 -0.606154 0.00190209 0.999995 0.00244174 0.00328528 -0.00794734 0.00245678 -0.999965 2.56468
-0.999969 0.00151151 0.00778481 -0.605451 0.0015314 0.999996 0.00255048 0.00408139 -0.00778092 0.00256232 -0.999966 2.50501
-0.999969 0.00168771 0.00769366 -0.604396 0.00170533 0.999996 0.00228419 0.00421903 -0.00768977 0.00229724 -0.999968 2.44559
-0.999967 0.0017338 0.00799321 -0.603974 0.00175311 0.999996 0.00240908 0.00416367 -0.007989 0.00242302 -0.999965 2.38377
-0.999968 0.00116739 0.00786114 -0.603372 0.00118474 0.999997 0.00220317 0.00450899 -0.00785854 0.00221242 -0.999967 2.32371
-0.999968 0.000698946 0.00797309 -0.602371 0.000713471 0.999998 0.00181895 0.00460892 -0.0079718 0.00182458 -0.999967 2.26359
-0.999969 0.00122802 0.00782984 -0.602279 0.00124336 0.999997 0.00195467 0.00484532 -0.00782741 0.00196434 -0.999967 2.20263
-0.99997 0.00111509 0.00770627 -0.601771 0.00112739 0.999998 0.00159109 0.00521046 -0.00770448 0.00159973 -0.999969 2.14301
-0.999969 0.000750958 0.00785579 -0.601607 0.000759345 0.999999 0.00106462 0.00502803 -0.00785498 0.00107056 -0.999969 2.08478
-0.999967 0.000900443 0.00808814 -0.600417 0.000914044 0.999998 0.001678 0.00571573 -0.00808661 0.00168534 -0.999966 2.02317
-0.999966 0.000823391 0.00820048 -0.599863 0.000833528 0.999999 0.0012328 0.00580988 -0.00819946 0.0012396 -0.999966 1.96349
-0.999969 0.000832984 0.00785965 -0.599364 0.000846125 0.999998 0.00166879 0.00625987 -0.00785824 0.00167538 -0.999968 1.90294
-0.999971 0.000685102 0.00757908 -0.599668 0.00069999 0.999998 0.00196191 0.00678104 -0.00757772 0.00196716 -0.999969 1.8446
-0.999967 0.000475783 0.00807166 -0.598867 0.000488118 0.999999 0.00152629 0.00678847 -0.00807092 0.00153018 -0.999966 1.78543
-0.99997 0.000516558 0.00766824 -0.598058 0.000527314 0.999999 0.0014007 0.00709699 -0.0076675 0.0014047 -0.99997 1.72511
-0.999976 0.000453973 0.00685107 -0.597837 0.00046659 0.999998 0.00184006 0.00770558 -0.00685022 0.00184321 -0.999975 1.66383
-0.999976 0.000199681 0.00691043 -0.597075 0.000211026 0.999999 0.00164107 0.00770859 -0.0069101 0.00164249 -0.999975 1.60418
-0.999977 0.000591991 0.00668362 -0.596949 0.00060227 0.999999 0.00153605 0.00774568 -0.0066827 0.00154004 -0.999976 1.54245
-0.999971 0.00111478 0.00746817 -0.595465 0.00112036 0.999999 0.000743509 0.00803393 -0.00746734 0.000751854 -0.999972 1.48339
-0.99997 0.000880157 0.00766759 -0.594492 0.000883975 0.999999 0.00049458 0.00838902 -0.00766715 0.000501343 -0.99997 1.42297
-0.999975 0.000996339 0.00704466 -0.594298 0.000999973 0.999999 0.000512336 0.0078022 -0.00704414 0.000519368 -0.999975 1.36316
-0.999973 0.000627788 0.0073115 -0.593248 0.00063123 1 0.000468522 0.00880026 -0.0073112 0.000473125 -0.999973 1.30349
-0.999975 0.000438693 0.00710333 -0.592224 0.000438424 1 -3.93959e-05 0.00879706 -0.00710334 -3.62806e-05 -0.999975 1.24337
-0.999973 0.00119244 0.00730371 -0.592177 0.00119455 0.999999 0.00028447 0.00928069 -0.00730337 0.000293187 -0.999973 1.18298
-0.999974 0.000890268 0.00716344 -0.592055 0.000894901 0.999999 0.000643609 0.00960728 -0.00716286 0.000650003 -0.999974 1.1215
-0.999975 0.000607476 0.00711451 -0.591132 0.000610209 1 0.000382046 0.0103854 -0.00711428 0.000386377 -0.999975 1.06113
-0.999976 0.00163906 0.0067049 -0.591001 0.00163988 0.999999 0.000116996 0.010285 -0.0067047 0.000127988 -0.999978 1.00168
-0.999976 0.000747332 0.00692636 -0.590619 0.000747896 1 7.88923e-05 0.0107514 -0.0069263 8.40706e-05 -0.999976 0.938445
-0.99997 0.00116209 0.00759538 -0.589331 0.00116053 0.999999 -0.000209187 0.010269 -0.00759561 -0.000200367 -0.999971 0.881318
-0.999971 0.00112086 0.00750198 -0.588963 0.00111785 0.999999 -0.000404525 0.0105451 -0.00750242 -0.000396128 -0.999972 0.821891
-0.999972 0.000907081 0.0074465 -0.589086 0.00090483 1 -0.000305671 0.0101954 -0.00744677 -0.000298924 -0.999972 0.760913
-0.999971 0.00133955 0.00755368 -0.588475 0.00133601 0.999999 -0.000472901 0.0109587 -0.00755431 -0.000462795 -0.999971 0.701853
-0.999972 0.00131825 0.0073106 -0.58751 0.00131405 0.999999 -0.000578822 0.011408 -0.00731136 -0.000569199 -0.999973 0.641553
-0.999968 0.00115369 0.0078928 -0.586747 0.00114969 0.999999 -0.000511536 0.0112813 -0.00789338 -0.000502445 -0.999969 0.58224
-0.999969 0.00101669 0.00782079 -0.586344 0.00101328 0.999999 -0.000439838 0.011737 -0.00782123 -0.0004319 -0.999969 0.522881
-0.999968 0.00139085 0.007884 -0.584827 0.00138515 0.999999 -0.000729538 0.0121603 -0.007885 -0.000718594 -0.999969 0.462418
-0.999969 0.00110088 0.00785466 -0.585054 0.00109314 0.999999 -0.000989499 0.0113089 -0.00785574 -0.000980882 -0.999969 0.41514
-0.999986 0.00127127 0.00517572 -0.584465 0.00126657 0.999999 -0.000911998 0.0122399 -0.00517688 -0.00090543 -0.999986 0.382392
-0.999413 0.00123462 -0.0342235 -0.590931 0.00126153 0.999999 -0.000764498 0.0121824 0.0342226 -0.000807224 -0.999414 0.357684
-0.994644 0.00151223 -0.103349 -0.601521 0.0015882 0.999999 -0.000652863 0.0121467 0.103348 -0.000813505 -0.994645 0.336655
-0.982705 0.000986012 -0.185174 -0.614791 0.00109244 0.999999 -0.00047272 0.0124067 0.185173 -0.000666836 -0.982706 0.321471
-0.961686 0.000659184 -0.274152 -0.629978 0.000777304 1 -0.000322223 0.0128917 0.274152 -0.000522977 -0.961686 0.311015
-0.929667 0.00120329 -0.3684 -0.645759 0.00139016 0.999999 -0.000241845 0.0124086 0.368399 -0.000736969 -0.929667 0.302085
-0.891054 0.0013489 -0.453895 -0.660904 0.00162796 0.999999 -0.000224066 0.0124388 0.453894 -0.000938578 -0.891055 0.298589
-0.842123 0.00110022 -0.539284 -0.676551 0.00154424 0.999999 -0.000371271 0.0123893 0.539283 -0.00114544 -0.842124 0.297933
-0.784141 -0.000105596 -0.620582 -0.692593 0.000289154 1 -0.000535518 0.0127712 0.620582 -0.000599366 -0.784141 0.299668
-0.71951 0.000263851 -0.694482 -0.707933 0.000714408 1 -0.00036023 0.0130511 0.694482 -0.000755333 -0.71951 0.30324
-0.646497 0.000232553 -0.762916 -0.722367 0.000853981 1 -0.000418844 0.0130085 0.762916 -0.000922298 -0.646497 0.309322
-0.567232 0.00079651 -0.823558 -0.736707 0.00157491 0.999999 -0.000117579 0.0128602 0.823557 -0.00136373 -0.567232 0.316556
-0.482129 0.000921792 -0.8761 -0.750238 0.0017716 0.999998 7.72186e-05 0.0130686 0.876099 -0.00151487 -0.48213 0.325247
-0.393893 0.000619932 -0.919156 -0.773553 0.00161281 0.999999 -1.6692e-05 0.0133429 0.919155 -0.001489 -0.393893 0.329471
-0.338008 0.000787085 -0.941143 -0.804258 0.00179142 0.999998 0.000192922 0.0127921 0.941141 -0.00162078 -0.338009 0.324704
-0.308899 0.000432664 -0.951095 -0.839774 0.00148543 0.999999 -2.75311e-05 0.0127557 0.951094 -0.00142129 -0.308899 0.314687
-0.293479 0.000651738 -0.955965 -0.880213 0.00165166 0.999999 0.000174703 0.013015 0.955964 -0.00152765 -0.29348 0.30178
-0.285406 0.000607151 -0.958407 -0.912668 0.00132773 0.999999 0.000238114 0.0129822 0.958406 -0.00120454 -0.285406 0.29076
-0.281498 0.000838824 -0.959562 -0.935136 0.00154624 0.999999 0.000420568 0.0131187 0.959561 -0.00136532 -0.281499 0.282575
-0.277301 0.00100387 -0.960783 -0.952022 0.00171714 0.999998 0.000549245 0.0133009 0.960782 -0.00149749 -0.277302 0.277264
-0.237806 0.000857853 -0.971312 -0.968159 0.00146977 0.999999 0.000523344 0.0132698 0.971312 -0.00130316 -0.237807 0.278214
-0.169514 0.000662839 -0.985528 -0.982803 0.00148194 0.999999 0.000417674 0.0134209 0.985527 -0.00138969 -0.169515 0.284287
-0.0867884 0.000598186 -0.996227 -0.995367 0.00105058 0.999999 0.000508928 0.0135724 0.996226 -0.00100245 -0.0867889 0.294351
0.00143899 0.00079813 -0.999999 -1.00674 0.00188065 0.999998 0.000800836 0.0132577 0.999997 -0.0018818 0.00143749 0.305678
0.0587878 0.000672113 -0.99827 -1.02735 0.0013599 0.999999 0.000753361 0.0133955 0.99827 -0.00140183 0.0587869 0.313034
0.0876123 0.000261965 -0.996155 -1.05745 0.00139818 0.999999 0.000385947 0.0133242 0.996154 -0.00142662 0.0876118 0.317726
0.102243 0.000140401 -0.994759 -1.09495 0.00110512 0.999999 0.000254726 0.0132226 0.994759 -0.00112537 0.102242 0.321222
0.110162 0.00017494 -0.993914 -1.13944 0.00119867 0.999999 0.000308868 0.0134598 0.993913 -0.0012254 0.110162 0.32552
0.11393 0.000185839 -0.993489 -1.18579 0.00135332 0.999999 0.00034225 0.0138895 0.993488 -0.0013835 0.113929 0.330182
0.116263 0.000401308 -0.993218 -1.22608 0.00111777 0.999999 0.000534891 0.0133931 0.993218 -0.00117238 0.116263 0.332671
0.117323 0.000246272 -0.993094 -1.2664 0.00120837 0.999999 0.00039074 0.01402 0.993093 -0.00124587 0.117323 0.336504
0.117537 -8.77924e-05 -0.993069 -1.313 0.0014857 0.999999 8.74383e-05 0.0135722 0.993067 -0.00148568 0.117537 0.340957
0.117904 2.68579e-05 -0.993025 -1.36241 0.00152052 0.999999 0.000207581 0.0140693 0.993024 -0.00153439 0.117904 0.345911
0.120686 -8.9895e-05 -0.992691 -1.41475 0.00129562 0.999999 6.69577e-05 0.0139713 0.99269 -0.00129423 0.120686 0.352516
0.159581 0.000660576 -0.987185 -1.45728 0.000915764 0.999999 0.000817186 0.0126827 0.987184 -0.00103444 0.15958 0.364569
0.227645 0.000399611 -0.973744 -1.48942 0.00105714 0.999999 0.000657527 0.0126346 0.973744 -0.00117907 0.227645 0.378874
0.307701 9.16842e-05 -0.951483 -1.51165 0.000749352 1 0.000338693 0.012527 0.951483 -0.000817212 0.307701 0.394742
0.394704 0.000327782 -0.918808 -1.52782 0.000703173 1 0.000658818 0.012662 0.918808 -0.000906119 0.394703 0.411803
0.476467 -0.000280103 -0.879192 -1.53714 0.00146095 0.999999 0.000473152 0.0128055 0.879191 -0.0015099 0.476467 0.428185
0.526793 -7.6495e-05 -0.849993 -1.54606 0.00116442 0.999999 0.000631666 0.012015 0.849993 -0.0013225 0.526793 0.438882
0.551992 -0.000323923 -0.833849 -1.55105 0.00158394 0.999999 0.00066007 0.012288 0.833848 -0.00168512 0.551992 0.444016
0.567082 -0.000122088 -0.823661 -1.55465 0.00155619 0.999998 0.000923194 0.0123374 0.82366 -0.0018053 0.567081 0.447125
0.606217 -8.29536e-05 -0.7953 -1.55579 0.00096129 0.999999 0.000628438 0.0119608 0.795299 -0.00114548 0.606216 0.455027
0.661809 -0.00024077 -0.749672 -1.55422 0.00132619 0.999999 0.000849588 0.0121666 0.749671 -0.00155647 0.661808 0.466535
0.724332 3.32606e-06 -0.689452 -1.5498 0.000645943 1 0.000683446 0.012291 0.689451 -0.000940388 0.724331 0.479964
0.784016 -5.23555e-05 -0.62074 -1.54348 0.000764165 0.999999 0.000880824 0.0124334 0.62074 -0.00116493 0.784016 0.492834
0.840552 6.8876e-05 -0.541731 -1.5355 0.000380807 1 0.000718002 0.0125804 0.541731 -0.000809813 0.840551 0.506157
0.888901 -0.000225157 -0.4581 -1.52566 0.000704678 0.999999 0.000875861 0.0125691 0.4581 -0.00110137 0.8889 0.518345
0.930076 -0.000326472 -0.367368 -1.51441 0.000976626 0.999998 0.00158387 0.0124191 0.367366 -0.0018319 0.930074 0.529694
0.961973 -0.000848697 -0.273143 -1.50406 0.00128194 0.999998 0.00140767 0.0123172 0.273142 -0.0017043 0.961972 0.541837
0.984025 -0.000551575 -0.178028 -1.49432 0.000850213 0.999998 0.00160119 0.0124386 0.178027 -0.00172697 0.984024 0.564583
0.992899 -0.000310766 -0.118957 -1.49244 0.000493694 0.999999 0.00150829 0.0127735 0.118957 -0.00155631 0.992898 0.594629
0.996113 -0.000254744 -0.0880859 -1.49361 0.000393383 0.999999 0.00155655 0.0129556 0.0880854 -0.00158515 0.996112 0.632349
0.997422 -0.000115195 -0.0717629 -1.49736 0.000209517 0.999999 0.00130682 0.0129639 0.0717627 -0.00131849 0.997421 0.674968
0.998009 -0.00029699 -0.0630712 -1.50159 0.00039432 0.999999 0.00153073 0.0120652 0.0630707 -0.00155256 0.998008 0.711872
0.998265 -0.000183405 -0.0588789 -1.50514 0.000274239 0.999999 0.00153463 0.0124864 0.0588786 -0.00154812 0.998264 0.748123
0.998384 -0.000377572 -0.0568292 -1.50932 0.00045932 0.999999 0.00142543 0.0124279 0.0568286 -0.00144923 0.998383 0.792334
0.998436 -0.000346186 -0.0559061 -1.51303 0.000427142 0.999999 0.00143613 0.0127345 0.0559055 -0.00145776 0.998435 0.840689
0.998466 -0.000244951 -0.0553747 -1.51695 0.000333659 0.999999 0.00159272 0.0120925 0.0553743 -0.00160875 0.998464 0.891235
0.998474 -0.00038555 -0.0552312 -1.52112 0.000433837 1 0.000862283 0.0117539 0.0552308 -0.000884929 0.998473 0.948213
0.998474 -0.000376178 -0.0552143 -1.52497 0.00042273 1 0.000831452 0.0123008 0.0552139 -0.000853525 0.998474 1.00391
0.998486 8.85897e-05 -0.0550022 -1.52831 -6.01402e-05 1 0.000518898 0.0121339 0.0550022 -0.000514804 0.998486 1.0607
0.998491 -6.04618e-05 -0.0549224 -1.53205 0.000114241 1 0.000976041 0.0116025 0.0549223 -0.000980842 0.99849 1.11735
0.998477 -0.000301947 -0.0551627 -1.53626 0.00034358 1 0.000745262 0.0128881 0.0551624 -0.00076308 0.998477 1.17618
0.998509 -0.000479985 -0.054583 -1.54027 0.000525977 1 0.000828248 0.0121246 0.0545825 -0.000855723 0.998509 1.23633
0.998505 -0.000335496 -0.0546538 -1.54398 0.000380936 1 0.000820995 0.0124619 0.0546535 -0.000840588 0.998505 1.29473
0.998495 -0.000471184 -0.0548343 -1.547 0.000511178 1 0.000715346 0.0125774 0.0548339 -0.000742299 0.998495 1.35445
0.998508 -0.000218307 -0.0545978 -1.55032 0.000262553 1 0.000803241 0.0119473 0.0545976 -0.000816378 0.998508 1.41284
0.998523 0.000361976 -0.0543269 -1.55144 -0.000323756 1 0.000712309 0.0115513 0.0543272 -0.000693669 0.998523 1.47168
0.998502 -0.000325728 -0.0547066 -1.55735 0.000354454 1 0.000515385 0.0108117 0.0547065 -0.000534004 0.998502 1.53318
0.998505 -0.000298624 -0.0546616 -1.56088 0.000325854 1 0.000489239 0.0111012 0.0546614 -0.00050632 0.998505 1.59285
0.998495 -0.000432443 -0.0548355 -1.5639 0.000453496 1 0.000371491 0.0109317 0.0548354 -0.0003958 0.998495 1.65077
0.998628 -0.000229544 -0.052366 -1.56623 0.000252826 1 0.000437974 0.0111535 0.0523659 -0.000450613 0.998628 1.69785
0.999918 -7.91236e-05 -0.0127695 -1.56262 8.85561e-05 1 0.000738107 0.0114072 0.0127694 -0.000739178 0.999918 1.73455
0.998448 -0.000144361 0.0556962 -1.55386 0.000113077 1 0.000564838 0.0117195 -0.0556963 -0.000557663 0.998448 1.76214
0.990294 -0.000363622 0.138985 -1.54138 0.000255101 1 0.000798625 0.0120083 -0.138985 -0.000755419 0.990294 1.78467
0.974042 -0.000464097 0.226367 -1.52533 0.000274367 1 0.000869612 0.0118525 -0.226367 -0.000784931 0.974042 1.81322
0.959793 -0.000431138 0.280708 -1.51141 0.000261997 1 0.000640077 0.0116338 -0.280708 -0.000540797 0.959793 1.84771
0.951495 0.000922833 0.307664 -1.49852 -0.00092729 1 -0.000131709 0.0115475 -0.307664 -0.000159973 0.951495 1.88982
0.947172 0.000987683 0.320725 -1.48558 -0.00104256 0.999999 -6.10451e-07 0.011754 -0.320725 -0.000333798 0.947172 1.9355
0.950995 0.00108718 0.309203 -1.47522 -0.00117334 0.999999 9.26975e-05 0.0119933 -0.309203 -0.000450954 0.950996 1.98332
0.960027 0.000780612 0.279908 -1.47018 -0.000864668 1 0.000176817 0.012607 -0.279908 -0.000411776 0.960027 2.02103
0.970398 0.000656629 0.241511 -1.46911 -0.000743985 1 0.000270515 0.0123988 -0.241511 -0.000442188 0.970398 2.04789
0.980214 -6.2916e-05 0.19794 -1.47039 7.18954e-06 1 0.000282251 0.0130964 -0.19794 -0.000275243 0.980214 2.06799
0.98844 -0.000103218 0.151613 -1.47394 3.06625e-05 1 0.000480893 0.0132286 -0.151613 -0.000470685 0.98844 2.08112
0.99469 5.4053e-06 0.102919 -1.47884 -2.06711e-05 1 0.000147262 0.0131592 -0.102919 -0.000148608 0.99469 2.08919
0.998547 -0.000231314 0.0538847 -1.48439 0.000215178 1 0.000305248 0.0131044 -0.0538847 -0.00029321 0.998547 2.09413
0.999989 -0.000367963 0.00469506 -1.49027 0.000367053 1 0.000194704 0.0131752 -0.00469513 -0.000192979 0.999989 2.09801
0.999006 -0.000229982 -0.0445684 -1.49587 0.000242537 1 0.000276307 0.013453 0.0445683 -0.000286842 0.999006 2.11189
0.995668 -0.000385516 -0.0929833 -1.50302 0.000415237 1 0.000300289 0.0137662 0.0929832 -0.000337598 0.995668 2.13753
0.992404 -0.000620137 -0.123017 -1.50879 0.000661748 1 0.0002974 0.0138046 0.123017 -0.000376547 0.992405 2.17346
0.990412 -0.000767791 -0.13814 -1.51372 0.000765878 1 -6.70021e-05 0.0136751 0.13814 -3.94388e-05 0.990413 2.21554
0.989264 -0.000463135 -0.146141 -1.52006 0.000472948 1 3.24033e-05 0.0138028 0.146141 -0.000101173 0.989264 2.26349
0.988646 -0.000411668 -0.150261 -1.52634 0.000414983 1 -9.29525e-06 0.0138947 0.150261 -5.3166e-05 0.988646 2.31437
0.988338 -0.000376628 -0.152276 -1.53335 0.000376027 1 -3.27451e-05 0.0142538 0.152276 -2.48965e-05 0.988338 2.36755
0.988201 -0.000526372 -0.153162 -1.54102 0.000497831 1 -0.000224696 0.0144028 0.153162 0.000145796 0.988201 2.42348
0.988086 -0.00019769 -0.153904 -1.54979 0.000159704 1 -0.000259174 0.0140124 0.153904 0.000231507 0.988086 2.47968
0.988079 -0.00083869 -0.153944 -1.55787 0.000834407 1 -9.24315e-05 0.0142962 0.153944 -3.71221e-05 0.98808 2.53688
0.988042 -0.0012176 -0.15418 -1.56642 0.0012348 0.999999 1.58014e-05 0.0149251 0.15418 -0.000205994 0.988043 2.59465
0.988053 -0.00124978 -0.154108 -1.57507 0.00120303 0.999999 -0.00039662 0.0151972 0.154108 0.000206486 0.988054 2.65299
0.988042 -0.00103984 -0.154179 -1.58466 0.000977017 0.999999 -0.000483223 0.0153706 0.154179 0.000326809 0.988043 2.71192
0.988055 -0.00165287 -0.15409 -1.59336 0.0015736 0.999999 -0.000636405 0.016463 0.154091 0.000386328 0.988057 2.77039
0.987986 -0.00164601 -0.154533 -1.60391 0.00158121 0.999999 -0.000542219 0.0159123 0.154534 0.000291356 0.987987 2.82997
0.988018 -0.00148611 -0.154329 -1.61254 0.00139985 0.999999 -0.000667588 0.0161698 0.15433 0.000443551 0.988019 2.88909
0.988025 -0.00161551 -0.154286 -1.62145 0.00150401 0.999999 -0.000839394 0.0165481 0.154287 0.000597294 0.988026 2.94755
0.988027 -0.00158341 -0.154275 -1.63105 0.00149509 0.999999 -0.000688526 0.0164314 0.154276 0.000449627 0.988028 3.00625
0.988062 -0.00154982 -0.15405 -1.63959 0.00150951 0.999999 -0.000378581 0.0161649 0.154051 0.00014152 0.988063 3.06421
0.988039 -0.000585681 -0.154202 -1.64929 0.000533054 1 -0.000382631 0.0146852 0.154202 0.000295857 0.988039 3.12492
0.988475 -0.00142327 -0.151377 -1.6601 0.00130402 0.999999 -0.000887095 0.0162405 0.151378 0.000679473 0.988476 3.18587
0.993654 -0.00152755 -0.112466 -1.66321 0.00141652 0.999998 -0.00106718 0.0158655 0.112468 0.000901093 0.993655 3.24779
0.999077 -0.0019877 -0.0429104 -1.66152 0.00195484 0.999998 -0.000807739 0.0161147 0.0429119 0.00072311 0.999079 3.31178
0.999183 -0.00103233 0.0404053 -1.65569 0.00107011 0.999999 -0.000913408 0.0151079 -0.0404043 0.0009559 0.999183 3.36298
0.991796 -0.00131925 0.12782 -1.64637 0.00145604 0.999998 -0.000976701 0.0154083 -0.127819 0.0011548 0.991797 3.40043
0.983059 -0.00120646 0.183286 -1.64044 0.00137344 0.999999 -0.000784143 0.015588 -0.183285 0.00102259 0.983059 3.42655
0.977479 -0.00101095 0.21103 -1.63903 0.00123811 0.999999 -0.000944288 0.0153425 -0.211029 0.0011843 0.977479 3.44437
0.973649 -0.00087529 0.228052 -1.63791 0.00109806 0.999999 -0.000849962 0.0157237 -0.228051 0.00107798 0.973649 3.45746
0.961708 -0.00130031 0.274072 -1.63021 0.00143071 0.999999 -0.00027592 0.0148946 -0.274071 0.000657473 0.961709 3.46503
0.939581 -0.00117088 0.342324 -1.61933 0.00133076 0.999999 -0.000232184 0.015224 -0.342324 0.000673708 0.939582 3.47207
0.906452 -0.00152723 0.422306 -1.60551 0.00171586 0.999999 -6.65679e-05 0.0152045 -0.422305 0.000784958 0.906453 3.47633
0.864158 -0.00118483 0.50322 -1.59129 0.00128969 0.999999 0.000139778 0.0153248 -0.50322 0.000528206 0.864158 3.47819
0.811393 -0.00154476 0.584499 -1.5758 0.00173741 0.999998 0.000231016 0.0153938 -0.584498 0.00082807 0.811395 3.47774
0.750382 -0.00214383 0.661001 -1.56084 0.00241583 0.999997 0.000500787 0.0146751 -0.661 0.00122109 0.750385 3.47442
0.683456 -0.00240812 0.729988 -1.54688 0.00270407 0.999996 0.000767136 0.0151386 -0.729987 0.00144964 0.68346 3.46963
0.638035 -0.00178899 0.770005 -1.53827 0.00188437 0.999998 0.000761939 0.015364 -0.770005 0.000964832 0.638037 3.46593
0.61446 -0.00232145 0.788945 -1.53417 0.00236016 0.999997 0.00110428 0.0152664 -0.788945 0.0011835 0.614463 3.46399
0.601678 -0.00206281 0.798736 -1.53212 0.00201237 0.999997 0.0010667 0.0151531 -0.798736 0.000965538 0.601681 3.46336
0.595109 -0.00160434 0.803644 -1.53182 0.00169349 0.999998 0.000742284 0.0149749 -0.803644 0.000919221 0.59511 3.46371
0.589169 -0.00159079 0.808008 -1.53062 0.00147047 0.999999 0.000896569 0.0151949 -0.808008 0.000659921 0.589171 3.46343
0.555279 -0.00181351 0.831662 -1.52516 0.00166299 0.999998 0.00107024 0.0152088 -0.831662 0.000788764 0.555281 3.45969
0.496018 -0.00211586 0.86831 -1.51622 0.00181253 0.999997 0.00140135 0.0152491 -0.868311 0.000878744 0.49602 3.45287
0.421547 -0.00214428 0.906804 -1.50625 0.00183735 0.999997 0.00151052 0.0153877 -0.906805 0.00102937 0.42155 3.44328
0.335883 -0.00233448 0.941901 -1.49613 0.00236065 0.999996 0.00163665 0.0149566 -0.941901 0.00167378 0.335887 3.43245
0.246896 -0.00236103 0.969039 -1.48619 0.00226301 0.999996 0.00185988 0.015206 -0.969039 0.00173375 0.2469 3.4208
0.190291 -0.00228783 0.981725 -1.46765 0.00215248 0.999996 0.00191319 0.0152719 -0.981725 0.00174908 0.190295 3.41569
0.160351 -0.00238305 0.987057 -1.43919 0.00227451 0.999995 0.00204479 0.0150247 -0.987057 0.00191719 0.160355 3.4179
0.144872 -0.00252906 0.989447 -1.40257 0.00185173 0.999996 0.0022849 0.0154239 -0.989449 0.00150117 0.144876 3.42182
0.136772 -0.00207904 0.9906 -1.35908 0.00142572 0.999997 0.00190191 0.0156312 -0.990602 0.00115219 0.136774 3.42907
0.132607 -0.00191627 0.991167 -1.31212 0.00117473 0.999998 0.00177618 0.0159474 -0.991168 0.000928821 0.132609 3.43627
0.130285 -0.00186304 0.991475 -1.26147 0.00129337 0.999998 0.0017091 0.0160226 -0.991476 0.00105968 0.130287 3.44289
0.129346 -0.0017925 0.991598 -1.2095 0.00128599 0.999998 0.00163994 0.0159404 -0.991599 0.00106307 0.129348 3.45055
0.128624 -0.00183692 0.991692 -1.15479 0.00122415 0.999998 0.00169354 0.0162189 -0.991693 0.000996147 0.128625 3.4586
0.128154 -0.00126578 0.991753 -1.10058 0.00126265 0.999999 0.00111314 0.015452 -0.991753 0.00110958 0.128155 3.46506
0.128108 -0.0012141 0.991759 -1.04363 0.00107332 0.999999 0.00108554 0.0155437 -0.99176 0.000925412 0.128109 3.47304
0.127634 -0.00130505 0.99182 -0.986285 0.00127019 0.999999 0.00115236 0.0155295 -0.991821 0.00111272 0.127635 3.48056
0.124984 -0.00142551 0.992158 -0.929184 0.00149123 0.999998 0.00124892 0.0156984 -0.992158 0.00132344 0.124986 3.48795
0.0858783 -0.00101731 0.996305 -0.880168 0.000865298 0.999999 0.000946497 0.0156207 -0.996305 0.000780818 0.0858791 3.48812
0.0174979 -0.00160844 0.999846 -0.844882 0.00139311 0.999998 0.0015843 0.0168876 -0.999846 0.00136517 0.0175001 3.48341
-0.0659924 -0.00167138 0.997819 -0.816533 0.00120944 0.999998 0.00175502 0.0172032 -0.997819 0.00132262 -0.0659903 3.47337
-0.156644 -0.00176086 0.987654 -0.795075 0.000977369 0.999998 0.00193788 0.0173167 -0.987655 0.00126886 -0.156642 3.46062
-0.247868 -0.00190222 0.968792 -0.767552 0.000208153 0.999998 0.00201675 0.0175728 -0.968794 0.000701545 -0.247867 3.44507
-0.302623 -0.00152197 0.953109 -0.732215 -5.76708e-05 0.999999 0.00157854 0.0167577 -0.95311 0.000422735 -0.302623 3.43135
-0.330912 -0.000627393 0.943661 -0.686474 -0.00026849 1 0.000570699 0.015494 -0.943662 -6.4513e-05 -0.330912 3.41902
-0.344397 -0.000575215 0.938824 -0.641586 6.13891e-05 1 0.000635218 0.0155534 -0.938824 0.0002764 -0.344397 3.40577
-0.33267 -0.000451985 0.943043 -0.60649 -0.000388551 1 0.000342217 0.0159642 -0.943043 -0.000252575 -0.33267 3.39902
-0.30454 -0.000127572 0.952499 -0.580307 -0.000245129 1 5.55599e-05 0.0157737 -0.952499 -0.000216565 -0.30454 3.39711
-0.266446 -0.000386295 0.96385 -0.56343 -0.00049526 1 0.000263874 0.0154434 -0.96385 -0.000407047 -0.266446 3.39871
-0.222537 -0.000696885 0.974924 -0.551411 0.000149616 1 0.000748961 0.0168094 -0.974924 0.000312536 -0.222537 3.4037
-0.17797 -0.000773437 0.984036 -0.542806 0.000841955 0.999999 0.000938258 0.0171467 -0.984036 0.000995495 -0.177969 3.40865
-0.149624 -0.000665856 0.988743 -0.536115 3.60839e-05 1 0.000678898 0.0169148 -0.988743 0.000137257 -0.149624 3.41121
-0.134801 -0.000661263 0.990872 -0.51844 -6.67204e-05 1 0.000658278 0.0167245 -0.990873 2.26253e-05 -0.134801 3.4102
-0.127284 -0.000608068 0.991866 -0.488849 0.00017455 1 0.000635454 0.0165558 -0.991866 0.000254013 -0.127284 3.40676
-0.123263 -0.000513674 0.992374 -0.451324 -0.000105172 1 0.000504558 0.0160338 -0.992374 -4.21769e-05 -0.123263 3.40071
-0.121383 -0.000455729 0.992606 -0.408053 6.13359e-05 1 0.000466625 0.0160054 -0.992606 0.000117523 -0.121383 3.39501
-0.120493 -0.000258758 0.992714 -0.37335 -9.50829e-05 1 0.000249117 0.0162345 -0.992714 -6.43733e-05 -0.120493 3.39069
-0.118666 -0.000220168 0.992934 -0.348098 -0.000384563 1 0.000175775 0.016131 -0.992934 -0.000360987 -0.118667 3.38719
-0.0988884 -0.000176529 0.995099 -0.331944 -0.000242061 1 0.000153344 0.0159366 -0.995098 -0.00022571 -0.0988885 3.38826
-0.0644815 -0.000353848 0.997919 -0.321174 0.000551874 1 0.000390246 0.0173064 -0.997919 0.000575889 -0.0644813 3.39161
-0.0220033 -0.000473006 0.999758 -0.313773 0.000578144 1 0.000485845 0.0173836 -0.999758 0.000588694 -0.0220031 3.39684
0.0239854 -0.000450571 0.999712 -0.308768 0.000887908 1 0.000429398 0.0174803 -0.999712 0.000877353 0.0239858 3.40291
0.0702583 -0.00048798 0.997529 -0.293457 0.000726156 1 0.000438044 0.0174485 -0.997529 0.000693586 0.0702586 3.40982
0.0986473 -0.000364502 0.995122 -0.265746 0.000776284 1 0.000289335 0.0173774 -0.995122 0.000743955 0.0986475 3.41497
0.113293 -0.000248667 0.993562 -0.229059 0.000559307 1 0.000186502 0.0172311 -0.993561 0.000534576 0.113293 3.41916
0.120843 -0.000334967 0.992672 -0.185059 0.00088266 1 0.000229989 0.0183529 -0.992671 0.000848399 0.120843 3.42405
0.124876 -9.42217e-05 0.992172 -0.15054 0.000783571 1 -3.65647e-06 0.0175771 -0.992172 0.000777894 0.124876 3.42707
0.127152 -0.000270586 0.991883 -0.111649 0.000594431 1 0.000196599 0.0170761 -0.991883 0.000564609 0.127152 3.43158
0.128095 -1.32752e-05 0.991762 -0.0689653 0.000503301 1 -5.16206e-05 0.0173819 -0.991762 0.000505767 0.128095 3.43532
0.128745 -0.000183536 0.991678 -0.0190788 0.000549048 1 0.000113796 0.017163 -0.991678 0.000529828 0.128745 3.44191
0.129004 -0.000249404 0.991644 0.0330801 0.000854849 1 0.000140298 0.0175511 -0.991644 0.000829607 0.129004 3.44846
0.128838 -4.1887e-05 0.991666 0.0863249 0.000882287 1 -7.2388e-05 0.0171965 -0.991665 0.00088426 0.128838 3.45526
0.128914 -0.000312186 0.991656 0.141137 0.000600071 1 0.000236804 0.0175126 -0.991656 0.000564536 0.128915 3.46202
0.128749 -0.000175868 0.991677 0.196603 0.000822086 1 7.06135e-05 0.0172835 -0.991677 0.000806153 0.128749 3.47033
0.129081 6.21452e-05 0.991634 0.254212 0.000867221 1 -0.000175556 0.017571 -0.991634 0.000882627 0.129081 3.47764
0.129017 0.000234579 0.991642 0.311644 0.000779065 1 -0.000337916 0.0179771 -0.991642 0.000816151 0.129017 3.4852
0.128973 0.000153516 0.991648 0.370313 0.00105798 0.999999 -0.00029241 0.0178241 -0.991648 0.00108686 0.128973 3.49284
0.129035 9.07734e-05 0.99164 0.428574 0.00095429 1 -0.000215714 0.0179349 -0.99164 0.000974147 0.129035 3.49979
0.129029 0.000336676 0.991641 0.487405 0.00106239 0.999999 -0.000477749 0.0175943 -0.99164 0.00111515 0.129029 3.50886
0.129507 5.87965e-05 0.991579 0.546541 0.00107244 0.999999 -0.000199364 0.0175571 -0.991578 0.00108923 0.129506 3.51668
0.126909 9.14269e-05 0.991914 0.60602 0.00125392 0.999999 -0.000252602 0.0177672 -0.991914 0.00127583 0.126908 3.52452
0.0873007 0.000474013 0.996182 0.667826 0.00136956 0.999999 -0.00059585 0.0177713 -0.996181 0.00141635 0.0873 3.52644
0.0191722 0.000120164 0.999816 0.73195 0.00136923 0.999999 -0.000146442 0.0172741 -0.999815 0.00137179 0.019172 3.52294
-0.0646266 0.000543084 0.997909 0.795907 0.00107282 0.999999 -0.000474743 0.0172508 -0.997909 0.0010399 -0.0646271 3.51477
-0.15501 -0.000113273 0.987913 0.847455 0.000852489 1 0.00024842 0.0185531 -0.987912 0.000880693 -0.15501 3.50535
-0.249022 9.92739e-05 0.968498 0.883342 0.00133668 0.999999 0.000241186 0.0185796 -0.968497 0.00135463 -0.249022 3.49225
-0.341158 9.89202e-05 0.940006 0.908014 0.00123549 0.999999 0.000343165 0.0186293 -0.940005 0.00127844 -0.341158 3.47836
-0.431653 -0.000403759 0.90204 0.924972 0.000570611 1 0.000720661 0.0189651 -0.90204 0.000825789 -0.431652 3.46384
-0.518659 -0.000198528 0.854981 0.935067 0.00116889 0.999999 0.000941287 0.0189207 -0.854981 0.00148759 -0.518658 3.44877
-0.601308 -0.000617755 0.799017 0.941435 1.61176e-05 1 0.000785273 0.0183519 -0.799017 0.000485069 -0.601308 3.43303
-0.676974 -0.000831803 0.736006 0.942698 -0.000287955 1 0.000865297 0.0185756 -0.736007 0.000373847 -0.676974 3.41852
-0.747534 -0.00084804 0.664223 0.940723 -0.000476923 1 0.000739998 0.0185462 -0.664223 0.00023639 -0.747534 3.40384
-0.810009 -0.000721677 0.586418 0.936091 -0.000175352 0.999999 0.000988442 0.0185865 -0.586418 0.000697817 -0.810008 3.39016
-0.864343 -0.000911639 0.502902 0.928743 -0.000711361 1 0.000590131 0.0186605 -0.502903 0.00015233 -0.864343 3.3772
-0.910111 -0.000783968 0.414365 0.919041 -0.000569592 1 0.000640925 0.0181069 -0.414365 0.000347293 -0.910111 3.36438
-0.946581 -0.00108719 0.322463 0.90892 -0.000949623 0.999999 0.000583924 0.0183455 -0.322463 0.000246514 -0.946582 3.35359
-0.974059 -0.00115849 0.22629 0.896496 -0.00112398 0.999999 0.000281338 0.0180015 -0.22629 1.96941e-05 -0.97406 3.34407
-0.991777 -0.0014394 0.127973 0.884002 -0.00142377 0.999999 0.000213618 0.0177485 -0.127973 2.96571e-05 -0.991778 3.3367
-0.999588 -0.00130679 0.0286872 0.870268 -0.00130757 0.999999 -8.26624e-06 0.0180528 -0.0286872 -4.57732e-05 -0.999588 3.32923
-0.997364 -0.000802745 -0.0725615 0.854915 -0.000782173 1 -0.000311934 0.0184118 0.0725618 -0.000254356 -0.997364 3.32393
-0.985784 -0.00131982 -0.168013 0.839065 -0.00125825 0.999999 -0.000472909 0.0186955 0.168014 -0.000254784 -0.985785 3.30687
-0.973849 -0.00125303 -0.227195 0.826297 -0.0011891 0.999999 -0.000418252 0.0187077 0.227195 -0.000137158 -0.973849 3.27913
-0.966338 -0.00134243 -0.257272 0.815321 -0.00128355 0.999999 -0.000396782 0.0187373 0.257272 -5.32046e-05 -0.966339 3.24301
-0.962086 -0.00107153 -0.272744 0.804526 -0.000930833 0.999999 -0.000645238 0.0186137 0.272744 -0.000366896 -0.962087 3.20054
-0.959802 -0.00205385 -0.280671 0.793126 -0.00186193 0.999998 -0.00095044 0.0184756 0.280673 -0.000389645 -0.959803 3.15421
-0.95899 -0.00229251 -0.283431 0.784385 -0.00200855 0.999997 -0.00129245 0.0183232 0.283433 -0.00067016 -0.958992 3.11895
-0.963934 -0.00209864 -0.266132 0.781061 -0.00188085 0.999998 -0.00107321 0.0186898 0.266134 -0.000533946 -0.963936 3.09267
-0.972155 -0.0016672 -0.234334 0.782358 -0.00147344 0.999998 -0.00100192 0.0185984 0.234335 -0.000628739 -0.972156 3.07488
-0.980964 -0.00187647 -0.194179 0.785708 -0.00172602 0.999998 -0.000943997 0.0188267 0.19418 -0.000590871 -0.980966 3.06245
-0.988756 -0.00136386 -0.149532 0.791173 -0.00132622 0.999999 -0.000351493 0.0187505 0.149533 -0.000149229 -0.988757 3.05576
-0.994606 -0.00103956 -0.103718 0.796907 -0.00103626 0.999999 -8.57099e-05 0.0186087 0.103718 2.2231e-05 -0.994607 3.05065
-0.997183 -0.00101325 -0.075004 0.800062 -0.00100151 0.999999 -0.000194073 0.0187818 0.0750042 -0.000118409 -0.997183 3.04685
-0.998236 -0.000707191 -0.0593711 0.801259 -0.000695435 1 -0.00021866 0.0188527 0.0593713 -0.000176985 -0.998236 3.04381
-0.998647 -0.00107278 -0.0519822 0.80169 -0.00105783 0.999999 -0.00031515 0.0186315 0.0519825 -0.000259736 -0.998648 3.04199
-0.998825 -0.000810179 -0.048453 0.801351 -0.000802525 1 -0.000177416 0.0187991 0.0484531 -0.000138322 -0.998825 3.04024
-0.998914 -0.000862535 -0.0465843 0.801255 -0.000851028 1 -0.000266843 0.0188729 0.0465845 -0.000226909 -0.998914 3.0392
-0.998963 -0.000914568 -0.0455138 0.801142 -0.000901376 1 -0.000310373 0.0188475 0.0455141 -0.000269026 -0.998964 3.03741
-0.998998 -0.000791798 -0.0447567 0.800311 -0.000779355 1 -0.000295468 0.0189872 0.044757 -0.00026029 -0.998998 3.02285
-0.999008 -0.000906613 -0.0445227 0.799127 -0.000892775 1 -0.000330688 0.0188661 0.044523 -0.000290611 -0.999008 2.99553
-0.999032 -0.00108384 -0.043975 0.79783 -0.00105998 0.999999 -0.000565792 0.0191181 0.0439756 -0.000518632 -0.999032 2.95968
-0.999027 -0.000961979 -0.0440821 0.796126 -0.00093753 0.999999 -0.000575289 0.0192257 0.0440826 -0.000533401 -0.999028 2.91696
-0.999035 -0.000695619 -0.0439124 0.793858 -0.000674039 1 -0.000506243 0.01952 0.0439128 -0.000476156 -0.999035 2.86788
-0.999038 -0.00122239 -0.0438434 0.791655 -0.00119345 0.999999 -0.000686275 0.0191126 0.0438442 -0.00063329 -0.999038 2.81733
-0.999028 -0.000799435 -0.0440622 0.790522 -0.000774498 1 -0.000583026 0.0196929 0.0440627 -0.000548333 -0.999029 2.76405
-0.999033 -0.000807901 -0.0439594 0.787019 -0.000782872 1 -0.000586579 0.0188218 0.0439599 -0.000551597 -0.999033 2.70996
-0.99904 -0.000819254 -0.0437998 0.784202 -0.000787621 0.999999 -0.00073948 0.0193851 0.0438004 -0.000704273 -0.99904 2.65304
-0.999024 -0.000964791 -0.0441595 0.781773 -0.000924274 0.999999 -0.000937925 0.0187875 0.0441604 -0.000896194 -0.999024 2.59506
-0.999082 -0.00176965 -0.0428099 0.779502 -0.00170489 0.999997 -0.00154922 0.0187698 0.0428126 -0.00147481 -0.999082 2.53753
-0.999732 -0.000773559 -0.02312 0.781366 -0.00073885 0.999999 -0.00150975 0.0193553 0.0231212 -0.00149226 -0.999732 2.49301
-0.999928 -0.00166945 0.0118418 0.785863 -0.00168376 0.999998 -0.00119815 0.0178728 -0.0118398 -0.001218 -0.999929 2.46374
-0.998588 -0.00156712 0.0531042 0.790945 -0.00163905 0.999998 -0.00131105 0.0180275 -0.053102 -0.00139624 -0.998588 2.44333
-0.995112 -0.00144013 0.0987446 0.796961 -0.00156593 0.999998 -0.00119652 0.018064 -0.0987427 -0.0013453 -0.995112 2.42863
-0.989301 -0.00123746 0.145881 0.804746 -0.0014153 0.999998 -0.00111529 0.0179333 -0.14588 -0.00130982 -0.989301 2.40544
-0.984811 -0.00102251 0.173627 0.811485 -0.00123802 0.999999 -0.00113293 0.0182921 -0.173626 -0.00133067 -0.984811 2.37413
-0.982184 -0.000521585 0.18792 0.818434 -0.000705402 0.999999 -0.000911294 0.0187249 -0.18792 -0.00102762 -0.982184 2.33546
-0.980737 -0.000590493 0.195333 0.82628 -0.000808716 0.999999 -0.00103743 0.0189513 -0.195333 -0.00117541 -0.980736 2.29035
-0.979964 -0.000964917 0.199171 0.831711 -0.00119598 0.999999 -0.00103984 0.0188676 -0.199169 -0.00125721 -0.979964 2.25412
-0.979486 -0.000790272 0.201511 0.836208 -0.00096518 0.999999 -0.000769729 0.0187048 -0.20151 -0.000948433 -0.979486 2.22689
-0.979295 -0.001068 0.202437 0.841961 -0.00123263 0.999999 -0.000687174 0.0184176 -0.202436 -0.000922476 -0.979295 2.19495
-0.979322 -0.00061132 0.202306 0.849087 -0.000805359 0.999999 -0.000876823 0.0192063 -0.202305 -0.00102162 -0.979322 2.15703
-0.979277 -0.000544133 0.202526 0.857732 -0.000766239 0.999999 -0.00101828 0.019203 -0.202525 -0.00115236 -0.979276 2.11206
-0.979815 -0.000381628 0.199907 0.867106 -0.000643548 0.999999 -0.00124522 0.0187446 -0.199907 -0.00134874 -0.979814 2.06379
-0.986991 -0.000453271 0.160778 0.871666 -0.00063578 0.999999 -0.00108372 0.0186499 -0.160777 -0.00117184 -0.98699 2.00847
-0.995686 -0.000422207 0.092785 0.869596 -0.000526386 0.999999 -0.00109833 0.0187129 -0.0927845 -0.00114243 -0.995686 1.96386
-0.999946 -0.000708874 0.0103527 0.863336 -0.000721167 0.999999 -0.00118371 0.0188402 -0.0103519 -0.00119111 -0.999946 1.92611
-0.996866 -0.000738505 -0.0791028 0.853695 -0.000629617 0.999999 -0.00140146 0.0188866 0.0791038 -0.00134727 -0.996865 1.88652
-0.990937 -0.000986629 -0.134325 0.846675 -0.000790658 0.999999 -0.00151228 0.0187127 0.134326 -0.00139236 -0.990936 1.84207
-0.986711 -0.000458518 -0.162484 0.840987 -0.000263916 0.999999 -0.00121926 0.0183555 0.162484 -0.00116017 -0.986711 1.79562
-0.984215 -0.00115389 -0.176974 0.836329 -0.000830789 0.999998 -0.00189979 0.0177925 0.176976 -0.00172277 -0.984214 1.74503
-0.982855 -0.000216321 -0.18438 0.828904 4.86529e-05 0.999999 -0.00143258 0.0205846 0.18438 -0.00141699 -0.982854 1.68978
-0.982369 -0.000122248 -0.186955 0.821949 0.00018333 0.999999 -0.00161721 0.0207314 0.186955 -0.00162297 -0.982367 1.63542
-0.985527 -0.000497266 -0.169515 0.816697 -0.000204126 0.999998 -0.00174671 0.0206364 0.169516 -0.00168683 -0.985526 1.58025
-0.99066 0.000164785 -0.136355 0.813114 0.000386384 0.999999 -0.00159869 0.0205664 0.136355 -0.00163645 -0.990659 1.52441
-0.995396 -0.000175847 -0.0958493 0.81185 -3.77467e-05 0.999999 -0.00144261 0.0207002 0.0958494 -0.00143235 -0.995395 1.47042
-0.998767 0.000161321 -0.0496461 0.811076 0.000223426 0.999999 -0.0012454 0.0209689 0.0496459 -0.00125496 -0.998766 1.41426
-0.99999 0.000402859 -0.00434887 0.812469 0.00040868 0.999999 -0.00133776 0.0213268 0.00434832 -0.00133953 -0.99999 1.37194
-0.999692 0.000697579 0.0248036 0.813228 0.000668831 0.999999 -0.00116732 0.0215911 -0.0248044 -0.00115037 -0.999692 1.32732
-0.99923 0.00128265 0.0392195 0.811993 0.00123132 0.999998 -0.00133299 0.0219342 -0.0392212 -0.00128367 -0.99923 1.2785
-0.998912 0.00118766 0.0466283 0.811924 0.00113204 0.999999 -0.00121916 0.0223291 -0.0466297 -0.00116505 -0.998912 1.2267
-0.998692 0.000148282 0.0511222 0.812811 8.11124e-05 0.999999 -0.00131597 0.0206622 -0.0511224 -0.00131011 -0.998692 1.17277
-0.9986 0.000131588 0.0528978 0.813651 5.42347e-05 0.999999 -0.00146374 0.0205966 -0.052898 -0.00145882 -0.998599 1.11807
-0.998551 -4.04609e-05 0.0538198 0.814554 -0.000119089 0.999999 -0.00145774 0.0204569 -0.0538196 -0.00146204 -0.99855 1.07359
-0.998516 0.000437242 0.0544555 0.816183 0.000345784 0.999999 -0.00168892 0.0203911 -0.0544561 -0.00166758 -0.998515 1.02918
-0.998524 -7.61391e-05 0.054312 0.818191 -0.000151308 0.999999 -0.00137991 0.0210222 -0.0543118 -0.00138609 -0.998523 0.979993
-0.998489 0.000664031 0.0549482 0.820332 0.000586353 0.999999 -0.00142978 0.0216431 -0.0549491 -0.0013954 -0.998488 0.92777
-0.998493 0.00085459 0.0548698 0.822632 0.000779441 0.999999 -0.00139097 0.0218479 -0.0548709 -0.00134611 -0.998493 0.873807
-0.998486 0.000680353 0.0550062 0.825089 0.000604651 0.999999 -0.00139288 0.021106 -0.0550071 -0.00135751 -0.998485 0.829498
-0.998497 0.000954025 0.0548032 0.827198 0.000880349 0.999999 -0.00136849 0.0213806 -0.0548045 -0.00131819 -0.998496 0.786271
-0.998474 0.000772166 0.0552181 0.829772 0.000695338 0.999999 -0.00141055 0.0213871 -0.0552191 -0.00137 -0.998473 0.736912
-0.998493 -0.000582306 0.054879 0.831736 -0.000647092 0.999999 -0.00116276 0.0219673 -0.0548783 -0.00119652 -0.998492 0.685105
-0.998493 -0.000323591 0.0548727 0.834795 -0.000402274 0.999999 -0.00142289 0.0220949 -0.0548722 -0.00144282 -0.998492 0.632139
-0.998508 -0.000443074 0.0546012 0.836883 -0.00051744 0.999999 -0.00134785 0.0217788 -0.0546006 -0.00137409 -0.998507 0.589504
-0.998512 -0.000186503 0.054531 0.838924 -0.000279366 0.999999 -0.00169532 0.0220148 -0.0545306 -0.00170803 -0.998511 0.55932
-0.998511 7.92243e-05 0.054558 0.840103 -1.67216e-05 0.999998 -0.00175814 0.0224027 -0.0545581 -0.00175644 -0.998509 0.536507
-0.99848 0.000590597 0.0551104 0.843717 0.00051424 0.999999 -0.00139969 0.0219144 -0.0551111 -0.00136922 -0.998479 0.509396
-0.998485 0.000598673 0.0550283 0.845967 0.00051817 0.999999 -0.0014772 0.0224826 -0.0550291 -0.00144644 -0.998484 0.47173
-0.998663 0.000956418 0.0516908 0.847908 0.000860776 0.999998 -0.0018725 0.022037 -0.0516925 -0.0018255 -0.998661 0.426127
-0.999915 0.000746822 0.0130545 0.844123 0.000724968 0.999998 -0.00167872 0.0217812 -0.0130557 -0.00166912 -0.999913 0.376905
-0.998403 0.00110788 -0.0564732 0.835713 0.00121921 0.999997 -0.00193702 0.0214251 0.056471 -0.00200278 -0.998402 0.320668
-0.990296 0.000554103 -0.138973 0.8235 0.000749282 0.999999 -0.00135213 0.0222007 0.138972 -0.00144313 -0.990295 0.277527
-0.9741 -3.39746e-05 -0.226117 0.810333 0.000315884 0.999999 -0.00151107 0.0222905 0.226116 -0.00154336 -0.974099 0.245962
-0.959062 0.000289507 -0.283197 0.801278 0.000736812 0.999999 -0.00147298 0.0219988 0.283196 -0.00162134 -0.959061 0.223103
-0.937805 -0.0002695 -0.347162 0.791024 0.000260116 0.999999 -0.00147896 0.0220906 0.347162 -0.00147728 -0.937804 0.208018
-0.905783 -4.5269e-05 -0.423743 0.777652 0.000661846 0.999999 -0.00152158 0.0223648 0.423742 -0.00165867 -0.905781 0.198029
-0.863601 0.000777892 -0.504176 0.762984 0.00164027 0.999998 -0.00126672 0.0220196 0.504173 -0.00192093 -0.8636 0.192532
-0.811621 0.000974793 -0.584184 0.747901 0.00198075 0.999997 -0.00108327 0.0222067 0.584181 -0.00203633 -0.811621 0.189931
-0.750854 0.0005774 -0.660468 0.733256 0.0017437 0.999998 -0.0011081 0.0221956 0.660466 -0.00198368 -0.750853 0.190802
-0.682292 0.000656701 -0.73108 0.718966 0.00182107 0.999998 -0.000801282 0.0223395 0.731078 -0.00187806 -0.682292 0.194506
-0.606433 0.00109938 -0.795134 0.704343 0.00208965 0.999998 -0.000211107 0.0225091 0.795132 -0.00178957 -0.606434 0.199596
-0.524619 0.00101562 -0.851337 0.691538 0.00195123 0.999998 -9.44517e-06 0.0225631 0.851335 -0.00166611 -0.52462 0.207094
-0.437258 0.00102902 -0.899336 0.679298 0.00206633 0.999998 0.000139546 0.0228526 0.899334 -0.00179731 -0.437259 0.215978
-0.344496 0.00121623 -0.938787 0.66771 0.00190894 0.999998 0.00059503 0.0230201 0.938786 -0.0015871 -0.344497 0.226796
-0.250076 0.00140626 -0.968225 0.657291 0.00221437 0.999997 0.000880469 0.0227806 0.968224 -0.00192383 -0.250078 0.238312
-0.151319 0.00146081 -0.988484 0.647538 0.00245594 0.999996 0.00110187 0.0227539 0.988482 -0.00226093 -0.151322 0.251469
-0.0526927 0.000956415 -0.99861 0.626958 0.00227925 0.999997 0.000837477 0.0226565 0.998608 -0.00223195 -0.0526947 0.264601
0.0454537 0.00113254 -0.998966 0.594702 0.00249617 0.999996 0.00124728 0.0229775 0.998963 -0.00255029 0.0454507 0.277008
0.104829 0.000860397 -0.99449 0.556533 0.00221555 0.999997 0.0010987 0.0230109 0.994488 -0.00231851 0.104826 0.285262
0.135929 0.000837179 -0.990718 0.51302 0.00196151 0.999997 0.00111415 0.0229449 0.990717 -0.00209475 0.135927 0.291334
0.151674 0.000354601 -0.98843 0.465544 0.00166627 0.999998 0.00061444 0.0228064 0.988429 -0.00174019 0.151674 0.296337
0.16045 0.0008136 -0.987044 0.414642 0.00192351 0.999998 0.00113696 0.0223205 0.987042 -0.00208101 0.160448 0.302013
0.164561 0.000802658 -0.986367 0.361533 0.00210184 0.999997 0.00116441 0.0226264 0.986365 -0.0022648 0.164559 0.308586
0.166761 0.000536792 -0.985997 0.30674 0.00242826 0.999997 0.000955105 0.0224247 0.985994 -0.00255354 0.16676 0.315824
0.167739 0.000725654 -0.985831 0.251548 0.00179259 0.999998 0.00104109 0.0226112 0.98583 -0.00194183 0.167737 0.323788
0.16822 0.000396338 -0.985749 0.194485 0.00234021 0.999997 0.000801428 0.0224474 0.985747 -0.00244168 0.168219 0.331449
0.168649 0.000668195 -0.985676 0.136392 0.00205813 0.999997 0.00103005 0.0236785 0.985674 -0.00220237 0.168648 0.340436
0.168703 0.000656964 -0.985667 0.0785973 0.00219475 0.999997 0.00104216 0.0240687 0.985664 -0.00233911 0.168701 0.349467
0.171286 0.000514287 -0.985221 0.0206559 0.00202873 0.999998 0.000874705 0.0235325 0.985219 -0.00214857 0.171284 0.35921
0.210153 0.000561749 -0.977668 -0.0385321 0.00202147 0.999997 0.0010091 0.0236405 0.977666 -0.00218839 0.210151 0.375435
0.276574 0.000275944 -0.960992 -0.0983573 0.00132274 0.999999 0.000667831 0.0241328 0.960992 -0.00145585 0.276574 0.397842
0.356218 0.000188884 -0.934403 -0.147122 0.00171457 0.999998 0.00085578 0.0241381 0.934401 -0.00190694 0.356217 0.418833
0.436629 0.000179599 -0.899642 -0.178882 0.0018192 0.999998 0.00108256 0.0244722 0.89964 -0.00210931 0.436628 0.438643
0.488167 0.000355717 -0.87275 -0.201307 0.00157522 0.999998 0.00128867 0.0245534 0.872749 -0.00200386 0.488165 0.452427
0.547122 0.000274005 -0.837053 -0.216994 0.00147399 0.999998 0.00129078 0.0243115 0.837052 -0.00194002 0.547121 0.466319
0.614157 0.000393737 -0.789184 -0.226052 0.000829613 0.999999 0.00114454 0.0240274 0.789184 -0.00135764 0.614156 0.481976
0.683465 0.000333715 -0.729984 -0.23003 0.000857349 0.999999 0.00125987 0.0234457 0.729983 -0.00148692 0.683463 0.498533
0.749799 0.000536635 -0.661666 -0.230212 0.000361325 0.999999 0.00122049 0.0235645 0.661666 -0.0011542 0.749798 0.513675
0.810829 0.000737662 -0.585282 -0.227348 0.000258187 0.999999 0.00161804 0.0235407 0.585283 -0.00146306 0.810828 0.528533
0.864595 0.00102026 -0.502469 -0.2209 -0.000371572 0.999999 0.00139113 0.0237441 0.50247 -0.00101606 0.864594 0.542147
0.909985 0.00155824 -0.414637 -0.211916 -0.00114153 0.999999 0.00125282 0.0234196 0.414639 -0.00066673 0.909986 0.555998
0.946701 0.00152637 -0.32211 -0.202174 -0.00111611 0.999998 0.00145834 0.0236777 0.322112 -0.0010211 0.946701 0.567377
0.974341 0.00196478 -0.225068 -0.189987 -0.00175426 0.999998 0.00113535 0.0238718 0.225069 -0.000711394 0.974342 0.577414
0.991734 0.00273203 -0.128279 -0.177228 -0.00261507 0.999996 0.00108015 0.0237932 0.128282 -0.000735763 0.991738 0.585841
0.9996 0.00169527 -0.0282411 -0.163645 -0.00166222 0.999998 0.00119357 0.0236402 0.028243 -0.00114615 0.9996 0.593697
0.997353 0.0017761 0.0726905 -0.148975 -0.00187625 0.999997 0.00130956 0.0238267 -0.072688 -0.00144248 0.997354 0.599557
0.985755 0.00198615 0.168174 -0.134173 -0.00220988 0.999997 0.0011432 0.0241612 -0.168171 -0.00149856 0.985757 0.60349
0.973746 0.00205221 0.227626 -0.125379 -0.0023305 0.999997 0.000953791 0.0242392 -0.227624 -0.00145923 0.973748 0.605751
0.966376 0.00188868 0.257127 -0.120859 -0.00221082 0.999997 0.000963765 0.0243394 -0.257124 -0.00149982 0.966377 0.605919
0.962275 0.0022602 0.272069 -0.118462 -0.00253182 0.999997 0.000647327 0.0239095 -0.272067 -0.00131174 0.962278 0.606122
0.96529 0.00211457 0.261171 -0.120701 -0.00238088 0.999997 0.000703284 0.0240911 -0.261169 -0.00130069 0.965292 0.606176
0.972706 0.0023896 0.23203 -0.126062 -0.00262722 0.999996 0.000715075 0.0240674 -0.232028 -0.00130515 0.972708 0.605394
0.981042 0.0022756 0.193782 -0.132597 -0.0024728 0.999997 0.000775737 0.0239068 -0.193779 -0.00124021 0.981044 0.604472
0.988739 0.00181446 0.149642 -0.140184 -0.00200619 0.999997 0.00113032 0.0238328 -0.14964 -0.0014178 0.98874 0.602558
0.994553 0.00164273 0.104217 -0.147124 -0.00178656 0.999998 0.00128674 0.02393 -0.104215 -0.00146592 0.994554 0.601285
0.997124 0.00179886 0.075768 -0.151773 -0.00191626 0.999997 0.00147683 0.0242089 -0.0757651 -0.00161777 0.997124 0.599987
0.998147 0.00173595 0.060825 -0.154224 -0.001819 0.999997 0.00130993 0.0241182 -0.0608226 -0.00141814 0.998148 0.598848
0.998589 0.001922 0.0530624 -0.155315 -0.00200452 0.999997 0.00150207 0.0242104 -0.0530593 -0.00160632 0.99859 0.598766
0.9988 0.00180639 0.0489452 -0.155618 -0.00187777 0.999997 0.00141244 0.0240489 -0.0489425 -0.00150265 0.9988 0.598485
0.998958 0.00133294 0.045624 -0.155978 -0.00138974 0.999998 0.00121321 0.0240251 -0.0456223 -0.00127535 0.998958 0.598074
0.999689 0.00152988 0.0248774 -0.159176 -0.00155808 0.999998 0.00111422 0.0240228 -0.0248757 -0.00115264 0.99969 0.596946
0.999949 0.00120224 -0.0100656 -0.164468 -0.0011929 0.999999 0.000933856 0.0238831 0.0100667 -0.000921801 0.999949 0.594515
0.998606 0.00150093 -0.052762 -0.171195 -0.00143749 0.999998 0.0012402 0.0240337 0.0527638 -0.00116263 0.998606 0.59188
0.995108 0.00190959 -0.0987703 -0.177851 -0.00178243 0.999997 0.00137566 0.0239813 0.0987727 -0.00119288 0.995109 0.588788
0.989534 0.00116741 -0.144293 -0.184168 -0.00100326 0.999999 0.00121032 0.02334 0.144295 -0.00105289 0.989534 0.584137
0.984946 0.00132855 -0.172857 -0.18659 -0.00109186 0.999998 0.00146437 0.0234093 0.172859 -0.00125359 0.984946 0.57091
0.982151 0.00126373 -0.188088 -0.18469 -0.00101253 0.999998 0.00143159 0.0235422 0.188089 -0.00121559 0.982151 0.547155
0.980665 0.00143321 -0.19569 -0.180952 -0.0012047 0.999998 0.00128671 0.0235769 0.195691 -0.00102609 0.980665 0.517133
0.979892 0.00150363 -0.199525 -0.174492 -0.00126377 0.999998 0.0013295 0.0237288 0.199526 -0.00105062 0.979892 0.481932
0.979483 0.000929379 -0.201522 -0.166909 -0.000663679 0.999999 0.00138602 0.0234488 0.201523 -0.00122384 0.979483 0.444082
0.97926 0.00110524 -0.202604 -0.160989 -0.000819103 0.999999 0.00149614 0.0237359 0.202605 -0.00129916 0.97926 0.413918
0.97885 0.00121335 -0.204574 -0.1573 -0.000930118 0.999998 0.00148063 0.0238858 0.204576 -0.00125904 0.97885 0.391339
0.974618 0.000981851 -0.223873 -0.157019 -0.000573539 0.999998 0.00188888 0.0234456 0.223874 -0.00171254 0.974617 0.373702
0.966115 0.000709782 -0.25811 -0.159144 -0.000325924 0.999999 0.00152997 0.0236544 0.258111 -0.00139401 0.966114 0.359399
0.954528 0.00100417 -0.298118 -0.163416 -0.000539657 0.999999 0.00164045 0.0233825 0.298119 -0.00140498 0.954528 0.346652
0.940087 0.000882607 -0.340932 -0.167967 -0.000348234 0.999999 0.00162858 0.0232792 0.340933 -0.00141228 0.940086 0.335375
0.923148 0.00125193 -0.384442 -0.172696 -0.000714469 0.999999 0.00154084 0.0231864 0.384443 -0.00114775 0.923148 0.325978
0.912667 0.00154116 -0.408701 -0.175004 -0.000902485 0.999998 0.00175554 0.0234485 0.408703 -0.00123337 0.912667 0.320153
0.922354 0.00139739 -0.386344 -0.171228 -0.000746148 0.999998 0.0018356 0.0230765 0.386345 -0.0014048 0.922353 0.320682
0.9441 0.000757855 -0.32966 -0.163472 -0.000230584 0.999999 0.00163854 0.0232637 0.32966 -0.00147093 0.944098 0.326132
0.967363 0.000792154 -0.253394 -0.152988 -0.000395539 0.999999 0.00161615 0.0235121 0.253395 -0.00146318 0.967362 0.33322
0.986137 0.000956713 -0.165931 -0.140578 -0.000666714 0.999998 0.0018034 0.0236156 0.165932 -0.00166777 0.986136 0.340838
0.997216 0.00130903 -0.0745565 -0.127023 -0.00119909 0.999998 0.00151927 0.0236359 0.0745584 -0.00142564 0.997216 0.347472
0.999851 0.00116791 -0.0172218 -0.118727 -0.00114106 0.999998 0.00156859 0.0236754 0.0172236 -0.0015487 0.99985 0.350362
0.999926 0.000930669 0.0121692 -0.11454 -0.000950694 0.999998 0.00163984 0.0235953 -0.0121676 -0.00165129 0.999925 0.351962
0.999612 0.0008943 0.0278428 -0.112314 -0.000947992 0.999998 0.00191525 0.023835 -0.027841 -0.00194091 0.99961 0.352937
0.999411 0.000735159 0.034317 -0.111427 -0.000793268 0.999998 0.00167974 0.0237684 -0.0343157 -0.00170597 0.99941 0.353053
0.999829 0.000796794 0.0184856 -0.114133 -0.00082686 0.999998 0.00161887 0.0237949 -0.0184843 -0.00163388 0.999828 0.351745
0.999914 0.000428634 -0.0130919 -0.119034 -0.00040774 0.999999 0.00159854 0.0237426 0.0130925 -0.00159307 0.999913 0.349539
0.998555 0.000893503 -0.0537382 -0.125063 -0.000807441 0.999998 0.00162319 0.0236339 0.0537396 -0.00157745 0.998554 0.347304
0.995021 0.000410326 -0.099668 -0.131869 -0.000240781 0.999999 0.00171312 0.0235862 0.0996685 -0.00168059 0.995019 0.343924
0.989471 0.00109231 -0.144727 -0.1383 -0.000834151 0.999998 0.00184445 0.023595 0.144728 -0.0017043 0.98947 0.340413
0.984832 0.000683453 -0.173512 -0.142396 -0.000379734 0.999998 0.00178362 0.0236824 0.173513 -0.00169067 0.98483 0.337865
0.982136 0.000901335 -0.188173 -0.144557 -0.000609823 0.999999 0.00160706 0.0236001 0.188174 -0.0014636 0.982135 0.336597
0.980704 0.000582323 -0.195497 -0.145379 -0.000258051 0.999999 0.00168417 0.0235176 0.195498 -0.00160122 0.980703 0.335562
0.979974 0.000314698 -0.199127 -0.145807 1.30642e-05 0.999999 0.00164468 0.02342 0.199127 -0.00161434 0.979972 0.335113
0.979525 0.000579357 -0.201321 -0.145967 -0.000256483 0.999999 0.00162985 0.0234427 0.201322 -0.00154485 0.979524 0.335203
0.979294 0.000860015 -0.202442 -0.146101 -0.000543335 0.999999 0.00161987 0.0235556 0.202443 -0.00147633 0.979293 0.33477
0.979166 0.000844819 -0.203058 -0.146174 -0.00050381 0.999998 0.00173105 0.0235907 0.203059 -0.00159268 0.979165 0.334802
0.979097 0.00118147 -0.203391 -0.146165 -0.000838316 0.999998 0.00177333 0.0236512 0.203393 -0.00156576 0.979096 0.334802
0.979066 0.000992425 -0.203541 -0.146207 -0.000645655 0.999998 0.00177008 0.0236186 0.203543 -0.0016016 0.979065 0.334727
0.979065 0.00112675 -0.203543 -0.146191 -0.00076422 0.999998 0.00185968 0.0236483 0.203544 -0.0016652 0.979064 0.33487
0.979049 0.0010709 -0.203622 -0.146226 -0.000711413 0.999998 0.00183864 0.0236808 0.203624 -0.00165526 0.979048 0.334821
0.97906 0.00106423 -0.203568 -0.14623 -0.000707769 0.999998 0.00182386 0.0236956 0.203569 -0.00164159 0.979059 0.3348
0.979044 0.000890419 -0.203647 -0.146183 -0.000542353 0.999998 0.00176497 0.0236206 0.203649 -0.00161753 0.979043 0.334859
