1 0 0 1.38778e-17 0 1 -4.6653e-22 0 0 1.0257e-21 1 -2.77556e-17
1 -2.1461e-05 5.39885e-08 -2.07401e-07 2.1461e-05 1 -4.34166e-06 1.72864e-06 -5.38953e-08 4.34166e-06 1 6.83782e-08
1 -2.16473e-05 9.33643e-08 6.63623e-07 2.16473e-05 1 -4.47961e-06 1.72523e-06 -9.32674e-08 4.47961e-06 1 3.14924e-07
1 -5.1907e-06 1.10876e-07 2.20017e-06 5.1907e-06 1 1.02358e-05 5.07371e-06 -1.10929e-07 -1.02358e-05 1 -1.90214e-08
1 -2.15791e-05 9.36368e-08 2.69031e-06 2.15791e-05 1 -4.61198e-06 1.72462e-06 -9.35373e-08 4.61199e-06 1 1.41057e-06
1 -1.16916e-05 8.24292e-08 4.98194e-06 1.16916e-05 1 -1.43659e-05 1.03769e-06 -8.22612e-08 1.43659e-05 1 2.10701e-06
1 -8.64652e-06 8.82563e-08 6.55897e-06 8.64652e-06 1 7.43879e-06 4.44419e-06 -8.83206e-08 -7.43879e-06 1 1.43256e-06
1 -2.16123e-05 1.22743e-07 7.37276e-06 2.16123e-05 1 -4.47614e-06 1.72878e-06 -1.22647e-07 4.47614e-06 1 2.45985e-06
1 -2.1669e-05 1.73171e-07 9.09676e-06 2.1669e-05 1 -4.46244e-06 1.72731e-06 -1.73075e-07 4.46244e-06 1 3.14817e-06
1 -2.16581e-05 1.88148e-07 1.05814e-05 2.16581e-05 1 -4.52985e-06 1.71205e-06 -1.8805e-07 4.52986e-06 1 2.83357e-06
1 -4.26139e-05 1.99282e-07 1.12771e-05 4.26139e-05 1 -2.52086e-05 -2.50767e-06 -1.98208e-07 2.52086e-05 1 3.47264e-06
1 -2.17792e-05 2.33456e-07 1.43502e-05 2.17792e-05 1 -4.34613e-06 1.7411e-06 -2.33361e-07 4.34613e-06 1 0.000883097
1 -6.49226e-05 2.65156e-07 1.37274e-05 6.49226e-05 1 -5.91824e-06 -6.72599e-06 -2.64772e-07 5.91826e-06 1 0.0145456
1 -2.14527e-05 3.06525e-07 1.76369e-05 2.14527e-05 1 -4.58298e-06 1.52301e-06 -3.06427e-07 4.58299e-06 1 0.0379888
1 -2.15701e-05 3.43162e-07 1.94307e-05 2.15701e-05 1 -4.32776e-06 1.40464e-06 -3.43068e-07 4.32776e-06 1 0.0730698
1 -2.15455e-05 3.90814e-07 2.14381e-05 2.15455e-05 1 -4.50551e-06 1.21024e-06 -3.90717e-07 4.50552e-06 1 0.114689
1 -2.16055e-05 4.09612e-07 2.39389e-05 2.16055e-05 1 -4.52718e-06 1.05842e-06 -4.09514e-07 4.52718e-06 1 0.149995
1 -2.16127e-05 4.22144e-07 2.69463e-05 2.16127e-05 1 -4.40952e-06 8.95319e-07 -4.22049e-07 4.40953e-06 1 0.187301
1 -4.96098e-05 4.84936e-07 2.80754e-05 4.96099e-05 1 -2.58364e-05 -1.08568e-05 -4.83654e-07 2.58365e-05 1 0.235567
1 -4.34757e-05 5.30283e-07 3.12097e-05 4.34757e-05 1 -1.5614e-05 -6.9003e-06 -5.29604e-07 1.56141e-05 1 0.289182
1 -2.15974e-05 5.77906e-07 3.52234e-05 2.15974e-05 1 -4.39149e-06 1.99451e-07 -5.77811e-07 4.3915e-06 1 0.346534
1 -2.16102e-05 6.19484e-07 3.75505e-05 2.16102e-05 1 -4.4692e-06 -5.85759e-08 -6.19388e-07 4.46921e-06 1 0.400959
1 -2.16113e-05 6.44121e-07 3.98471e-05 2.16113e-05 1 -4.49812e-06 -2.82395e-07 -6.44024e-07 4.49814e-06 1 0.451283
1 -2.61393e-05 6.61588e-07 4.18453e-05 2.61393e-05 1 -8.78218e-06 -1.41083e-06 -6.61358e-07 8.7822e-06 1 0.502544
1 -2.15816e-05 7.00433e-07 4.42245e-05 2.15816e-05 1 -4.5172e-06 -7.59367e-07 -7.00335e-07 4.51722e-06 1 0.560309
1 -2.16586e-05 7.35734e-07 4.59906e-05 2.16585e-05 1 2.64506e-05 -9.97476e-07 -7.36307e-07 -2.64506e-05 1 0.612833
1 -2.1619e-05 7.78896e-07 4.78404e-05 2.16191e-05 1 -4.51926e-06 -1.26369e-06 -7.78798e-07 4.51928e-06 1 0.671633
1 -2.16187e-05 7.89631e-07 5.03045e-05 2.16187e-05 1 -4.5096e-06 -1.53224e-06 -7.89534e-07 4.50961e-06 1 0.730765
1 -7.24679e-05 7.90304e-07 4.97484e-05 7.24679e-05 1 -4.25107e-06 -1.09897e-05 -7.89996e-07 4.25113e-06 1 0.784193
1 -2.16429e-05 8.54268e-07 5.4576e-05 2.16429e-05 1 -4.41907e-06 -2.02418e-06 -8.54173e-07 4.41908e-06 1 0.843728
1 -2.1746e-05 9.13633e-07 5.74313e-05 2.1746e-05 1 -4.45818e-06 -2.39572e-06 -9.13536e-07 4.4582e-06 1 0.927285
1 -3.83374e-06 9.7045e-07 5.98215e-05 3.83377e-06 1 -2.24991e-05 -3.87089e-06 -9.70364e-07 2.24991e-05 1 0.981092
1 -2.16113e-05 1.00147e-06 6.03369e-05 2.16113e-05 1 -4.46276e-06 -2.87799e-06 -1.00137e-06 4.46279e-06 1 1.03495
1 -2.22018e-05 1.012e-06 6.25488e-05 2.22018e-05 1 1.85295e-05 -3.14183e-06 -1.01241e-06 -1.85294e-05 1 1.10082
1 -2.16873e-05 1.04957e-06 6.44865e-05 2.16873e-05 1 -4.49149e-06 -3.45019e-06 -1.04947e-06 4.49152e-06 1 1.16074
1 -6.51052e-05 1.0616e-06 6.45758e-05 6.51052e-05 1 -4.34105e-06 -1.17225e-05 -1.06132e-06 4.34112e-06 1 1.22667
1 -2.16328e-05 1.09566e-06 6.88075e-05 2.16328e-05 1 -4.39712e-06 -3.94741e-06 -1.09557e-06 4.39714e-06 1 1.27464
1 -2.15814e-05 1.14867e-06 7.05295e-05 2.15815e-05 1 -4.51751e-06 -4.20606e-06 -1.14857e-06 4.51754e-06 1 1.33461
1 -2.15969e-05 1.17597e-06 7.25388e-05 2.1597e-05 1 -4.52162e-06 -4.48102e-06 -1.17588e-06 4.52165e-06 1 1.39458
1 -1.00904e-05 1.25769e-06 7.45139e-05 1.00904e-05 1 6.50543e-06 -2.22615e-06 -1.25776e-06 -6.50542e-06 1 1.45457
1 -2.15726e-05 1.29663e-06 7.50749e-05 2.15726e-05 1 -4.40176e-06 -4.94652e-06 -1.29653e-06 4.40178e-06 1 1.50256
1 -5.65495e-06 1.35673e-06 7.76448e-05 5.65494e-06 1 1.0257e-05 -1.91464e-06 -1.35678e-06 -1.0257e-05 1 1.57455
1 -7.24676e-05 1.35791e-06 7.6101e-05 7.24676e-05 1 -4.23802e-06 -1.48253e-05 -1.3576e-06 4.23811e-06 1 1.64654
1 2.66161e-05 1.41465e-06 8.20586e-05 -2.66161e-05 1 -4.22606e-06 -8.81276e-06 -1.41476e-06 4.22603e-06 1 1.67654
1 -2.22018e-05 1.40431e-06 8.22765e-05 2.22018e-05 1 1.85295e-05 -6.10523e-06 -1.40472e-06 -1.85295e-05 1 1.76653
1 -2.12947e-05 1.42747e-06 8.3981e-05 2.12947e-05 1 -4.32887e-06 -6.32709e-06 -1.42738e-06 4.32891e-06 1 1.82053
1 -2.15967e-05 1.48011e-06 8.53784e-05 2.15967e-05 1 -4.52441e-06 -6.64439e-06 -1.48001e-06 4.52444e-06 1 1.88053
1 -2.19584e-05 1.52283e-06 8.68624e-05 2.19584e-05 1 -4.49258e-06 -6.89987e-06 -1.52273e-06 4.49262e-06 1 1.94053
1 -2.15941e-05 1.54818e-06 8.88549e-05 2.15941e-05 1 -4.41237e-06 -7.20029e-06 -1.54808e-06 4.4124e-06 1 2.00653
1 -2.15784e-05 1.56272e-06 9.03602e-05 2.15784e-05 1 -4.57238e-06 -7.42505e-06 -1.56263e-06 4.57242e-06 1 2.05453
1 -2.15779e-05 1.56153e-06 9.23418e-05 2.15779e-05 1 -4.44515e-06 -7.65101e-06 -1.56143e-06 4.44519e-06 1 2.10853
1 -2.01464e-05 1.58564e-06 9.48877e-05 2.01464e-05 1 -6.20023e-06 -8.12115e-06 -1.58551e-06 6.20026e-06 1 2.17453
1 -2.16771e-05 1.61705e-06 9.63597e-05 2.16771e-05 1 -4.54179e-06 -8.20803e-06 -1.61695e-06 4.54183e-06 1 2.22253
1 -2.39686e-05 1.65505e-06 9.87359e-05 2.39686e-05 1 -6.77168e-06 -8.97318e-06 -1.65488e-06 6.77172e-06 1 2.30053
1 -6.50504e-05 1.64718e-06 9.85508e-05 6.50504e-05 1 -4.79452e-06 -1.68407e-05 -1.64687e-06 4.79463e-06 1 2.35453
1 -2.16272e-05 1.68413e-06 0.000103169 2.16272e-05 1 -4.45716e-06 -9.02539e-06 -1.68403e-06 4.4572e-06 1 2.41453
1 -2.15039e-05 1.72394e-06 0.000104989 2.15039e-05 1 -4.37956e-06 -9.23111e-06 -1.72385e-06 4.37959e-06 1 2.46853
1 -2.15929e-05 1.79554e-06 0.000107102 2.1593e-05 1 -4.5509e-06 -9.60322e-06 -1.79544e-06 4.55094e-06 1 2.54653
1 -2.1743e-05 1.813e-06 0.00010876 2.17431e-05 1 -4.46649e-06 -9.82855e-06 -1.81291e-06 4.46652e-06 1 2.59453
1 -2.1581e-05 1.83018e-06 0.000111127 2.1581e-05 1 -4.54419e-06 -1.01112e-05 -1.83008e-06 4.54423e-06 1 2.65453
1 -2.12608e-05 1.85115e-06 0.000113215 2.12608e-05 1 -4.32367e-06 -1.02776e-05 -1.85106e-06 4.32371e-06 1 2.70853
1 -2.16271e-05 1.8688e-06 0.000115894 2.16271e-05 1 -4.50977e-06 -1.06173e-05 -1.8687e-06 4.50981e-06 1 2.77453
1 -4.26201e-05 1.88657e-06 0.000117083 4.26201e-05 1 -2.5215e-05 -1.51005e-05 -1.8855e-06 2.52151e-05 1 2.82853
1 -2.15898e-05 1.94619e-06 0.000120338 2.15898e-05 1 -4.56851e-06 -1.11306e-05 -1.94609e-06 4.56855e-06 1 2.88853
1 -4.76923e-05 1.97758e-06 0.000121051 4.76924e-05 1 -6.41798e-06 -1.66927e-05 -1.97728e-06 6.41808e-06 1 2.94253
1 -2.16212e-05 2.03294e-06 0.000124742 2.16212e-05 1 -4.39345e-06 -1.1645e-05 -2.03284e-06 4.39349e-06 1 3.00253
1 -2.16811e-05 1.98691e-06 0.000126914 2.16811e-05 1 -4.49696e-06 -1.19956e-05 -1.98682e-06 4.497e-06 1 3.08053
1 -2.15511e-05 1.90397e-06 0.000128152 2.1551e-05 1 2.78428e-05 -1.22466e-05 -1.90457e-06 -2.78428e-05 1 3.14053
1 -2.22018e-05 1.84343e-06 0.000129772 2.22018e-05 1 1.85298e-05 -1.24618e-05 -1.84384e-06 -1.85297e-05 1 3.19453
1 -2.1579e-05 1.83613e-06 0.000131486 2.1579e-05 1 -4.40895e-06 -1.27593e-05 -1.83603e-06 4.40899e-06 1 3.25453
1 -8.39597e-06 1.82906e-06 0.000134203 8.39595e-06 1 8.22213e-06 -1.00983e-05 -1.82912e-06 -8.22212e-06 1 3.31453
1 -2.83463e-05 2.42727e-06 0.000135226 2.83463e-05 1 -9.55637e-06 -1.28834e-05 -2.427e-06 9.55644e-06 1 3.36853
1 -2.16355e-05 3.19164e-06 0.000138589 2.16355e-05 1 -4.47243e-06 -1.3539e-05 -3.19154e-06 4.4725e-06 1 3.42853
1 -2.18559e-05 3.68462e-06 0.000141797 2.1856e-05 1 -4.59399e-06 -1.39157e-05 -3.68452e-06 4.59407e-06 1 3.49899
1 -2.98453e-05 3.85931e-06 0.000143258 2.98453e-05 1 -1.32883e-05 -1.56847e-05 -3.85891e-06 1.32884e-05 1 3.536
1 -6.46623e-05 4.04037e-06 0.000144025 6.46623e-05 1 -8.8522e-06 -2.34214e-05 -4.0398e-06 8.85246e-06 1 3.57889
0.999997 -2.13953e-05 -0.00246086 -0.000237029 2.13839e-05 1 -4.63981e-06 -1.42678e-05 0.00246086 4.58717e-06 0.999997 3.59939
0.999771 -1.75747e-05 -0.0213936 -0.00317046 1.73813e-05 1 -9.22555e-06 -1.48491e-05 0.0213936 8.85159e-06 0.999771 3.61361
0.998216 -2.1666e-05 -0.059698 -0.00900033 2.13577e-05 1 -5.80273e-06 -1.46369e-05 0.059698 4.51737e-06 0.998216 3.62466
0.994322 -4.96453e-05 -0.106418 -0.0159431 5.14133e-05 1 1.38703e-05 -2.03569e-05 0.106418 -1.92629e-05 0.994322 3.63074
0.989725 -2.26164e-05 -0.142983 -0.0212529 2.20849e-05 1 -5.30364e-06 -1.42205e-05 0.142983 2.09138e-06 0.989725 3.63289
0.981765 -1.17185e-05 -0.190101 -0.0279447 8.24409e-06 1 -1.90676e-05 -1.56469e-05 0.190101 1.71527e-05 0.981765 3.63355
0.971314 -2.36073e-05 -0.2378 -0.0345481 2.15389e-05 1 -1.12962e-05 -1.54547e-05 0.2378 5.85022e-06 0.971314 3.63247
0.958392 -2.16657e-05 -0.285454 -0.0409737 1.9464e-05 1 -1.055e-05 -1.53295e-05 0.285454 4.555e-06 0.958392 3.63008
0.94304 -2.16571e-05 -0.332681 -0.047172 1.89342e-05 1 -1.14267e-05 -1.54514e-05 0.332681 4.4768e-06 0.94304 3.62667
0.923402 -2.1685e-05 -0.383835 -0.0536892 1.83094e-05 1 -1.24482e-05 -1.55597e-05 0.383835 4.46684e-06 0.923402 3.62199
0.907349 -2.19638e-05 -0.420378 -0.0582147 1.80879e-05 1 -1.32066e-05 -1.56292e-05 0.420378 4.37919e-06 0.907349 3.61808
0.878165 -2.16626e-05 -0.478357 -0.0651605 1.68349e-05 1 -1.43799e-05 -1.57701e-05 0.478357 4.57482e-06 0.878165 3.61102
0.860902 -5.02859e-05 -0.508771 -0.0686833 3.73205e-05 1 -3.56873e-05 -2.0066e-05 0.508771 1.17357e-05 0.860902 3.6069
0.831647 -4.33303e-05 -0.555305 -0.0738942 4.20304e-05 1 -1.50835e-05 -2.07906e-05 0.555305 -1.07955e-05 0.831647 3.60006
0.796864 -2.16621e-05 -0.604159 -0.0791135 1.45108e-05 1 -1.67158e-05 -1.59834e-05 0.604159 4.55338e-06 0.796864 3.59214
0.772072 -2.16286e-05 -0.635535 -0.0823148 1.38051e-05 1 -1.72612e-05 -1.60357e-05 0.635535 4.55327e-06 0.772072 3.58665
0.742706 -2.16365e-05 -0.669618 -0.0856427 1.30052e-05 1 -1.7887e-05 -1.60838e-05 0.669618 4.57625e-06 0.742706 3.58028
0.708315 -2.17886e-05 -0.705897 -0.0889929 1.22814e-05 1 -1.8543e-05 -1.61054e-05 0.705897 4.4649e-06 0.708315 3.573
0.675846 -2.16105e-05 -0.737043 -0.0916887 1.12995e-05 1 -1.89593e-05 -1.61376e-05 0.737043 4.48534e-06 0.675846 3.56629
0.638167 3.86968e-06 -0.769898 -0.0943213 1.05339e-05 1 1.37578e-05 -1.61978e-05 0.769898 -1.68898e-05 0.638167 3.55868
0.594881 -2.34802e-05 -0.803814 -0.0967736 1.06337e-05 1 -2.13412e-05 -1.64239e-05 0.803814 4.14797e-06 0.594881 3.55015
0.553965 1.26792e-05 -0.83254 -0.0985881 -2.2072e-05 1 5.42978e-07 -1.81584e-05 0.83254 1.80751e-05 0.553965 3.54228
0.515953 -2.17842e-05 -0.856617 -0.0998858 7.33012e-06 1 -2.10154e-05 -1.62007e-05 0.856617 4.56387e-06 0.515953 3.53512
0.46366 8.83999e-06 -0.886013 -0.101108 6.01431e-06 1 1.31246e-05 -1.61894e-05 0.886013 -1.14141e-05 0.46366 3.5255
0.414253 -2.1736e-05 -0.910162 -0.101722 4.83636e-06 1 -2.16803e-05 -1.61467e-05 0.910162 4.57924e-06 0.414253 3.51662
0.363593 -2.18011e-05 -0.931558 -0.101845 3.68532e-06 1 -2.19644e-05 -1.61117e-05 0.931558 4.55301e-06 0.363593 3.50771
0.32605 -2.18418e-05 -0.945353 -0.101627 2.79173e-06 1 -2.21415e-05 -1.61179e-05 0.945353 4.58008e-06 0.32605 3.50124
0.283193 -2.17066e-05 -0.959063 -0.101072 1.78101e-06 1 -2.21073e-05 -1.60369e-05 0.959063 4.55253e-06 0.283193 3.49397
0.235546 -2.18178e-05 -0.971863 -0.100087 7.07724e-07 1 -2.22779e-05 -1.59865e-05 0.971863 4.55967e-06 0.235546 3.48604
0.202122 -1.75555e-05 -0.97936 -0.099132 -2.05063e-05 1 -2.21576e-05 -1.79529e-05 0.97936 2.45616e-05 0.202122 3.48068
0.186835 -2.88094e-06 -0.982391 -0.0985994 5.92242e-07 1 -2.81994e-06 -1.5477e-05 0.982391 -5.49483e-08 0.186835 3.47835
0.178884 -4.40697e-06 -0.98387 -0.0982839 -2.68041e-05 1 -9.35267e-06 -1.75183e-05 0.98387 2.80448e-05 0.178884 3.47722
0.174755 -2.18038e-05 -0.984612 -0.0989675 -6.80042e-07 1 -2.22652e-05 -1.59002e-05 0.984612 4.56053e-06 0.174755 3.47684
0.172613 -2.17436e-05 -0.98499 -0.112312 -6.74694e-07 1 -2.21932e-05 -1.61954e-05 0.98499 4.49539e-06 0.172613 3.47898
0.171503 -2.17605e-05 -0.985184 -0.138414 -8.02876e-07 1 -2.22276e-05 -1.67988e-05 0.985184 4.60308e-06 0.171503 3.48349
0.17093 -1.46696e-05 -0.985283 -0.173719 8.07682e-06 1 -1.34875e-05 -1.66062e-05 0.985283 -5.65253e-06 0.17093 3.48965
0.170635 -2.31667e-05 -0.985334 -0.214792 4.30024e-07 1 -2.34371e-05 -1.87658e-05 0.985334 3.57546e-06 0.170635 3.49682
0.170484 -2.30709e-05 -0.98536 -0.248927 -1.33633e-06 1 -2.36449e-05 -1.92216e-05 0.98536 5.34784e-06 0.170484 3.50278
0.170407 -2.17031e-05 -0.985374 -0.286391 -7.52788e-07 1 -2.21555e-05 -2.01204e-05 0.985374 4.51722e-06 0.170407 3.50931
0.169722 -3.79267e-05 -0.985492 -0.325299 -1.88958e-05 1 -4.17393e-05 -2.26709e-05 0.985492 2.57057e-05 0.169722 3.51597
0.149228 -5.4195e-05 -0.988803 -0.377016 -1.37412e-06 1 -5.50161e-05 -3.20162e-05 0.988803 9.56864e-06 0.149228 3.52162
0.122715 -2.18006e-05 -0.992442 -0.416515 -1.55651e-06 1 -2.21591e-05 -2.30168e-05 0.992442 4.264e-06 0.122715 3.52403
0.0778599 -1.87142e-05 -0.996964 -0.461005 -4.15616e-05 1 -2.2017e-05 -2.64965e-05 0.996964 4.31497e-05 0.0778599 3.52439
0.0221769 -2.18617e-05 -0.999754 -0.513485 -4.21981e-06 1 -2.19607e-05 -2.51643e-05 0.999754 4.70579e-06 0.0221769 3.52289
0.00574667 -2.19179e-05 -0.999983 -0.540918 -4.72131e-06 1 -2.19454e-05 -2.57799e-05 0.999983 4.84735e-06 0.00574667 3.52313
-0.0127205 -2.17108e-05 -0.999919 -0.60039 -4.75728e-06 1 -2.16521e-05 -2.70697e-05 0.999919 4.48146e-06 -0.0127205 3.52457
-0.020052 -2.17506e-05 -0.999799 -0.652423 -5.04624e-06 1 -2.16538e-05 -2.81926e-05 0.999799 4.61102e-06 -0.020052 3.52576
-0.0252153 -2.35066e-05 -0.999682 -0.693651 2.48565e-05 1 -2.4141e-05 -3.53009e-05 0.999682 -2.54574e-05 -0.0252153 3.5266
-0.0501225 -9.82873e-06 -0.998743 -0.724484 -1.88907e-05 1 -8.89306e-06 -2.68264e-05 0.998743 1.84212e-05 -0.0501225 3.52406
-0.0784086 -2.15683e-05 -0.996921 -0.73978 -6.06798e-06 1 -2.11576e-05 -3.00185e-05 0.996921 4.39036e-06 -0.0784086 3.52047
-0.128865 -2.98493e-05 -0.991662 -0.7547 1.78135e-06 1 -3.03317e-05 -3.22251e-05 0.991662 -5.67518e-06 -0.128865 3.51377
-0.165261 -2.17658e-05 -0.98625 -0.760673 -8.26571e-06 1 -2.06842e-05 -3.04401e-05 0.98625 4.73377e-06 -0.165261 3.50888
-0.221585 -9.28303e-06 -0.975141 -0.76535 3.34781e-05 1 -1.7127e-05 -3.8412e-05 0.975141 -3.6441e-05 -0.221585 3.50135
-0.264263 -2.17768e-05 -0.964451 -0.766335 -1.02206e-05 1 -1.9779e-05 -3.05317e-05 0.964451 4.63045e-06 -0.264263 3.49573
-0.306825 -3.35592e-05 -0.951766 -0.765705 1.73793e-05 1 -4.08626e-05 -4.21587e-05 0.951766 -2.90787e-05 -0.306825 3.4902
-0.358304 -1.20736e-05 -0.933605 -0.763256 -4.38045e-05 1 3.87925e-06 -3.25223e-05 0.933605 4.22861e-05 -0.358304 3.48367
-0.39519 -2.17104e-05 -0.918599 -0.760572 -1.28411e-05 1 -1.81099e-05 -3.03278e-05 0.918599 4.63901e-06 -0.39519 3.47909
-0.449418 -2.18498e-05 -0.893322 -0.755444 -1.40428e-05 1 -1.73943e-05 -3.01644e-05 0.893322 4.72749e-06 -0.449418 3.47253
-0.497769 -5.06788e-05 -0.867309 -0.749834 -1.47526e-05 1 -4.99653e-05 -3.98365e-05 0.867309 -1.20762e-05 -0.497769 3.46688
-0.540451 -2.18306e-05 -0.841376 -0.744136 -1.56901e-05 1 -1.58679e-05 -2.98982e-05 0.841376 4.62548e-06 -0.540451 3.46208
-0.577726 -2.29794e-05 -0.816231 -0.738615 1.20793e-05 1 -3.67028e-05 -4.14247e-05 0.816231 -3.10636e-05 -0.577726 3.45802
-0.613839 -2.2275e-05 -0.789431 -0.732782 -1.47449e-05 1 -1.67514e-05 -3.00703e-05 0.789431 1.35741e-06 -0.613839 3.45424
-0.652512 -2.18709e-05 -0.757778 -0.725991 -1.77242e-05 1 -1.35998e-05 -2.94445e-05 0.757778 4.55696e-06 -0.652512 3.45038
-0.693171 -2.16862e-05 -0.720773 -0.718206 -1.88412e-05 1 -1.19677e-05 -2.91078e-05 0.720773 5.28455e-06 -0.693171 3.44653
-0.721434 -2.78686e-05 -0.692483 -0.712369 -2.31014e-05 1 -1.61771e-05 -2.95453e-05 0.692483 4.32665e-06 -0.721434 3.44402
-0.761653 -2.2173e-05 -0.647985 -0.70338 -1.98719e-05 1 -1.08606e-05 -2.88813e-05 0.647985 4.60468e-06 -0.761653 3.4407
-0.793084 -2.1907e-05 -0.609112 -0.695711 -2.02064e-05 1 -9.65612e-06 -2.87418e-05 0.609112 4.64986e-06 -0.793084 3.43836
-0.822533 -2.18514e-05 -0.568717 -0.687912 -2.05529e-05 1 -8.69672e-06 -2.85529e-05 0.568717 4.53542e-06 -0.822533 3.4364
-0.849928 -2.77086e-05 -0.526899 -0.680007 -2.51639e-05 1 -1.19968e-05 -2.87992e-05 0.526899 3.06243e-06 -0.849928 3.43485
-0.872769 -2.17553e-05 -0.488134 -0.672823 -2.10918e-05 1 -6.85675e-06 -2.82431e-05 0.488134 4.31128e-06 -0.872769 3.43378
-0.898282 -2.19607e-05 -0.439419 -0.66398 -2.16987e-05 1 -5.61917e-06 -2.8025e-05 0.439419 4.48723e-06 -0.898282 3.43293
-0.91714 -2.19514e-05 -0.398566 -0.656713 -2.19719e-05 1 -4.51646e-06 -2.78665e-05 0.398566 4.61505e-06 -0.91714 3.4326
-0.937663 -2.22019e-05 -0.347547 -0.647816 -2.23691e-05 1 -3.53106e-06 -2.76347e-05 0.347547 4.46339e-06 -0.937663 3.43263
-0.953861 -2.19676e-05 -0.30025 -0.639738 -2.23343e-05 1 -2.21086e-06 -2.74989e-05 0.30025 4.597e-06 -0.953861 3.43309
-0.968924 -2.22008e-05 -0.24736 -0.630888 -2.26042e-05 1 -1.20902e-06 -2.72722e-05 0.24736 4.41993e-06 -0.968924 3.43406
-0.980076 -2.19818e-05 -0.198625 -0.622897 -2.2453e-05 1 1.20034e-07 -2.7142e-05 0.198625 4.57737e-06 -0.980076 3.43536
-0.988019 1.98904e-05 -0.154335 -0.615766 2.0658e-05 1 -3.37015e-06 -3.62083e-05 0.154335 -6.51803e-06 -0.988019 3.43687
-0.994497 -2.19623e-05 -0.104762 -0.607936 -2.23051e-05 1 2.10066e-06 -2.68306e-05 0.104762 4.42583e-06 -0.994497 3.43893
-0.998626 2.079e-05 -0.0523955 -0.599938 2.08759e-05 1 -1.09148e-06 -3.58738e-05 0.0523955 -2.18378e-06 -0.998626 3.43998
-0.999653 -2.21827e-05 -0.0263544 -0.596735 -2.22891e-05 1 3.74305e-06 -2.65033e-05 0.0263544 4.32916e-06 -0.999653 3.42845
-0.999929 -9.51783e-06 -0.011921 -0.595559 -9.41089e-06 1 -9.02639e-06 -2.89331e-05 0.011921 -8.91357e-06 -0.999929 3.40588
-0.999996 -2.18372e-05 -0.00271646 -0.595322 -2.18495e-05 1 4.48848e-06 -2.62299e-05 0.00271646 4.54782e-06 -0.999996 3.36747
-0.999999 -2.17699e-05 0.00114732 -0.595489 -2.18031e-05 1 -2.89232e-05 -3.61368e-05 -0.00114732 -2.89482e-05 -0.999999 3.32964
-0.999992 4.12089e-06 0.00400581 -0.595839 4.13129e-06 1 2.58846e-06 -3.10994e-05 -0.00400581 2.60499e-06 -0.999992 3.26293
-0.999989 -1.97407e-05 0.00476822 -0.595987 -1.97304e-05 1 2.20707e-06 -2.60826e-05 -0.00476822 2.11296e-06 -0.999989 3.22177
-0.999986 -2.1529e-05 0.00525127 -0.596077 -2.15061e-05 1 4.40296e-06 -2.54168e-05 -0.00525127 4.28996e-06 -0.999986 3.17359
-0.999985 -1.6922e-05 0.00554953 -0.596082 -1.69239e-05 1 -3.08043e-07 -2.61374e-05 -0.00554953 -4.01958e-07 -0.999985 3.11273
-0.999984 -3.46981e-05 0.00568614 -0.595989 -3.46035e-05 1 1.6738e-05 -2.20297e-05 -0.00568614 1.6541e-05 -0.999984 3.05031
-0.999984 -6.63504e-05 0.0057252 -0.595905 -6.63256e-05 1 4.51726e-06 -2.75674e-05 -0.0057252 4.13745e-06 -0.999984 3.01578
-0.999983 2.11093e-05 0.00576683 -0.59565 2.11107e-05 1 1.81616e-07 -3.35571e-05 -0.00576683 3.03355e-07 -0.999983 2.94013
-0.999983 7.73303e-06 0.00577601 -0.595488 7.87483e-06 1 2.45275e-05 -3.08112e-05 -0.00577601 2.45726e-05 -0.999983 2.89905
-0.999983 -1.24534e-05 0.00578209 -0.595175 -1.24839e-05 1 -5.24172e-06 -2.57452e-05 -0.00578209 -5.31381e-06 -0.999983 2.82819
-0.999983 -2.19631e-05 0.0057828 -0.594889 -2.19371e-05 1 4.56565e-06 -2.35636e-05 -0.0057828 4.43871e-06 -0.999983 2.76886
-0.999983 -4.11451e-07 0.00578203 -0.594585 -4.46767e-07 1 -6.10659e-06 -3.04217e-05 -0.00578203 -6.10907e-06 -0.999983 2.70934
-0.999983 -2.08024e-05 0.00578083 -0.594241 -2.07863e-05 1 2.84418e-06 -2.3188e-05 -0.00578083 2.72397e-06 -0.999983 2.64371
-0.999983 2.15636e-05 0.00578028 -0.593981 2.15904e-05 1 4.56868e-06 -3.07748e-05 -0.00578028 4.6934e-06 -0.999983 2.59592
-0.999983 -2.19525e-05 0.00577941 -0.593621 -2.19265e-05 1 4.56538e-06 -2.24737e-05 -0.00577941 4.43858e-06 -0.999983 2.53012
-0.999983 -2.21791e-05 0.00577883 -0.593355 -2.21538e-05 1 4.4423e-06 -2.22172e-05 -0.00577883 4.3142e-06 -0.999983 2.48223
-0.999983 -2.1948e-05 0.00577816 -0.592985 -2.19219e-05 1 4.57251e-06 -2.19523e-05 -0.00577816 4.44576e-06 -0.999983 2.41634
-0.999983 -2.19019e-05 0.00577769 -0.592681 -2.18757e-05 1 4.59018e-06 -2.17004e-05 -0.00577769 4.46371e-06 -0.999983 2.3624
-0.999983 -9.19691e-06 0.00577652 -0.59234 -9.24741e-06 1 -8.71659e-06 -2.39678e-05 -0.00577652 -8.76986e-06 -0.999983 2.30245
-0.999983 -1.74811e-05 0.00577475 -0.591964 -1.74802e-05 1 1.9722e-07 -2.20189e-05 -0.00577475 9.62728e-08 -0.999983 2.23649
-0.999983 -2.19496e-05 0.00577382 -0.591587 -2.19235e-05 1 4.59255e-06 -2.08322e-05 -0.00577382 4.46589e-06 -0.999983 2.17052
-0.999983 -1.25145e-05 0.00577335 -0.591244 -1.25444e-05 1 -5.15227e-06 -2.24493e-05 -0.00577335 -5.22461e-06 -0.999983 2.11054
-0.999983 -2.19313e-05 0.00577308 -0.590901 -2.19047e-05 1 4.67707e-06 -2.02731e-05 -0.00577308 4.55053e-06 -0.999983 2.05056
-0.999983 3.03417e-05 0.00577307 -0.590623 3.03702e-05 1 4.85706e-06 -2.95355e-05 -0.00577307 5.03231e-06 -0.999983 2.00257
-0.999983 -2.19574e-05 0.00577315 -0.590215 -2.19316e-05 1 4.53771e-06 -1.97331e-05 -0.00577315 4.41102e-06 -0.999983 1.93058
-0.999983 -2.16926e-05 0.00577314 -0.589872 -2.16665e-05 1 4.58407e-06 -1.94444e-05 -0.00577314 4.45891e-06 -0.999983 1.87058
-0.999983 -2.17844e-05 0.00577313 -0.589528 -2.17585e-05 1 4.5507e-06 -1.91679e-05 -0.00577313 4.42501e-06 -0.999983 1.81059
-0.999983 -2.2127e-05 0.0057731 -0.589254 -2.19063e-05 1 3.82887e-05 -1.89568e-05 -0.0057731 3.81616e-05 -0.999983 1.76259
-0.999983 -2.19931e-05 0.005773 -0.588806 -2.19675e-05 1 4.50534e-06 -1.85996e-05 -0.005773 4.37845e-06 -0.999983 1.68459
-0.999983 -3.09466e-05 0.00577294 -0.588531 -3.08711e-05 1 1.31692e-05 -1.63982e-05 -0.00577294 1.29908e-05 -0.999983 1.63659
-0.999983 -1.27351e-05 0.00577288 -0.588117 -1.27625e-05 1 -4.71917e-06 -1.99183e-05 -0.00577288 -4.79277e-06 -0.999983 1.56459
-0.999983 -2.19391e-05 0.00577284 -0.587739 -2.19128e-05 1 4.61576e-06 -1.77486e-05 -0.00577284 4.48919e-06 -0.999983 1.4986
-0.999983 -2.17342e-05 0.00577283 -0.587463 -2.17086e-05 1 4.48923e-06 -1.75193e-05 -0.00577283 4.36383e-06 -0.999983 1.4506
-0.999983 -2.19566e-05 0.0057728 -0.587154 -2.19301e-05 1 4.6497e-06 -1.72813e-05 -0.0057728 4.52303e-06 -0.999983 1.3966
-0.999983 -2.21307e-05 0.00577274 -0.586809 -2.21057e-05 1 4.39197e-06 -1.7059e-05 -0.00577274 4.26429e-06 -0.999983 1.3366
-0.999983 -2.19586e-05 0.00577268 -0.586396 -2.18206e-05 1 2.39756e-05 -1.66779e-05 -0.00577268 2.38493e-05 -0.999983 1.2646
-0.999983 -2.18834e-05 0.00577263 -0.586051 -2.18569e-05 1 4.65629e-06 -1.6395e-05 -0.00577263 4.53004e-06 -0.999983 1.2046
-0.999983 -2.19439e-05 0.00577257 -0.585672 -2.19179e-05 1 4.56827e-06 -1.61002e-05 -0.00577257 4.44168e-06 -0.999983 1.1386
-0.999983 -2.19932e-05 0.00577254 -0.585361 -2.19676e-05 1 4.50519e-06 -1.58533e-05 -0.00577254 4.37831e-06 -0.999983 1.0846
-0.999983 -2.18031e-05 0.00577251 -0.585051 -2.17766e-05 1 4.65948e-06 -1.5594e-05 -0.00577251 4.53369e-06 -0.999983 1.0306
-0.999983 4.09252e-06 0.00577246 -0.584705 4.18912e-06 1 1.67227e-05 -2.01067e-05 -0.00577246 1.67466e-05 -0.999983 0.970604
-0.999983 -2.1913e-05 0.00577244 -0.584362 -2.18873e-05 1 4.51403e-06 -1.50577e-05 -0.00577244 4.38761e-06 -0.999983 0.910604
-0.999983 -6.29369e-05 0.00577242 -0.584054 -6.28882e-05 1 8.61613e-06 -1.74847e-05 -0.00577242 8.25297e-06 -0.999983 0.856605
-0.999983 -6.33401e-05 0.00577238 -0.583675 -6.33131e-05 1 4.85527e-06 -1.72018e-05 -0.00577238 4.48972e-06 -0.999983 0.790606
-0.999983 -2.19401e-05 0.00577238 -0.583363 -2.19142e-05 1 4.55707e-06 -1.42675e-05 -0.00577238 4.4305e-06 -0.999983 0.736608
-0.999983 -7.50632e-08 0.00577238 -0.582984 -1.12835e-07 1 -6.54324e-06 -2.12817e-05 -0.00577238 -6.54378e-06 -0.999983 0.670609
-0.999983 -3.0956e-05 0.00577233 -0.582607 -3.08804e-05 1 1.31813e-05 -1.16708e-05 -0.00577233 1.30028e-05 -0.999983 0.604611
-0.999983 -7.01914e-05 0.00577227 -0.582334 -7.01648e-05 1 4.80426e-06 -1.65157e-05 -0.00577227 4.39917e-06 -0.999983 0.556611
-0.999983 -2.19294e-05 0.00577223 -0.581927 -2.19032e-05 1 4.60683e-06 -1.31064e-05 -0.00577223 4.48032e-06 -0.999983 0.48615
-0.999983 2.11121e-05 0.00577224 -0.581668 2.11135e-05 1 1.75877e-07 -2.21295e-05 -0.00577224 2.97746e-07 -0.999983 0.441302
-1 -2.19273e-05 0.000842284 -0.582257 -2.19235e-05 1 4.55591e-06 -1.27607e-05 -0.000842284 4.53744e-06 -1 0.40865
-0.999079 -1.96235e-05 -0.0428972 -0.588992 -1.96891e-05 1 1.10691e-06 -1.3288e-05 0.0428972 1.9505e-06 -0.999079 0.382828
-0.992605 -1.80203e-05 -0.121389 -0.60142 -1.78306e-05 1 -2.64952e-06 -1.38852e-05 0.121389 -4.6549e-07 -0.992605 0.360885
-0.982079 -2.32773e-05 -0.188471 -0.612314 -2.35144e-05 1 -9.77808e-07 -1.32721e-05 0.188471 3.47151e-06 -0.982079 0.34879
-0.96074 -2.39856e-05 -0.277449 -0.627158 -2.39206e-05 1 -3.61911e-06 -1.36003e-05 0.277449 3.15974e-06 -0.96074 0.337697
-0.9334 -2.20482e-05 -0.358839 -0.641158 -2.2461e-05 1 -3.01834e-06 -1.35611e-05 0.358839 5.24255e-06 -0.9334 0.331057
-0.894037 -2.18656e-05 -0.447992 -0.657008 -2.15959e-05 1 -5.71009e-06 -1.40261e-05 0.447992 4.56977e-06 -0.894037 0.326889
-0.845564 -2.09617e-05 -0.533875 -0.672863 -1.87525e-05 1 -9.56276e-06 -1.47622e-05 0.533875 1.92554e-06 -0.845564 0.325654
-0.769783 -1.96454e-05 -0.638306 -0.693093 -3.2029e-06 1 -2.69148e-05 -1.78761e-05 0.638306 -1.86741e-05 -0.769783 0.327823
-0.709523 8.94619e-06 -0.704683 -0.706638 2.47319e-05 1 -1.22064e-05 -2.31477e-05 0.704683 -2.60889e-05 -0.709523 0.331513
-0.628054 4.10693e-06 -0.77817 -0.722483 1.0486e-06 1 4.43136e-06 -1.36374e-05 0.77817 1.96714e-06 -0.628054 0.338164
-0.580327 -2.16395e-05 -0.814384 -0.730729 -1.61793e-05 1 -1.50423e-05 -1.56967e-05 0.814384 4.44674e-06 -0.580327 0.342692
-0.478755 3.64014e-06 -0.877949 -0.746946 3.78637e-05 1 -1.65013e-05 -2.55619e-05 0.877949 -4.11425e-05 -0.478755 0.353051
-0.377241 -1.6391e-06 -0.926115 -0.775995 3.98546e-05 1 -1.80041e-05 -2.62096e-05 0.926115 -4.37018e-05 -0.377241 0.356759
-0.331659 -2.3627e-05 -0.943399 -0.804116 -1.28785e-05 1 -2.0517e-05 -1.74826e-05 0.943399 5.34488e-06 -0.331659 0.351716
-0.308258 -2.36165e-05 -0.951303 -0.832991 -1.24131e-05 1 -2.08031e-05 -1.80759e-05 0.951303 5.3959e-06 -0.308258 0.343464
-0.290772 -2.1889e-05 -0.956792 -0.877198 -1.07268e-05 1 -1.96176e-05 -1.88563e-05 0.956792 4.5591e-06 -0.290772 0.329162
-0.28231 -2.17706e-05 -0.959323 -0.912137 -1.06376e-05 1 -1.95633e-05 -1.9562e-05 0.959323 4.68196e-06 -0.28231 0.317233
-0.278506 -9.70612e-06 -0.960435 -0.934475 3.30193e-05 1 -1.96809e-05 -2.80176e-05 0.960435 -3.71941e-05 -0.278506 0.309303
-0.273964 -2.19729e-05 -0.96174 -0.949418 -1.04047e-05 1 -1.98831e-05 -2.03303e-05 0.96174 4.5594e-06 -0.273964 0.304356
-0.234281 -2.18398e-05 -0.972169 -0.965219 -9.60565e-06 1 -2.01502e-05 -2.06661e-05 0.972169 4.6175e-06 -0.234281 0.305362
-0.166343 -5.00786e-05 -0.986068 -0.979954 -3.88279e-05 1 -4.42361e-05 -3.00333e-05 0.986068 3.09286e-05 -0.166343 0.311764
-0.091759 -2.19679e-05 -0.995781 -0.991519 -6.54853e-06 1 -2.14576e-05 -2.13332e-05 0.995781 4.55198e-06 -0.091759 0.320497
0.00578488 -1.77388e-05 -0.999983 -1.00382 1.76873e-05 1 -1.76368e-05 -2.57782e-05 0.999983 -1.75849e-05 0.00578488 0.333248
0.0614548 -2.17388e-05 -0.99811 -1.02368 -3.26657e-06 1 -2.19811e-05 -2.21017e-05 0.99811 4.61124e-06 0.0614548 0.340689
0.0881421 -2.34516e-05 -0.996108 -1.05047 2.89445e-05 1 -2.0982e-05 -2.81585e-05 0.996108 -2.69824e-05 0.0881421 0.344855
0.102864 -2.17313e-05 -0.994695 -1.08384 -2.34799e-06 1 -2.20901e-05 -2.34461e-05 0.994695 4.60782e-06 0.102864 0.348319
0.112761 -3.04076e-05 -0.993622 -1.13595 -1.38358e-05 1 -3.2173e-05 -2.53565e-05 0.993622 1.73754e-05 0.112761 0.353077
0.116954 -1.58981e-05 -0.993137 -1.18769 -5.02866e-05 1 -2.19298e-05 -2.88197e-05 0.993137 5.25063e-05 0.116954 0.357877
0.118689 -2.3257e-05 -0.992931 -1.22201 -3.47556e-06 1 -2.3838e-05 -2.66599e-05 0.992931 6.28031e-06 0.118689 0.361027
0.1197 -7.79299e-06 -0.99281 -1.26283 1.54352e-05 1 -5.98845e-06 -2.57469e-05 0.99281 -1.46074e-05 0.1197 0.365068
0.120237 -2.19057e-05 -0.992745 -1.3137 -1.98199e-06 1 -2.23059e-05 -2.85609e-05 0.992745 4.6496e-06 0.120237 0.370473
0.120449 -1.05797e-05 -0.992719 -1.35867 1.09116e-05 1 -9.33335e-06 -2.81166e-05 0.992719 -9.70799e-06 0.120449 0.375455
0.121864 9.27263e-06 -0.992547 -1.40549 -1.88361e-06 1 9.11099e-06 -3.05916e-05 0.992547 7.59261e-07 0.121864 0.380984
0.162975 -2.18624e-05 -0.98663 -1.45282 -8.08092e-07 1 -2.22921e-05 -3.16741e-05 0.98663 4.43034e-06 0.162975 0.392969
0.238066 -2.58329e-05 -0.971249 -1.48691 3.91323e-06 1 -2.56384e-05 -3.31824e-05 0.971249 2.30291e-06 0.238066 0.409162
0.302629 -1.71552e-05 -0.953108 -1.50499 -2.0826e-05 1 -2.46118e-05 -3.52998e-05 0.953108 2.72977e-05 0.302629 0.422125
0.405151 7.98052e-06 -0.91425 -1.52362 4.543e-06 1 1.07423e-05 -3.3428e-05 0.91425 -8.50569e-06 0.405151 0.442244
0.486412 -2.84188e-05 -0.87373 -1.53301 1.15611e-05 1 -2.60896e-05 -3.4735e-05 0.87373 2.589e-06 0.486412 0.458237
0.532829 -4.49273e-05 -0.846223 -1.53939 5.1176e-05 1 -2.08684e-05 -4.18998e-05 0.846223 -3.2187e-05 0.532829 0.467633
0.554566 -3.46127e-05 -0.83214 -1.54373 1.73784e-05 1 -3.00132e-05 -3.58654e-05 0.83214 2.18298e-06 0.554566 0.472143
0.56969 -2.20968e-05 -0.821859 -1.54733 9.36571e-06 1 -2.03943e-05 -3.40458e-05 0.821859 3.92114e-06 0.56969 0.475307
0.608399 -2.17062e-05 -0.793631 -1.54836 9.64293e-06 1 -1.99582e-05 -3.41514e-05 0.793631 4.48962e-06 0.608399 0.483149
0.658597 -2.17336e-05 -0.752496 -1.54705 1.08138e-05 1 -1.94176e-05 -3.41972e-05 0.752496 4.65105e-06 0.658597 0.493461
0.720086 -2.50482e-05 -0.693884 -1.54338 1.4839e-05 1 -2.06991e-05 -3.46264e-05 0.693884 4.60855e-06 0.720086 0.506491
0.774979 1.72331e-05 -0.631987 -1.53828 -1.78127e-05 1 5.42511e-06 -3.62111e-05 0.631987 7.05302e-06 0.774979 0.518626
0.831797 -5.73509e-05 -0.55508 -1.53084 4.41283e-05 1 -3.7193e-05 -4.56561e-05 0.55508 6.44232e-06 0.831797 0.531892
0.886588 -4.61312e-05 -0.46256 -1.52073 3.8915e-05 1 -2.51417e-05 -4.11578e-05 0.46256 4.28981e-06 0.886588 0.545717
0.924182 -2.16241e-05 -0.381953 -1.51115 1.82303e-05 1 -1.25042e-05 -3.36671e-05 0.381953 4.59303e-06 0.924182 0.556184
0.960342 -2.17086e-05 -0.278826 -1.49817 1.95408e-05 1 -1.05541e-05 -3.34789e-05 0.278826 4.68708e-06 0.960342 0.568115
0.984594 -6.42575e-05 -0.174856 -1.48776 6.3259e-05 1 -1.12839e-05 -4.21093e-05 0.174856 4.88762e-08 0.984594 0.591548
0.993758 -4.42062e-05 -0.111561 -1.48517 4.25143e-05 1 -1.75446e-05 -4.05585e-05 0.111561 1.26921e-05 0.993758 0.62569
0.996206 -2.16585e-05 -0.0870283 -1.48665 2.1189e-05 1 -6.31755e-06 -3.35773e-05 0.0870283 4.44954e-06 0.996206 0.655715
0.997706 -2.16263e-05 -0.0676954 -1.49095 2.1274e-05 1 -5.92594e-06 -3.38955e-05 0.0676954 4.4722e-06 0.997706 0.705964
0.998199 -2.19808e-05 -0.0599854 -1.4944 2.16004e-05 1 -6.99031e-06 -3.42095e-05 0.0599854 5.68202e-06 0.998199 0.740326
0.998413 -2.16239e-05 -0.0563207 -1.49761 2.13366e-05 1 -5.70265e-06 -3.43637e-05 0.0563207 4.4919e-06 0.998413 0.774853
0.998532 -1.77505e-05 -0.0541694 -1.50126 1.72381e-05 1 -9.9274e-06 -3.50424e-05 0.0541694 8.97905e-06 0.998532 0.818889
0.998581 -2.16836e-05 -0.0532465 -1.50416 2.14107e-05 1 -5.69655e-06 -3.4905e-05 0.0532465 4.54843e-06 0.998581 0.857341
0.998618 -2.16198e-05 -0.0525476 -1.50841 2.13556e-05 1 -5.58999e-06 -3.52251e-05 0.0525476 4.46009e-06 0.998618 0.918923
0.99863 -5.0698e-05 -0.0523249 -1.51118 4.93807e-05 1 -2.64686e-05 -4.68979e-05 0.0523249 2.38485e-05 0.99863 0.961904
0.998639 -2.17329e-05 -0.0521579 -1.51556 2.14722e-05 1 -5.55979e-06 -3.58887e-05 0.0521579 4.43228e-06 0.998639 1.03405
0.998641 -2.24099e-05 -0.0521124 -1.51854 2.21113e-05 1 -6.3077e-06 -3.6346e-05 0.0521124 5.14686e-06 0.998641 1.08521
0.998642 2.07374e-07 -0.0520922 -1.5218 -2.66085e-07 1 -1.12012e-06 -3.82444e-05 0.0520922 1.13246e-06 0.998642 1.14287
0.998643 -2.15487e-05 -0.052087 -1.52534 2.12814e-05 1 -5.68714e-06 -3.69053e-05 0.052087 4.57094e-06 0.998643 1.20701
0.998642 -2.17965e-05 -0.0520882 -1.52822 2.15308e-05 1 -5.66042e-06 -3.71786e-05 0.0520882 4.53123e-06 0.998642 1.2599
0.998642 -2.16474e-05 -0.0520916 -1.5314 2.13864e-05 1 -5.56728e-06 -3.75092e-05 0.0520916 4.44567e-06 0.998642 1.31897
0.998642 -2.16193e-05 -0.0520953 -1.53456 2.13547e-05 1 -5.63588e-06 -3.78613e-05 0.0520953 4.51574e-06 0.998642 1.37827
0.998642 -2.16091e-05 -0.0520983 -1.53739 2.13483e-05 1 -5.56152e-06 -3.81379e-05 0.0520983 4.44175e-06 0.998642 1.4318
0.998642 -2.16359e-05 -0.0521018 -1.54054 2.13729e-05 1 -5.60388e-06 -3.84822e-05 0.0521018 4.48271e-06 0.998642 1.49138
0.998641 -6.4756e-05 -0.0521079 -1.54399 6.43102e-05 1 -1.02312e-05 -4.81078e-05 0.0521079 6.86622e-06 0.998641 1.55703
0.998641 -2.16199e-05 -0.0521109 -1.5468 2.13559e-05 1 -5.62343e-06 -3.91518e-05 0.0521109 4.50292e-06 0.998641 1.61081
0.998641 -1.09572e-05 -0.052113 -1.54991 1.12006e-05 1 4.37875e-06 -3.70855e-05 0.052113 -4.9565e-06 0.998641 1.6702
0.999004 -2.16294e-05 -0.0446157 -1.55186 2.14095e-05 1 -5.40685e-06 -3.97827e-05 0.0446157 4.44627e-06 0.999004 1.72995
0.999956 -2.15978e-05 -0.00934293 -1.54777 2.15549e-05 1 -4.6882e-06 -3.9828e-05 0.00934293 4.48661e-06 0.999956 1.75798
0.997735 -1.54928e-05 0.0672639 -1.53714 1.61255e-05 1 -8.86257e-06 -4.01668e-05 -0.0672639 9.92716e-06 0.997735 1.78826
0.988456 -2.3607e-05 0.151508 -1.52431 2.4409e-05 1 -3.43334e-06 -4.00067e-05 -0.151508 7.09185e-06 0.988456 1.81019
0.973242 -4.72518e-05 0.229782 -1.50994 4.62296e-05 1 9.83154e-06 -4.37772e-05 -0.229782 1.05428e-06 0.973242 1.83643
0.958981 -2.15772e-05 0.283469 -1.49615 2.19526e-05 1 1.85223e-06 -3.92074e-05 -0.283469 4.44662e-06 0.958981 1.87249
0.950437 -1.36658e-05 0.310917 -1.48342 9.75455e-06 1 1.41348e-05 -3.65761e-05 -0.310917 -1.04014e-05 0.950437 1.91414
0.946288 -1.4845e-05 0.323325 -1.47157 1.3274e-05 1 7.06413e-06 -3.70437e-05 -0.323325 -2.3929e-06 0.946288 1.95524
0.950871 -2.15504e-05 0.309589 -1.45866 2.18747e-05 1 2.42396e-06 -3.90332e-05 -0.309589 4.46728e-06 0.950871 2.01224
0.957172 -2.16009e-05 0.28952 -1.4547 2.19936e-05 1 1.89726e-06 -3.90633e-05 -0.28952 4.55158e-06 0.957172 2.03907
0.970751 -2.16989e-05 0.240088 -1.4531 2.21212e-05 1 9.35977e-07 -3.91589e-05 -0.240088 4.40244e-06 0.970751 2.07464
0.980584 -2.15846e-05 0.196098 -1.45514 2.20412e-05 1 -1.46261e-07 -3.93122e-05 -0.196098 4.46565e-06 0.980584 2.0927
0.988777 2.21359e-05 0.149396 -1.45894 -2.22098e-05 1 -1.17376e-06 -4.23035e-05 -0.149396 -2.15747e-06 0.988777 2.10499
0.994363 -2.16606e-05 0.106028 -1.46335 2.20033e-05 1 -2.06256e-06 -3.95581e-05 -0.106028 4.38389e-06 0.994363 2.11235
0.998375 -2.17883e-05 0.0569885 -1.46897 2.2011e-05 1 -3.2813e-06 -3.97054e-05 -0.0569885 4.53034e-06 0.998375 2.11744
0.999972 -2.16473e-05 0.00746266 -1.47506 2.16798e-05 1 -4.27578e-06 -3.98522e-05 -0.00746266 4.43746e-06 0.999972 2.12094
0.999478 -2.17101e-05 -0.0323131 -1.48012 2.1556e-05 1 -5.11529e-06 -4.00083e-05 0.0323131 4.41608e-06 0.999478 2.13141
0.996644 -1.2588e-05 -0.0818622 -1.48712 1.12776e-05 1 -1.64709e-05 -4.12144e-05 0.0818622 1.54924e-05 0.996644 2.15526
0.993276 -2.16452e-05 -0.115774 -1.49309 2.09805e-05 1 -6.96026e-06 -4.05483e-05 0.115774 4.48446e-06 0.993276 2.18903
0.990625 -2.17239e-05 -0.136612 -1.49973 2.09218e-05 1 -7.30746e-06 -4.09343e-05 0.136612 4.38078e-06 0.990625 2.24401
0.989659 -7.4847e-05 -0.143442 -1.50465 7.45216e-05 1 -7.64112e-06 -5.11342e-05 0.143442 -3.12743e-06 0.989659 2.28701
0.989066 -2.17075e-05 -0.147471 -1.5107 2.08046e-05 1 -7.66497e-06 -4.15998e-05 0.147471 4.51309e-06 0.989066 2.338
0.988759 -1.67803e-05 -0.149518 -1.5174 2.07086e-05 1 2.4716e-05 -4.19792e-05 0.149518 -2.75345e-05 0.988759 2.39139
0.988603 -2.16666e-05 -0.150545 -1.52466 2.07367e-05 1 -7.74644e-06 -4.23896e-05 0.150545 4.53634e-06 0.988603 2.44648
0.988531 -4.94806e-05 -0.151017 -1.53159 5.16645e-05 1 1.05377e-05 -4.90811e-05 0.151017 -1.8219e-05 0.988531 2.49709
0.988488 -4.39997e-05 -0.151297 -1.54045 4.46781e-05 1 1.08435e-06 -4.76319e-05 0.151297 -7.83152e-06 0.988488 2.5599
0.988472 -1.65231e-05 -0.151402 -1.54795 1.46218e-05 1 -1.36714e-05 -4.4199e-05 0.151402 1.13001e-05 0.988472 2.61185
0.988463 -6.43931e-05 -0.151462 -1.55907 6.34412e-05 1 -1.11168e-05 -5.30732e-05 0.151462 1.37955e-06 0.988463 2.68751
0.988461 -7.40405e-05 -0.151474 -1.56604 7.37092e-05 1 -7.80186e-06 -5.4321e-05 0.151474 -3.45322e-06 0.988461 2.73433
0.988461 -2.15882e-05 -0.151478 -1.57484 2.06621e-05 1 -7.68769e-06 -4.50236e-05 0.151478 4.46912e-06 0.988461 2.79306
0.988461 -2.19078e-05 -0.151475 -1.58372 2.10334e-05 1 -7.37508e-06 -4.54414e-05 0.151475 4.10394e-06 0.988461 2.85194
0.988462 -4.4081e-05 -0.151471 -1.59265 4.47893e-05 1 1.2642e-06 -5.03529e-05 0.151471 -8.03391e-06 0.988462 2.91095
0.988462 -2.16538e-05 -0.151467 -1.60163 2.07212e-05 1 -7.73571e-06 -4.63949e-05 0.151467 4.50787e-06 0.988462 2.97004
0.988463 -2.11248e-05 -0.151463 -1.61064 2.00785e-05 1 -8.43712e-06 -4.69149e-05 0.151463 5.29862e-06 0.988463 3.02919
0.988463 -2.65936e-05 -0.151461 -1.61876 2.0704e-05 1 -4.04624e-05 -5.70919e-05 0.151461 3.68598e-05 0.988463 3.08246
0.988464 -2.16513e-05 -0.151458 -1.62781 2.07247e-05 1 -7.6964e-06 -4.77221e-05 0.151458 4.46869e-06 0.988464 3.14169
0.988892 -2.15475e-05 -0.148634 -1.63735 2.06324e-05 1 -7.69906e-06 -4.82275e-05 0.148634 4.54688e-06 0.988892 3.2071
0.993412 -2.16311e-05 -0.114601 -1.64039 2.09735e-05 1 -6.94391e-06 -4.85333e-05 0.114601 4.49458e-06 0.993412 3.26319
0.998839 -5.26113e-06 -0.0481732 -1.63872 5.00346e-06 1 -5.46948e-06 -5.04392e-05 0.0481732 5.22209e-06 0.998839 3.32699
0.999068 -3.35017e-05 0.0431727 -1.63158 3.41804e-05 1 -1.4982e-05 -5.13838e-05 -0.0431727 1.64437e-05 0.999068 3.38383
0.990353 -6.47027e-05 0.138565 -1.62131 6.55347e-05 1 -1.44237e-06 -5.68468e-05 -0.138565 1.05092e-05 0.990353 3.42404
0.984071 1.66056e-05 0.177773 -1.61734 -1.67944e-05 1 -4.42713e-07 -5.1343e-05 -0.177773 -2.54993e-06 0.984071 3.44237
0.977274 -4.05919e-05 0.211979 -1.61464 4.3893e-05 1 -1.08667e-05 -5.61982e-05 -0.211979 1.99242e-05 0.977274 3.46331
0.972203 -1.41015e-05 0.234141 -1.61323 2.21535e-05 1 -3.17594e-05 -5.86717e-05 -0.234141 3.60636e-05 0.972203 3.47882
0.959056 -3.13983e-05 0.283216 -1.60618 2.19922e-05 1 3.63909e-05 -4.88153e-05 -0.283216 -2.86724e-05 0.959056 3.48841
0.938196 -7.09301e-05 0.346104 -1.59612 7.41869e-05 1 3.83767e-06 -5.80529e-05 -0.346104 2.20759e-05 0.938196 3.49469
0.908877 -2.16472e-05 0.417064 -1.58413 2.15054e-05 1 5.03856e-06 -4.83628e-05 -0.417064 4.38971e-06 0.908877 3.4987
0.861935 -2.16669e-05 0.507019 -1.56816 2.08795e-05 1 7.23865e-06 -4.8022e-05 -0.507019 4.34705e-06 0.861935 3.50066
0.814977 -2.16777e-05 0.579493 -1.55469 2.01844e-05 1 9.02159e-06 -4.7724e-05 -0.579493 4.34429e-06 0.814977 3.50003
0.754494 -2.1746e-05 0.656307 -1.53973 1.92165e-05 1 1.10425e-05 -4.74012e-05 -0.656307 4.28037e-06 0.754494 3.49721
0.687009 -2.17928e-05 0.726649 -1.52531 5.36493e-06 1 2.49186e-05 -4.42488e-05 -0.726649 -1.32209e-05 0.687009 3.49245
0.639514 -2.21713e-05 0.76878 -1.51643 1.75543e-05 1 1.42369e-05 -4.68539e-05 -0.76878 4.39072e-06 0.639514 3.4888
0.610391 -2.18223e-05 0.7921 -1.51159 1.70038e-05 1 1.44468e-05 -4.67269e-05 -0.7921 4.65054e-06 0.610391 3.48677
0.601268 1.50799e-06 0.799048 -1.51021 -2.21428e-05 1 1.47748e-05 -4.91875e-05 -0.799048 -2.65768e-05 0.601268 3.48627
0.59222 -2.18205e-05 0.805776 -1.50897 1.65113e-05 1 1.49448e-05 -4.66804e-05 -0.805776 4.45377e-06 0.59222 3.48597
0.586906 -2.16882e-05 0.809655 -1.50823 1.62325e-05 1 1.50203e-05 -4.66488e-05 -0.809655 4.32724e-06 0.586906 3.48572
0.552253 -1.71177e-05 0.833676 -1.50255 1.25029e-05 1 1.22505e-05 -4.68392e-05 -0.833676 3.65798e-06 0.552253 3.48205
0.485683 -2.72957e-06 0.874135 -1.49242 -2.5221e-05 1 1.71358e-05 -4.86034e-05 -0.874135 -3.03691e-05 0.485683 3.4744
0.417481 -3.60399e-05 0.908686 -1.4831 4.4816e-05 1 1.90716e-05 -5.15138e-05 -0.908686 3.27617e-05 0.417481 3.46611
0.341174 -2.17237e-05 0.94 -1.4738 1.14711e-05 1 1.89468e-05 -4.57738e-05 -0.94 4.31869e-06 0.341174 3.45639
0.235923 -2.14677e-05 0.971772 -1.46128 9.16543e-06 1 1.98662e-05 -4.5504e-05 -0.971772 4.21983e-06 0.235923 3.44275
0.190983 -2.16925e-05 0.981593 -1.44651 8.33104e-06 1 2.04783e-05 -4.51004e-05 -0.981593 4.26668e-06 0.190983 3.43924
0.157253 -2.17829e-05 0.987558 -1.41576 7.63226e-06 1 2.0842e-05 -4.44387e-05 -0.987558 4.25985e-06 0.157253 3.44067
0.1442 -2.17571e-05 0.989549 -1.38717 7.54704e-06 1 2.08871e-05 -4.38418e-05 -0.989549 4.45625e-06 0.1442 3.44421
0.134497 -6.65713e-06 0.990914 -1.34128 -6.75983e-06 1 7.63569e-06 -4.37867e-05 -0.990914 -7.72539e-06 0.134497 3.45083
0.129816 -2.38173e-05 0.991538 -1.28968 -1.46812e-05 1 2.59426e-05 -4.34842e-05 -0.991538 -1.79247e-05 0.129816 3.45846
0.127573 -1.41469e-05 0.991829 -1.23399 2.82618e-05 1 1.06283e-05 -4.76007e-05 -0.991829 2.6675e-05 0.127573 3.46653
0.126576 -2.28439e-06 0.991957 -1.18081 -1.03596e-05 1 3.62482e-06 -4.06455e-05 -0.991957 -1.07351e-05 0.126576 3.47403
0.126077 -2.16251e-05 0.992021 -1.12589 6.89373e-06 1 2.09229e-05 -3.83367e-05 -0.992021 4.20083e-06 0.126077 3.48159
0.125848 -2.17663e-05 0.99205 -1.07536 6.98517e-06 1 2.10546e-05 -3.7233e-05 -0.99205 4.27996e-06 0.125848 3.48841
0.12573 -2.16722e-05 0.992065 -1.02406 6.93616e-06 1 2.09665e-05 -3.61669e-05 -0.992065 4.24501e-06 0.12573 3.49523
0.125667 -6.96113e-06 0.992073 -0.966391 2.42308e-05 1 3.94741e-06 -3.81247e-05 -0.992073 2.35427e-05 0.125667 3.50281
0.122805 -1.70206e-05 0.992431 -0.903014 -3.19476e-05 1 2.11036e-05 -3.60856e-05 -0.992431 -3.42974e-05 0.122805 3.5106
0.0939446 -2.18516e-05 0.995577 -0.863629 6.47264e-06 1 2.13379e-05 -3.27103e-05 -0.995577 4.43944e-06 0.0939446 3.51111
0.0143824 -2.17362e-05 0.999897 -0.817832 4.59365e-06 1 2.16724e-05 -3.16952e-05 -0.999897 4.28147e-06 0.0143824 3.50428
-0.0517891 1.11624e-06 0.998658 -0.79472 3.16643e-05 1 5.24326e-07 -4.28213e-05 -0.998658 3.16489e-05 -0.0517891 3.49652
-0.178693 -3.66408e-05 0.983905 -0.763299 -1.29082e-05 1 3.48958e-05 -2.74652e-05 -0.983905 -6.46478e-06 -0.178693 3.47895
-0.250712 -2.03884e-05 0.968062 -0.740025 3.57485e-08 1 2.10703e-05 -3.00551e-05 -0.968062 5.3172e-06 -0.250712 3.46609
-0.306008 -2.10815e-05 0.952029 -0.704484 -3.47225e-06 1 2.10277e-05 -2.90835e-05 -0.952029 3.12896e-06 -0.306008 3.45215
-0.334201 -2.18346e-05 0.942502 -0.663286 -3.05239e-06 1 2.20843e-05 -2.80211e-05 -0.942502 4.50373e-06 -0.334201 3.43903
-0.347273 -6.09403e-06 0.937764 -0.61462 3.98081e-05 1 2.12402e-05 -3.51048e-05 -0.937764 4.47068e-05 -0.347273 3.42453
-0.337982 -2.17794e-05 0.941152 -0.586225 -3.14747e-06 1 2.20109e-05 -2.62736e-05 -0.941152 4.47705e-06 -0.337982 3.41879
-0.307092 -2.49602e-05 0.95168 -0.557713 2.32407e-05 1 3.37269e-05 -3.03552e-05 -0.95168 3.24749e-05 -0.307092 3.41674
-0.273023 -2.1806e-05 0.962008 -0.541236 -1.81023e-06 1 2.21534e-05 -2.52802e-05 -0.962008 4.30693e-06 -0.273023 3.41821
-0.216496 -2.17421e-05 0.976284 -0.525306 -5.34597e-07 1 2.21518e-05 -2.49642e-05 -0.976284 4.27385e-06 -0.216496 3.42328
-0.180688 -1.20769e-05 0.983541 -0.518905 5.32638e-05 1 2.20642e-05 -3.45931e-05 -0.983541 5.63738e-05 -0.180688 3.42723
-0.150556 -2.1838e-05 0.988601 -0.510923 1.04495e-06 1 2.22489e-05 -2.46721e-05 -0.988601 4.38276e-06 -0.150556 3.42983
-0.136816 3.19384e-06 0.990597 -0.491637 2.92524e-05 1 8.16022e-07 -3.57829e-05 -0.990597 2.9089e-05 -0.136816 3.42839
-0.130767 -2.18687e-05 0.991413 -0.467928 1.52512e-06 1 2.22592e-05 -2.37354e-05 -0.991413 4.4228e-06 -0.130767 3.42548
-0.126277 -2.16995e-05 0.991995 -0.426574 1.4511e-06 1 2.20593e-05 -2.27927e-05 -0.991995 4.22507e-06 -0.126277 3.41997
-0.124251 -5.41988e-05 0.992251 -0.383445 1.4627e-06 1 5.48052e-05 -2.18281e-05 -0.992251 8.26099e-06 -0.124251 3.41417
-0.123214 -2.18632e-05 0.99238 -0.348653 1.5521e-06 1 2.22238e-05 -2.10318e-05 -0.99238 4.27856e-06 -0.123214 3.40945
-0.122071 -2.19424e-05 0.992521 -0.32573 1.4223e-06 1 2.22827e-05 -2.05346e-05 -0.992521 4.13174e-06 -0.122071 3.40641
-0.101157 -5.23196e-05 0.994871 -0.306331 2.24159e-06 1 5.28173e-05 -2.01077e-05 -0.994871 7.57292e-06 -0.101157 3.40696
-0.0743827 -1.20388e-05 0.99723 -0.296777 2.34283e-05 1 1.38197e-05 -2.62002e-05 -0.99723 2.43914e-05 -0.0743827 3.40974
-0.0336095 1.06304e-05 0.999435 -0.288813 3.54842e-06 1 -1.05171e-05 -2.95036e-05 -0.999435 3.19294e-06 -0.0336095 3.41474
0.0162788 -1.84942e-05 0.999867 -0.283476 -1.84392e-05 1 1.87969e-05 -2.21689e-05 -0.999867 -1.87427e-05 0.0162788 3.4213
0.058897 -1.76068e-05 0.998264 -0.271416 9.78066e-06 1 1.70604e-05 -2.02799e-05 -0.998264 8.75887e-06 0.058897 3.42731
0.0917069 -2.1731e-05 0.995786 -0.245709 6.24435e-06 1 2.12478e-05 -1.89103e-05 -0.995786 4.26947e-06 0.0917069 3.43271
0.111914 -2.1712e-05 0.993718 -0.197954 6.73644e-06 1 2.10906e-05 -1.78937e-05 -0.993718 4.33379e-06 0.111914 3.43831
0.119078 -3.63673e-05 0.992885 -0.155279 3.27032e-05 1 3.27057e-05 -2.17008e-05 -0.992885 2.8576e-05 0.119078 3.44262
0.122489 -2.05723e-05 0.99247 -0.123736 7.20688e-06 1 1.98389e-05 -1.639e-05 -0.99247 4.72256e-06 0.122489 3.44564
0.124497 -2.17305e-05 0.99222 -0.0851063 6.98872e-06 1 2.1024e-05 -1.54831e-05 -0.99222 4.31693e-06 0.124497 3.44957
0.125514 -2.17641e-05 0.992092 -0.0406186 6.99776e-06 1 2.10522e-05 -1.45425e-05 -0.992092 4.30006e-06 0.125514 3.45443
0.126023 -2.16209e-05 0.992027 0.00807641 6.94699e-06 1 2.09121e-05 -1.35002e-05 -0.992027 4.25618e-06 0.126023 3.45999
0.126273 -1.96425e-05 0.991995 0.0597966 9.57107e-06 1 1.85827e-05 -1.28936e-05 -0.991995 7.14795e-06 0.126273 3.46609
0.126384 -3.35133e-05 0.991981 0.108225 -5.19824e-06 1 3.44465e-05 -8.55062e-06 -0.991981 -9.51004e-06 0.126384 3.47192
0.126445 -2.16555e-05 0.991974 0.16916 6.98994e-06 1 2.09397e-05 -1.00862e-05 -0.991974 4.2861e-06 0.126445 3.47938
0.126464 -2.18813e-05 0.991971 0.214364 7.15951e-06 1 2.11456e-05 -9.098e-06 -0.991971 4.42786e-06 0.126464 3.48498
0.126475 -2.19781e-05 0.99197 0.294728 7.27576e-06 1 2.12283e-05 -7.39914e-06 -0.99197 4.53248e-06 0.126475 3.49502
0.126475 -2.16211e-05 0.99197 0.335347 7.01801e-06 1 2.09013e-05 -6.56583e-06 -0.99197 4.31815e-06 0.126475 3.50012
0.126475 -2.37998e-05 0.99197 0.399591 8.03745e-06 1 2.29677e-05 -4.59669e-06 -0.99197 5.06808e-06 0.126475 3.50823
0.126483 -4.46532e-06 0.991969 0.458319 3.55862e-05 1 -3.60067e-08 -1.54687e-05 -0.991969 3.53049e-05 0.126483 3.51566
0.126511 -2.1855e-05 0.991965 0.511357 7.10316e-06 1 2.11261e-05 -2.78509e-06 -0.991965 4.3734e-06 0.126511 3.52239
0.126528 -2.1713e-05 0.991963 0.570446 6.99365e-06 1 2.09969e-05 -1.5696e-06 -0.991963 4.28075e-06 0.126528 3.5299
0.126186 -2.17424e-05 0.992007 0.623757 7.00658e-06 1 2.10263e-05 -4.25888e-07 -0.992007 4.29734e-06 0.126186 3.53663
0.0839896 -2.89178e-06 0.996467 0.698153 3.48323e-05 1 -3.38843e-08 -1.04993e-05 -0.996467 3.4712e-05 0.0839896 3.53926
0.00747041 -2.35053e-05 0.999972 0.768682 6.24271e-06 1 2.34593e-05 2.89353e-06 -0.999972 6.06729e-06 0.00747041 3.53491
-0.0682851 -2.18683e-05 0.997666 0.825616 2.92529e-06 1 2.21197e-05 4.01409e-06 -0.997666 4.42891e-06 -0.0682851 3.5276
-0.168258 -2.1911e-05 0.985743 0.879625 5.01335e-07 1 2.23135e-05 5.23787e-06 -0.985743 4.24862e-06 -0.168258 3.51547
-0.252199 -2.18193e-05 0.967676 0.911244 -1.32357e-06 1 2.22032e-05 5.98392e-06 -0.967676 4.31884e-06 -0.252199 3.50389
-0.335832 -2.1812e-05 0.941922 0.934188 -3.28699e-06 1 2.1985e-05 6.53427e-06 -0.941922 4.28719e-06 -0.335832 3.49137
-0.435589 -2.18646e-05 0.900146 0.953093 -5.57271e-06 1 2.15934e-05 7.03227e-06 -0.900146 4.38958e-06 -0.435589 3.47529
-0.547573 -1.0337e-05 0.836758 0.965583 -1.8308e-07 1 1.22339e-05 5.75441e-06 -0.836758 6.54574e-06 -0.547573 3.45584
-0.596454 -2.17695e-05 0.802647 0.96851 -9.60364e-06 1 1.99856e-05 7.48013e-06 -0.802647 4.21215e-06 -0.596454 3.44686
-0.687841 -2.1723e-05 0.725861 0.970082 -1.17517e-05 1 1.87911e-05 7.55082e-06 -0.725861 4.39517e-06 -0.687841 3.42919
-0.756654 1.24754e-05 0.653816 0.967777 2.89985e-05 1 1.44787e-05 -1.19046e-06 -0.653816 2.9915e-05 -0.756654 3.41496
-0.812224 -5.78278e-05 0.583345 0.963386 -5.95164e-05 1 1.62633e-05 4.6917e-06 -0.583345 -2.15092e-05 -0.812224 3.4027
-0.866309 -2.18914e-05 0.499508 0.956348 -1.67108e-05 1 1.48441e-05 7.49076e-06 -0.499508 4.51245e-06 -0.866309 3.38986
-0.907644 -2.18733e-05 0.419742 0.948348 -1.80212e-05 1 1.31424e-05 7.3533e-06 -0.419742 4.36433e-06 -0.907644 3.37911
-0.948199 -2.19022e-05 0.317678 0.936756 -1.9368e-05 1 1.11354e-05 7.13871e-06 -0.317678 4.40579e-06 -0.948199 3.36717
-0.972897 -2.22437e-05 0.231241 0.926013 -2.05346e-05 1 9.79768e-06 7.09964e-06 -0.231241 4.7837e-06 -0.972897 3.35849
-0.991114 -2.17499e-05 0.133018 0.912963 -2.09626e-05 1 7.31904e-06 6.72063e-06 -0.133018 4.4656e-06 -0.991114 3.35009
-0.999994 -2.19252e-05 0.00346796 0.894582 -2.19095e-05 1 4.56954e-06 6.34452e-06 -0.00346796 4.49353e-06 -0.999994 3.34127
-0.997789 -2.07729e-05 -0.066462 0.884138 -2.10172e-05 1 2.97634e-06 6.21539e-06 0.066462 4.36661e-06 -0.997789 3.33715
-0.983565 -1.60799e-05 -0.180552 0.864906 -2.23673e-05 1 3.27871e-05 5.80387e-06 0.180552 3.62867e-05 -0.983565 3.31649
-0.972832 -3.33798e-05 -0.231511 0.853452 -3.19323e-05 1 -9.99973e-06 5.03269e-06 0.231511 -2.33539e-06 -0.972832 3.29103
-0.965166 -2.1914e-05 -0.261638 0.842343 -2.23332e-05 1 -1.37132e-06 5.58938e-06 0.261638 4.51965e-06 -0.965166 3.25524
-0.960838 -2.40267e-05 -0.277112 0.831061 -2.39661e-05 1 -3.60559e-06 5.36271e-06 0.277112 3.1769e-06 -0.960838 3.21347
-0.958351 -2.19292e-05 -0.285593 0.818027 -2.22952e-05 1 -1.96959e-06 5.46482e-06 0.285593 4.47981e-06 -0.958351 3.164
-0.957922 -2.19743e-05 -0.287029 0.80941 -2.23264e-05 1 -2.04645e-06 5.43746e-06 0.287029 4.44798e-06 -0.957922 3.12901
-0.963433 -2.74816e-06 -0.267948 0.806681 1.44987e-06 1 -1.54695e-05 -3.03513e-06 0.267948 -1.52923e-05 -0.963433 3.10406
-0.970253 -2.19785e-05 -0.242095 0.807502 -2.23958e-05 1 -1.02797e-06 5.57236e-06 0.242095 4.42452e-06 -0.970253 3.08953
-0.979311 -5.11208e-05 -0.202359 0.810814 -4.8369e-05 1 -1.85438e-05 -1.56223e-06 0.202359 -8.37225e-06 -0.979311 3.07651
-0.988181 -1.8007e-05 -0.153292 0.816245 -2.21158e-05 1 2.50982e-05 5.82386e-06 0.153292 2.81917e-05 -0.988181 3.06715
-0.994208 -2.19277e-05 -0.107469 0.821897 -2.22827e-05 1 2.10271e-06 6.00621e-06 0.107469 4.48522e-06 -0.994208 3.06193
-0.99689 -2.19155e-05 -0.0788045 0.825113 -2.21999e-05 1 2.73267e-06 6.09399e-06 0.0788045 4.47362e-06 -0.99689 3.05817
-0.997885 -2.20143e-05 -0.0650035 0.826352 -2.2251e-05 1 2.91781e-06 6.12987e-06 0.0650035 4.35803e-06 -0.997885 3.05551
-0.998388 -2.19764e-05 -0.056759 0.826851 -2.21958e-05 1 3.2348e-06 6.14822e-06 0.056759 4.4894e-06 -0.998388 3.05321
-0.998621 -2.02594e-05 -0.0524902 0.826927 -2.2194e-05 1 3.62733e-05 6.16493e-06 0.0524902 3.73883e-05 -0.998621 3.05147
-0.998735 -5.61441e-05 -0.0502837 0.826834 -5.67549e-05 1 1.07191e-05 3.91822e-06 0.0502837 1.35594e-05 -0.998735 3.05017
-0.998795 2.08258e-05 -0.049068 0.826638 2.09002e-05 1 -1.00295e-06 -3.04541e-06 0.049068 -2.02727e-06 -0.998795 3.04825
-0.998824 -2.19024e-05 -0.0484832 0.825707 -2.20883e-05 1 3.29997e-06 6.17725e-06 0.0484832 4.36701e-06 -0.998824 3.03172
-0.998836 3.96935e-06 -0.0482403 0.824412 3.90542e-06 1 1.41942e-06 9.80871e-07 0.0482403 1.22937e-06 -0.998836 3.00689
-0.998842 -3.23936e-05 -0.0481082 0.822771 -3.21128e-05 1 -6.60997e-06 5.72465e-06 0.0481082 -5.05743e-06 -0.998842 2.97464
-0.998846 -2.0374e-05 -0.0480265 0.820438 -2.21736e-05 1 3.69388e-05 6.56873e-06 0.0480265 3.79611e-05 -0.998846 2.92787
-0.998848 -2.19268e-05 -0.0479936 0.818333 -2.21142e-05 1 3.37461e-06 6.70523e-06 0.0479936 4.43207e-06 -0.998848 2.88522
-0.998849 -2.194e-05 -0.0479753 0.815849 -2.21213e-05 1 3.24933e-06 6.8646e-06 0.0479753 4.30687e-06 -0.998849 2.83449
-0.998849 -2.17766e-05 -0.0479658 0.812726 -2.19759e-05 1 3.62853e-06 7.11738e-06 0.0479658 4.67845e-06 -0.998849 2.7703
-0.998849 -2.20023e-05 -0.0479634 0.810851 -2.21835e-05 1 3.2449e-06 7.20724e-06 0.0479634 4.30516e-06 -0.998849 2.73164
-0.998849 -2.20119e-05 -0.0479617 0.807573 -2.21961e-05 1 3.30816e-06 7.44064e-06 0.0479617 4.36891e-06 -0.998849 2.66387
-0.998849 -1.99273e-05 -0.0479615 0.804517 -2.00011e-05 1 1.05935e-06 7.20223e-06 0.0479615 2.01741e-06 -0.998849 2.60056
-0.999022 -2.30699e-05 -0.0442119 0.802138 -2.32474e-05 1 3.50066e-06 8.126e-06 0.0442119 4.52505e-06 -0.999022 2.53902
-0.999647 -3.57129e-05 -0.0265804 0.803243 -3.55225e-05 1 -7.63687e-06 7.20248e-06 0.0265804 -6.68997e-06 -0.999647 2.50517
-0.999992 -2.19216e-05 0.00395167 0.806562 -2.19039e-05 1 4.52258e-06 8.26462e-06 -0.00395167 4.43599e-06 -0.999992 2.47726
-0.998976 -2.18089e-05 0.0452536 0.811692 -2.15794e-05 1 5.56073e-06 8.4849e-06 -0.0452536 4.57848e-06 -0.998976 2.45569
-0.995453 -2.19383e-05 0.0952588 0.818298 -2.14054e-05 1 6.61599e-06 8.70731e-06 -0.0952588 4.54684e-06 -0.995453 2.43943
-0.989976 -2.19568e-05 0.141237 0.825786 -2.11113e-05 1 7.48448e-06 8.95554e-06 -0.141237 4.42776e-06 -0.989976 2.41725
-0.985854 -4.88257e-05 0.167604 0.832019 -5.22347e-05 1 -1.59308e-05 1.12485e-08 -0.167604 -2.44602e-05 -0.985854 2.38817
-0.983066 -7.7218e-06 0.183255 0.838861 -3.24645e-06 1 2.47215e-05 1.12644e-05 -0.183255 2.37079e-05 -0.983066 2.34827
-0.981325 -3.52399e-05 0.192358 0.847655 -3.21056e-05 1 1.9411e-05 1.24771e-05 -0.192358 1.28728e-05 -0.981325 2.29468
-0.980612 -2.85221e-05 0.195958 0.853244 -2.91e-05 1 -6.96937e-08 9.30601e-06 -0.195958 -5.77071e-06 -0.980612 2.25955
-0.980272 -2.64586e-05 0.197654 0.857 -2.03859e-05 1 3.27585e-05 1.04147e-05 -0.197654 2.80829e-05 -0.980272 2.23546
-0.980059 2.70125e-06 0.198705 0.863225 3.00731e-07 1 -1.2111e-05 6.50625e-06 -0.198705 -1.18097e-05 -0.980059 2.1994
-0.979981 -3.74443e-05 0.199092 0.869067 -3.38651e-05 1 2.13828e-05 1.3942e-05 -0.199092 1.42125e-05 -0.979981 2.16757
-0.979933 -2.20856e-05 0.199329 0.876638 -2.07472e-05 1 8.80324e-06 1.1379e-05 -0.199329 4.49106e-06 -0.979933 2.12762
-0.980873 4.61352e-06 0.194647 0.888241 6.42797e-06 1 8.69006e-06 6.96525e-06 -0.194647 9.77503e-06 -0.980873 2.06386
-0.989353 -2.16756e-05 0.145536 0.891803 -2.08107e-05 1 7.46579e-06 1.22089e-05 -0.145536 4.35761e-06 -0.989353 2.00469
-0.995296 -2.23264e-05 0.0968774 0.890003 -2.17826e-05 1 6.67089e-06 1.23852e-05 -0.0968774 4.52928e-06 -0.995296 1.97317
-0.999984 -2.19152e-05 0.00561735 0.882572 -2.18898e-05 1 4.57854e-06 1.23532e-05 -0.00561735 4.45551e-06 -0.999984 1.93358
-0.996561 -2.14232e-05 -0.0828595 0.872776 -2.16894e-05 1 2.31338e-06 1.22058e-05 0.0828595 4.1026e-06 -0.996561 1.89421
-0.990436 -2.19217e-05 -0.137975 0.865636 -2.23353e-05 1 1.44949e-06 1.23622e-05 0.137975 4.51734e-06 -0.990436 1.85023
-0.986424 2.08029e-05 -0.164221 0.860623 2.04308e-05 1 3.95522e-06 4.55601e-06 0.164221 5.46357e-07 -0.986424 1.80753
-0.983716 1.84392e-05 -0.179729 0.854905 1.95816e-05 1 -4.58202e-06 3.30128e-06 0.179729 -8.02679e-06 -0.983716 1.75722
-0.982135 -2.19681e-05 -0.188179 0.84763 -2.24102e-05 1 2.21859e-07 1.26371e-05 0.188179 4.43502e-06 -0.982135 1.69923
-0.981832 -2.20184e-05 -0.189754 0.839544 -2.24519e-05 1 1.34439e-07 1.27236e-05 0.189754 4.39232e-06 -0.981832 1.63932
-0.984057 -2.19635e-05 -0.177854 0.835799 -2.24098e-05 1 5.00331e-07 1.28121e-05 0.177854 4.47803e-06 -0.984057 1.60078
-0.990723 -2.19285e-05 -0.135893 0.831316 -2.23241e-05 1 1.38722e-06 1.30281e-05 0.135893 4.40805e-06 -0.990723 1.52875
-0.994684 -1.94721e-05 -0.102975 0.829695 -1.95171e-05 1 -5.70703e-07 1.25741e-05 0.102975 1.44211e-06 -0.994684 1.48421
-0.998319 -3.21414e-05 -0.0579538 0.828868 -3.18323e-05 1 -6.25681e-06 1.2784e-05 0.0579538 -4.4015e-06 -0.998319 1.42879
-0.999796 -2.20177e-05 -0.0201821 0.829671 -2.21015e-05 1 3.92724e-06 1.35851e-05 0.0201821 4.37249e-06 -0.999796 1.39255
-0.99977 -2.20353e-05 0.0214375 0.830016 -2.19368e-05 1 4.83179e-06 1.38456e-05 -0.0214375 4.36041e-06 -0.99977 1.33616
-0.999345 -1.969e-05 0.0361872 0.82935 -1.95743e-05 1 3.55205e-06 1.3689e-05 -0.0361872 2.84138e-06 -0.999345 1.28718
-0.999043 -2.19548e-05 0.043744 0.828964 -2.17411e-05 1 5.3608e-06 1.42847e-05 -0.043744 4.40463e-06 -0.999043 1.23496
-0.998867 -2.19458e-05 0.0475868 0.829154 -2.17121e-05 1 5.42626e-06 1.45425e-05 -0.0475868 4.3869e-06 -0.998867 1.18048
-0.99878 -2.19173e-05 0.049381 0.829824 -2.16743e-05 1 5.45765e-06 1.47685e-05 -0.049381 4.38069e-06 -0.99878 1.13049
-0.998725 2.88146e-05 0.0504757 0.830605 2.91418e-05 1 5.74756e-06 5.7859e-06 -0.0504757 7.21119e-06 -0.998725 1.08091
-0.998704 -2.19558e-05 0.050905 0.831589 -2.17027e-05 1 5.52309e-06 1.5215e-05 -0.050905 4.41116e-06 -0.998704 1.04057
-0.99869 -2.19636e-05 0.0511764 0.833749 -2.1708e-05 1 5.55105e-06 1.55469e-05 -0.0511764 4.43284e-06 -0.99869 0.976424
-0.998686 -1.23796e-05 0.0512485 0.835621 -1.25877e-05 1 -3.73727e-06 1.39492e-05 -0.0512485 -4.37746e-06 -0.998686 0.92911
-0.998684 -9.72849e-06 0.0512774 0.837671 -8.796e-06 1 1.8411e-05 1.75338e-05 -0.0512774 1.79357e-05 -0.998684 0.880991
-0.998684 3.5412e-06 0.0512852 0.839542 4.45621e-06 1 1.77273e-05 1.14096e-05 -0.0512852 1.79325e-05 -0.998684 0.837852
-0.998684 -4.37651e-05 0.0512827 0.841338 -4.33084e-05 1 1.00183e-05 1.47762e-05 -0.0512827 7.78413e-06 -0.998684 0.798355
-0.998685 -2.01971e-05 0.0512754 0.843865 -2.16589e-05 1 -2.79539e-05 6.74057e-06 -0.0512754 -2.90277e-05 -0.998685 0.745187
-0.998685 -2.20278e-05 0.0512683 0.846387 -2.17759e-05 1 5.47066e-06 1.70625e-05 -0.0512683 4.34706e-06 -0.998685 0.693485
-0.998685 -2.23159e-05 0.0512619 0.849017 -2.20532e-05 1 5.69034e-06 1.74253e-05 -0.0512619 4.55237e-06 -0.998685 0.640372
-0.998685 -2.19892e-05 0.0512571 0.850924 -2.17376e-05 1 5.46614e-06 1.75905e-05 -0.0512571 4.34475e-06 -0.998685 0.601982
-0.998686 2.12561e-05 0.0512525 0.85261 2.13437e-05 1 1.16308e-06 8.55661e-06 -0.0512525 2.25547e-06 -0.998686 0.568071
-0.998686 -2.19357e-05 0.0512496 0.85362 -2.16786e-05 1 5.57173e-06 1.78861e-05 -0.0512496 4.45339e-06 -0.998686 0.547688
-0.998686 -2.21771e-05 0.0512471 0.855051 -2.18985e-05 1 5.99779e-06 1.80673e-05 -0.0512471 4.86768e-06 -0.998686 0.519285
-0.998686 -2.194e-05 0.0512449 0.857574 -2.16857e-05 1 5.51976e-06 1.83208e-05 -0.0512449 4.40123e-06 -0.998686 0.46962
-0.998828 -2.17827e-05 0.0483924 0.858954 -2.15422e-05 1 5.49167e-06 1.8521e-05 -0.0483924 4.44276e-06 -0.998828 0.433764
-0.999997 -2.15206e-05 0.00258771 0.854462 -2.15083e-05 1 4.78047e-06 1.86531e-05 -0.00258771 4.7248e-06 -0.999997 0.377322
-0.998182 -2.18335e-05 -0.0602701 0.846219 -2.20656e-05 1 3.18467e-06 1.87158e-05 0.0602701 4.50878e-06 -0.998182 0.328079
-0.98965 -2.66737e-05 -0.143502 0.834128 -2.65118e-05 1 -3.04023e-06 1.82159e-05 0.143502 7.95744e-07 -0.98965 0.284081
-0.974857 -2.1718e-05 -0.22283 0.821914 -2.21352e-05 1 -6.25363e-07 1.84758e-05 0.22283 4.32275e-06 -0.974857 0.255019
-0.959592 -2.19432e-05 -0.281396 0.812856 -2.23471e-05 1 -1.77341e-06 1.84038e-05 0.281396 4.58665e-06 -0.959592 0.232159
-0.933315 -2.08301e-05 -0.35906 0.800116 -2.09085e-05 1 -3.66483e-06 1.82958e-05 0.35906 4.08698e-06 -0.933315 0.213325
-0.907205 -6.10384e-05 -0.420688 0.78948 -6.41705e-05 1 -6.70951e-06 1.4426e-05 0.420688 2.09089e-05 -0.907205 0.204912
-0.865321 -2.19562e-05 -0.501218 0.775034 -2.12725e-05 1 -7.08007e-06 1.77294e-05 0.501218 4.53565e-06 -0.865321 0.198361
-0.808141 -2.1671e-05 -0.588989 0.758555 -2.00583e-05 1 -9.27183e-06 1.73954e-05 0.588989 4.3212e-06 -0.808141 0.195483
-0.766161 -2.48215e-05 -0.642649 0.748056 -2.17295e-05 1 -1.2718e-05 1.69498e-05 0.642649 4.22041e-06 -0.766161 0.195668
-0.685032 -2.19386e-05 -0.728513 0.730431 -1.85058e-05 1 -1.2713e-05 1.67557e-05 0.728513 4.77295e-06 -0.685032 0.199087
-0.593603 -2.1941e-05 -0.804758 0.713645 -1.6401e-05 1 -1.51665e-05 1.63208e-05 0.804758 4.19602e-06 -0.593603 0.205853
-0.527672 -2.18964e-05 -0.849448 0.703087 -1.54661e-05 1 -1.61698e-05 1.61015e-05 0.849448 4.60533e-06 -0.527672 0.211953
-0.431477 -6.75511e-06 -0.902124 0.689568 2.98086e-05 1 -2.17452e-05 6.65703e-06 0.902124 -3.62736e-05 -0.431477 0.222132
-0.339395 -2.18928e-05 -0.940644 0.678417 -1.17743e-05 1 -1.9026e-05 1.54557e-05 0.940644 4.61815e-06 -0.339395 0.232962
-0.243878 -1.27638e-05 -0.969806 0.668477 -2.30448e-05 1 -7.36606e-06 1.81312e-05 0.969806 2.05526e-05 -0.243878 0.245074
-0.155777 -2.13361e-05 -0.987792 0.66029 -7.45922e-06 1 -2.04235e-05 1.497e-05 0.987792 4.18665e-06 -0.155777 0.256854
-0.066403 -2.17546e-05 -0.997793 0.643593 -6.04381e-06 1 -2.14005e-05 1.4553e-05 0.997793 4.60941e-06 -0.066403 0.268068
0.042157 -2.2195e-05 -0.999111 0.610002 -3.37318e-06 1 -2.23571e-05 1.36851e-05 0.999111 4.31269e-06 0.042157 0.281819
0.110341 -2.17065e-05 -0.993894 0.568076 -2.03909e-06 1 -2.20662e-05 1.28214e-05 0.993894 4.46145e-06 0.110341 0.291217
0.136472 1.16352e-05 -0.990644 0.533633 -1.58532e-06 1 1.15267e-05 1.20386e-05 0.990644 -2.5731e-09 0.136472 0.295938
0.15577 -2.17751e-05 -0.987793 0.481856 -1.17899e-06 1 -2.22301e-05 1.0879e-05 0.987793 4.62739e-06 0.15577 0.301939
0.165572 -2.18176e-05 -0.986198 0.420991 -7.62977e-07 1 -2.2251e-05 9.53508e-06 0.986198 4.43659e-06 0.165572 0.309146
0.169148 -2.16598e-05 -0.985591 0.373177 -7.33422e-07 1 -2.21023e-05 8.46009e-06 0.985591 4.46142e-06 0.169148 0.315293
0.17123 -2.18398e-05 -0.985231 0.31848 -8.00294e-07 1 -2.23063e-05 7.22644e-06 0.985231 4.60796e-06 0.17123 0.322864
0.172264 -2.17561e-05 -0.985051 0.262567 -7.71192e-07 1 -2.22211e-05 5.97614e-06 0.985051 4.58756e-06 0.172264 0.331105
0.172732 -2.17548e-05 -0.984969 0.211484 -7.70739e-07 1 -2.22219e-05 4.83136e-06 0.984969 4.59759e-06 0.172732 0.338989
0.172969 -2.18779e-05 -0.984927 0.159869 -7.87683e-07 1 -2.2351e-05 3.65128e-06 0.984927 4.64185e-06 0.172969 0.347222
0.173107 -2.17811e-05 -0.984903 0.0904472 -6.55728e-07 1 -2.22302e-05 2.10709e-06 0.984903 4.49402e-06 0.173107 0.35861
0.175958 -2.16966e-05 -0.984398 0.0321293 -7.40394e-07 1 -2.21728e-05 7.85121e-07 0.984398 4.63032e-06 0.175958 0.368836
0.220874 -2.17377e-05 -0.975302 -0.0334435 3.70009e-07 1 -2.22043e-05 -7.19685e-07 0.975302 4.54349e-06 0.220874 0.387463
0.281726 -2.17874e-05 -0.959495 -0.0864114 1.69487e-06 1 -2.22095e-05 -1.97196e-06 0.959495 4.63075e-06 0.281726 0.407464
0.36092 -2.19262e-05 -0.932597 -0.13215 3.80859e-06 1 -2.2037e-05 -3.08973e-06 0.932597 4.40171e-06 0.36092 0.429861
0.441934 -2.17355e-05 -0.897047 -0.164109 5.24185e-06 1 -2.16476e-05 -3.8195e-06 0.897047 4.86465e-06 0.441934 0.450579
0.488543 -2.34472e-05 -0.87254 -0.18466 2.4545e-06 1 -2.54981e-05 -4.77766e-06 0.87254 1.03152e-05 0.488543 0.463126
0.551815 -2.1709e-05 -0.833967 -0.201545 8.20971e-06 1 -2.05989e-05 -4.78803e-06 0.833967 4.52014e-06 0.551815 0.478584
0.61255 -2.17224e-05 -0.790432 -0.20971 9.65553e-06 1 -1.9999e-05 -5.03704e-06 0.790432 4.61837e-06 0.61255 0.492511
0.702029 -2.16085e-05 -0.712148 -0.214437 1.17322e-05 1 -1.87771e-05 -5.19346e-06 0.712148 4.82702e-06 0.702029 0.512871
0.748073 -2.15838e-05 -0.663617 -0.214171 1.29515e-05 1 -1.79247e-05 -5.23519e-06 0.663617 4.81418e-06 0.748073 0.523543
0.814779 -2.19309e-05 -0.579772 -0.210547 1.52678e-05 1 -1.63703e-05 -5.28613e-06 0.579772 4.48628e-06 0.814779 0.539549
0.867922 -2.15142e-05 -0.4967 -0.204425 1.63059e-05 1 -1.48216e-05 -5.15438e-06 0.4967 4.76483e-06 0.867922 0.553087
0.920809 -6.29743e-05 -0.390014 -0.1942 6.12013e-05 1 -1.69726e-05 -1.42461e-05 0.390014 -8.2408e-06 0.920809 0.567847
0.94893 -2.1684e-05 -0.315486 -0.185933 1.91704e-05 1 -1.10709e-05 -4.88479e-06 0.315486 4.45753e-06 0.94893 0.5767
0.977772 -2.15605e-05 -0.209672 -0.17301 2.0154e-05 1 -8.84499e-06 -4.66189e-06 0.209672 4.42266e-06 0.977772 0.587483
0.992643 -6.48769e-05 -0.121076 -0.161321 6.39632e-05 1 -1.14326e-05 -1.36506e-05 0.121076 3.60413e-06 0.992643 0.595041
0.99977 -2.16175e-05 -0.0214675 -0.147372 2.15157e-05 1 -4.96929e-06 -4.16654e-06 0.0214675 4.50626e-06 0.99977 0.602041
0.997657 -2.15775e-05 0.0684209 -0.134134 2.18253e-05 1 -2.87448e-06 -3.90191e-06 -0.0684209 4.36105e-06 0.997657 0.607036
0.987531 -6.34418e-05 0.157426 -0.120459 6.50946e-05 1 -5.34277e-06 -1.28309e-05 -0.157426 1.55237e-05 0.987531 0.610751
0.971406 -2.1856e-05 0.237423 -0.108056 2.23188e-05 1 7.38832e-07 -3.37996e-06 -0.237423 4.58129e-06 0.971406 0.613016
0.964632 -2.16993e-05 0.2636 -0.10416 2.20909e-05 1 1.47867e-06 -3.2668e-06 -0.2636 4.39678e-06 0.964632 0.613539
0.960625 -2.15288e-05 0.277849 -0.10227 2.19141e-05 1 1.7187e-06 -3.23596e-06 -0.277849 4.43781e-06 0.960625 0.61379
0.963799 -2.17916e-05 0.266628 -0.104565 2.2166e-05 1 1.60548e-06 -3.26647e-06 -0.266628 4.36271e-06 0.963799 0.613628
0.970533 -2.16702e-05 0.240968 -0.109217 2.21206e-05 1 8.35887e-07 -3.42611e-06 -0.240968 4.51911e-06 0.970533 0.613146
0.979183 -2.15979e-05 0.20298 -0.115813 2.20604e-05 1 -1.63557e-08 -3.52272e-06 -0.20298 4.49384e-06 0.979183 0.61221
0.987932 -6.33163e-05 0.154887 -0.123886 6.47588e-05 1 -4.26771e-06 -1.25086e-05 -0.154887 1.42465e-05 0.987932 0.610667
0.993041 -2.16466e-05 0.117771 -0.129945 2.20193e-05 1 -1.86426e-06 -3.8181e-06 -0.117771 4.44453e-06 0.993041 0.609215
0.99654 -2.22377e-05 0.0831203 -0.135445 2.25988e-05 1 -3.4038e-06 -4.08123e-06 -0.0831203 5.27044e-06 0.99654 0.607648
0.997871 -2.16058e-05 0.0652191 -0.138168 2.18546e-05 1 -3.10184e-06 -3.98566e-06 -0.0652191 4.52057e-06 0.997871 0.606751
0.998216 -2.1386e-05 0.0597076 -0.138968 2.16202e-05 1 -3.27646e-06 -4.03708e-06 -0.0597076 4.5615e-06 0.998216 0.60646
0.99854 -6.50476e-05 0.0540236 -0.139746 6.53136e-05 1 -3.15793e-06 -1.2006e-05 -0.0540236 6.6818e-06 0.99854 0.606149
0.998696 -1.72759e-05 0.0510565 -0.140158 1.76888e-05 1 -7.63487e-06 -4.44279e-06 -0.0510565 8.52803e-06 0.998696 0.605987
0.999365 -1.88247e-06 0.0356435 -0.142554 2.59852e-06 1 -2.0043e-05 -5.33038e-06 -0.0356435 2.01228e-05 0.999365 0.60516
0.999999 -4.31296e-05 -0.001042 -0.148231 4.31138e-05 1 -1.51826e-05 -1.13285e-05 0.001042 1.51376e-05 0.999999 0.60305
0.999088 -2.16205e-05 -0.0427021 -0.154557 2.14123e-05 1 -5.33393e-06 -4.32148e-06 0.0427021 4.41472e-06 0.999088 0.600401
0.996096 -2.0847e-05 -0.0882803 -0.161332 2.04016e-05 1 -5.94819e-06 -4.28144e-06 0.0882803 4.1239e-06 0.996096 0.597197
0.99201 -2.20887e-05 -0.126157 -0.166846 2.13206e-05 1 -7.43861e-06 -4.62486e-06 0.126157 4.68943e-06 0.99201 0.59429
0.985835 -2.15488e-05 -0.16772 -0.170943 2.04802e-05 1 -8.10117e-06 -4.57612e-06 0.16772 4.55149e-06 0.985835 0.578853
0.983203 -2.16042e-05 -0.182517 -0.16938 2.04205e-05 1 -8.36464e-06 -4.43816e-06 0.182517 4.49704e-06 0.983203 0.555712
0.981747 -2.27901e-05 -0.190192 -0.16525 2.15593e-05 1 -8.54013e-06 -4.13615e-06 0.190192 4.28383e-06 0.981747 0.525575
0.981085 -2.16231e-05 -0.193578 -0.160668 2.03463e-05 1 -8.58369e-06 -3.98827e-06 0.193578 4.48273e-06 0.981085 0.497692
0.980615 -2.19495e-05 -0.195947 -0.153835 2.06363e-05 1 -8.74362e-06 -3.67063e-06 0.195947 4.53052e-06 0.980615 0.459398
0.980366 -2.16856e-05 -0.197185 -0.147816 2.03829e-05 1 -8.63606e-06 -3.38492e-06 0.197185 4.4473e-06 0.980366 0.426703
0.980096 -2.17807e-05 -0.198525 -0.143164 2.04596e-05 1 -8.70604e-06 -3.18172e-06 0.198525 4.47101e-06 0.980096 0.401119
0.974344 -2.18479e-05 -0.225063 -0.143072 2.03711e-05 1 -8.88388e-06 -3.04988e-06 0.225063 4.07118e-06 0.974344 0.378253
0.969438 -2.06958e-05 -0.245335 -0.14461 1.85254e-05 1 -1.11546e-05 -3.19694e-06 0.245335 6.2688e-06 0.969438 0.36942
0.957342 -2.1582e-05 -0.288957 -0.14878 1.93903e-05 1 -1.04471e-05 -3.07753e-06 0.288957 4.39849e-06 0.957342 0.355375
0.940004 -2.2722e-05 -0.341163 -0.15436 1.99614e-05 1 -1.1602e-05 -3.07401e-06 0.341163 4.09583e-06 0.940004 0.342408
0.926493 -2.18467e-05 -0.376313 -0.158242 1.86657e-05 1 -1.20992e-05 -3.20929e-06 0.376313 4.18573e-06 0.926493 0.334794
0.914719 -2.16646e-05 -0.40409 -0.160992 1.79493e-05 1 -1.29824e-05 -3.24751e-06 0.40409 4.62207e-06 0.914719 0.327886
0.924499 -2.16454e-05 -0.381185 -0.157402 1.82505e-05 1 -1.25213e-05 -3.17479e-06 0.381185 4.61909e-06 0.924499 0.328608
0.943681 -1.10155e-05 -0.330856 -0.150342 1.89334e-05 1 2.07085e-05 -3.0295e-06 0.330856 -2.58065e-05 0.943681 0.333166
0.966694 1.57812e-05 -0.255934 -0.139834 -1.89344e-05 1 -9.85655e-06 -5.32867e-06 0.255934 1.43742e-05 0.966694 0.340034
0.985581 -2.69576e-06 -0.169204 -0.127423 -2.30666e-07 1 -1.72756e-05 -6.79305e-06 0.169204 1.70655e-05 0.985581 0.347266
0.997026 -2.16356e-05 -0.077072 -0.113874 2.12385e-05 1 -5.97267e-06 -2.32413e-06 0.077072 4.31801e-06 0.997026 0.353886
0.99993 -5.16929e-05 -0.0118469 -0.104155 5.18861e-05 1 1.59964e-05 -7.7058e-06 0.0118469 -1.661e-05 0.99993 0.357691
0.999911 -2.16356e-05 0.0133718 -0.100438 2.16935e-05 1 -4.1802e-06 -2.06393e-06 -0.0133718 4.4699e-06 0.999911 0.358901
0.99941 -3.43384e-05 0.0343382 -0.097456 3.40616e-05 1 8.6485e-06 -7.60699e-07 -0.0343382 -7.47378e-06 0.99941 0.359733
0.999204 -2.18026e-05 0.0398946 -0.0967173 2.1966e-05 1 -3.65809e-06 -1.98012e-06 -0.0398946 4.5315e-06 0.999204 0.359901
0.999827 -2.15973e-05 0.0185741 -0.100293 2.16756e-05 1 -4.01913e-06 -2.05517e-06 -0.0185741 4.42105e-06 0.999827 0.358529
0.999928 -4.32558e-05 -0.0120066 -0.10513 4.30737e-05 1 -1.54325e-05 -9.29749e-06 0.0120066 1.49142e-05 0.999928 0.356626
0.998799 -2.16497e-05 -0.0490004 -0.110829 2.14096e-05 1 -5.42475e-06 -2.24537e-06 0.0490004 4.36915e-06 0.998799 0.354166
0.995111 -2.16047e-05 -0.0987608 -0.11829 2.10599e-05 1 -6.55804e-06 -2.40608e-06 0.0987608 4.44609e-06 0.995111 0.350552
0.990167 -2.20742e-05 -0.139888 -0.124292 2.10662e-05 1 -8.68634e-06 -2.60412e-06 0.139888 5.65401e-06 0.990167 0.347287
0.985737 -2.1802e-05 -0.16829 -0.128289 2.07561e-05 1 -7.97378e-06 -2.58461e-06 0.16829 4.367e-06 0.985737 0.34488
0.983316 -2.16049e-05 -0.181907 -0.130119 2.04268e-05 1 -8.34984e-06 -2.6383e-06 0.181907 4.49473e-06 0.983316 0.343684
0.981778 -3.62237e-05 -0.190033 -0.13115 3.27348e-05 1 -2.14981e-05 -5.13476e-06 0.190033 1.48857e-05 0.981778 0.34296
0.981014 -2.16161e-05 -0.193936 -0.131605 2.03649e-05 1 -8.44528e-06 -2.65964e-06 0.193936 4.33545e-06 0.981014 0.34261
0.980518 -2.17871e-05 -0.196427 -0.131862 2.04892e-05 1 -8.6395e-06 -2.6864e-06 0.196427 4.44655e-06 0.980518 0.342389
0.980276 -3.05295e-06 -0.197635 -0.13196 4.33356e-06 1 6.04718e-06 6.95968e-07 0.197635 -6.78436e-06 0.980276 0.342283
0.980182 4.72949e-07 -0.198101 -0.131985 -1.32857e-06 1 -4.18619e-06 -4.39473e-06 0.198101 4.36641e-06 0.980182 0.342244
0.980107 -2.16204e-05 -0.198468 -0.131992 2.03072e-05 1 -8.65209e-06 -2.67566e-06 0.198468 4.44966e-06 0.980107 0.342215
0.980076 -2.16753e-05 -0.198624 -0.131984 2.03597e-05 1 -8.6661e-06 -2.67487e-06 0.198624 4.4495e-06 0.980076 0.342203
0.980062 -2.44983e-05 -0.19869 -0.131975 2.39677e-05 1 -5.0756e-06 -2.29309e-06 0.19869 2.12259e-07 0.980062 0.342199
0.980055 -2.16167e-05 -0.198729 -0.131965 2.0289e-05 1 -8.71701e-06 -2.66582e-06 0.198729 4.51113e-06 0.980055 0.342197
0.98005 -2.18056e-05 -0.19875 -0.131956 2.04822e-05 1 -8.71466e-06 -2.6752e-06 0.19875 4.46997e-06 0.98005 0.342197
0.980048 -2.20429e-05 -0.198759 -0.131949 2.07276e-05 1 -8.69838e-06 -2.64516e-06 0.198759 4.40503e-06 0.980048 0.342197
