0 0 0 
2.68191e-06 2.07451e-07 -2.27223e-07 
4.45649e-06 6.59284e-08 -1.47543e-06 
6.55747e-06 -1.75417e-08 -2.0408e-06 
8.95955e-06 -5.49652e-06 -1.1048e-06 
8.85818e-06 1.95899e-07 -1.13586e-06 
9.72003e-06 -3.90141e-06 -1.18044e-06 
1.07791e-05 -6.00669e-06 -5.57729e-07 
1.47051e-05 1.00772e-08 -3.00262e-07 
1.45106e-05 -5.51366e-06 3.33748e-07 
1.76935e-05 -4.24561e-06 1.75587e-06 
2.11154e-05 -4.7183e-06 3.32455e-07 
-4.0126e-05 -9.56006e-09 1.94682e-06 
-0.0001953 -6.20992e-06 -2.86549e-06 
-0.000359691 -2.85885e-09 -1.51656e-05 
-0.000508152 -6.8432e-09 -3.69268e-05 
-0.000564193 -1.01518e-08 -5.58002e-05 
-0.000566084 -6.41482e-06 -7.0408e-05 
-0.000623318 -1.72251e-08 -9.71307e-05 
-0.000689518 9.70017e-10 -0.000133236 
-0.000747744 -8.46713e-09 -0.000175076 
-0.000792761 -1.60705e-09 -0.000220322 
-0.000823634 7.02533e-09 -0.000267005 
-0.000840987 -3.26465e-08 -0.000314466 
-0.000847499 1.15931e-09 -0.000361386 
-0.000845586 4.61664e-09 -0.000408017 
-0.000835025 -5.42566e-06 -0.000452988 
-0.000821774 2.76195e-07 -0.000500294 
-0.000801427 -3.47058e-09 -0.000542492 
-0.000776469 -7.75598e-09 -0.000584724 
-0.000748397 3.80741e-09 -0.000624875 
-0.000717268 -9.62187e-09 -0.000663295 
-0.000682905 2.10834e-07 -0.000699772 
-0.000647047 -1.22145e-08 -0.00073451 
-0.000608534 1.63917e-08 -0.00076687 
-0.000567702 6.01388e-09 -0.000798054 
-0.000524767 -1.95176e-10 -0.000826975 
-0.000480466 1.23091e-09 -0.000854112 
-0.000434938 -6.96767e-09 -0.00087869 
-0.000388842 -3.26833e-06 -0.000899504 
-0.000341859 -4.9957e-09 -0.000920561 
-0.000293311 -1.51056e-08 -0.000938401 
-0.000243628 -3.37063e-06 -0.00095514 
-0.000193047 -8.62108e-09 -0.000967235 
-0.00014171 -8.04831e-09 -0.000978034 
-8.92545e-05 -3.80173e-09 -0.000921541 
-0.00687713 -4.8455e-09 -0.000744502 
-0.0283742 -1.33146e-08 -0.000661314 
-0.0605942 -1.42269e-08 -0.000853961 
-0.100548 -9.42684e-09 -0.00135496 
-0.13925 4.8403e-08 -0.00195487 
-0.174114 -2.59079e-08 -0.00257385 
-0.21586 9.96447e-09 -0.00347927 
-0.262683 -4.3436e-06 -0.00460283 
-0.31317 -3.67666e-06 -0.00588475 
-0.366301 -5.24615e-06 -0.00728599 
-0.421342 -7.97656e-08 -0.0087732 
-0.477756 -8.51501e-08 -0.010323 
-0.535163 -3.41409e-06 -0.0119194 
-0.593286 1.35654e-07 -0.0135449 
-0.651923 -6.98023e-06 -0.0151987 
-0.710936 -1.33228e-07 -0.0168658 
-0.770216 -5.58494e-06 -0.0185488 
-0.82969 -1.71539e-07 -0.020236 
-0.889303 -4.71611e-06 -0.0219323 
-0.94902 -1.93759e-07 -0.0236333 
-1.00881 -6.81275e-06 -0.025339 
-1.06865 -5.26655e-06 -0.0270453 
-1.12853 -5.62677e-06 -0.0287547 
-1.18843 -2.30414e-07 -0.030462 
-1.24836 -5.29554e-06 -0.0321737 
-1.30829 -3.72054e-06 -0.033885 
-1.36824 -2.84325e-07 -0.0355954 
-1.4282 -3.02894e-07 -0.0373077 
-1.48816 -3.29785e-07 -0.0390199 
-1.54812 -7.74137e-06 -0.0407306 
-1.60809 -3.72813e-07 -0.0424446 
-1.66807 -3.94376e-07 -0.0441569 
-1.72804 -9.16385e-08 -0.0458703 
-1.78801 -3.83928e-07 -0.0475823 
-1.84798 -6.41085e-06 -0.0492929 
-1.90796 -6.38908e-06 -0.0510106 
-1.96793 -3.09273e-07 -0.0527207 
-2.02791 -4.37402e-07 -0.0544333 
-2.08788 -4.27306e-07 -0.0561448 
-2.14786 -4.59908e-07 -0.057858 
-2.20783 -4.98672e-07 -0.0595707 
-2.26781 -5.00681e-07 -0.0612836 
-2.32779 -4.16824e-06 -0.0629957 
-2.38776 -5.70649e-06 -0.0647111 
-2.44774 -5.4166e-06 -0.0664231 
-2.50772 -5.10448e-07 -0.068136 
-2.56769 -5.52732e-07 -0.0698488 
-2.62767 -5.72701e-07 -0.0715616 
-2.68765 -3.91734e-07 -0.0732739 
-2.74762 -6.11603e-07 -0.0749868 
-2.8076 -6.32219e-06 -0.0766974 
-2.86757 -6.34565e-07 -0.0784122 
-2.92755 -6.17223e-06 -0.0801225 
-2.98753 -5.80101e-06 -0.0818401 
-3.0475 -6.60119e-06 -0.0835527 
-3.10748 -4.34818e-06 -0.0852624 
-3.16746 -6.46946e-06 -0.0869789 
-3.22743 -7.11305e-07 -0.0886894 
-3.28086 -5.07135e-06 -0.0901978 
-3.31955 -7.60047e-07 -0.0912908 
-3.34746 -6.72196e-06 -0.0921444 
-3.36759 -7.47448e-07 -0.0928628 
-3.3821 -7.48315e-07 -0.0934375 
-3.39255 -7.18861e-07 -0.0938788 
-3.40008 -7.8169e-07 -0.0942091 
-3.4055 -7.58646e-07 -0.094451 
-3.40939 -7.87604e-07 -0.0946246 
-3.41218 -6.74222e-06 -0.0947487 
-3.41418 -7.63396e-07 -0.0948292 
-3.41561 -7.60029e-07 -0.0948824 
-3.41663 -7.27287e-07 -0.0949133 
-3.41736 -7.8751e-07 -0.0949275 
-3.41786 -4.66521e-06 -0.0949312 
-3.41822 -7.46858e-07 -0.094926 
-3.41847 -7.38174e-07 -0.0949138 
-3.41864 -7.64784e-07 -0.0948958 
-3.41875 -7.76388e-07 -0.0948734 
-3.41882 -7.93372e-07 -0.0948467 
-3.41886 -5.64381e-06 -0.0948172 
-3.41888 -6.79622e-07 -0.0947818 
-3.41888 -7.61341e-07 -0.0947457 
-3.41888 -7.4262e-07 -0.0947079 
-3.41887 -7.47735e-07 -0.0946676 
-3.41886 -7.69225e-07 -0.0946258 
-3.42153 -8.12436e-07 -0.100866 
-3.42951 -9.89397e-07 -0.120809 
-3.44065 -5.28567e-06 -0.151003 
-3.45351 -5.70484e-06 -0.188782 
-3.46722 -1.89833e-06 -0.232148 
-3.48135 -2.31235e-06 -0.279602 
-3.49568 -2.69951e-06 -0.330031 
-3.5101 -2.89505e-06 -0.382621 
-3.52456 -3.57904e-06 -0.436775 
-3.53731 -8.74644e-06 -0.485447 
-3.54643 -1.10056e-05 -0.520692 
-3.55296 -4.48652e-06 -0.546121 
-3.55764 -9.42157e-06 -0.564464 
-3.561 -4.74611e-06 -0.577685 
-3.56341 -4.78888e-06 -0.587212 
-3.56515 -1.22759e-05 -0.594071 
-3.5664 -4.89476e-06 -0.599007 
-3.56731 -4.93189e-06 -0.602554 
-3.56796 -4.94567e-06 -0.605099 
-3.56843 -4.93743e-06 -0.60692 
-3.56878 -5.00823e-06 -0.60822 
-3.56903 -4.99083e-06 -0.609143 
-3.56922 -5.02372e-06 -0.609796 
-3.56936 -1.09811e-05 -0.610252 
-3.56948 -5.00423e-06 -0.610569 
-3.56957 -5.00221e-06 -0.610785 
-3.56964 -4.97039e-06 -0.610928 
-3.5697 -5.03125e-06 -0.611019 
-3.56975 -5.0067e-06 -0.611073 
-3.5698 -5.03446e-06 -0.611102 
-3.56985 -1.09881e-05 -0.61111 
-3.5699 -5.00867e-06 -0.611109 
-3.56994 -5.00478e-06 -0.611098 
-3.56998 -4.97166e-06 -0.611081 
-3.57003 -5.03159e-06 -0.611061 
-3.57007 -5.00642e-06 -0.611039 
-3.57012 -5.03376e-06 -0.611017 
-3.57017 -1.09872e-05 -0.610993 
-3.57022 -5.00756e-06 -0.610973 
-3.57027 -5.00359e-06 -0.610953 
-3.57032 -4.97045e-06 -0.610935 
-3.57037 -5.03042e-06 -0.610918 
-3.57042 -5.00531e-06 -0.610904 
-3.57047 -5.03274e-06 -0.610893 
-3.57053 -1.09867e-05 -0.610943 
-3.57059 -5.00851e-06 -0.611092 
-3.57064 -5.00607e-06 -0.611256 
-3.56387 -5.00292e-06 -0.611904 
-3.54242 -5.03854e-06 -0.613551 
-3.51027 -5.07152e-06 -0.615869 
-3.4704 -5.09377e-06 -0.618642 
-3.42495 -5.08354e-06 -0.621728 
-3.38231 -5.11506e-06 -0.624593 
-3.35144 -9.35742e-06 -0.626793 
-3.32921 -1.1017e-05 -0.628597 
-3.31321 -5.16412e-06 -0.630011 
-3.29511 -1.17933e-05 -0.632821 
-3.26627 -5.11512e-06 -0.639836 
-3.2299 -5.14057e-06 -0.65093 
-3.18837 -5.45304e-06 -0.665658 
-3.14327 -5.59396e-06 -0.683362 
-3.10126 -5.74422e-06 -0.7006 
-3.07073 -5.86578e-06 -0.713009 
-3.04869 -5.92866e-06 -0.721899 
-3.03278 -5.98147e-06 -0.728278 
-3.02132 -6.03204e-06 -0.732919 
-3.0131 -1.20212e-05 -0.73636 
-3.00718 -6.05178e-06 -0.738898 
-3.00291 -9.77469e-06 -0.740755 
-2.99984 -6.08836e-06 -0.742107 
-2.99763 -6.10649e-06 -0.743092 
-2.99603 -6.12174e-06 -0.743807 
-2.99488 -1.32128e-05 -0.744323 
-2.99403 -6.10803e-06 -0.744638 
-2.9934 -6.13657e-06 -0.74476 
-2.99294 -1.20905e-05 -0.74479 
-2.99261 -6.11095e-06 -0.744786 
-2.99239 -6.10751e-06 -0.74483 
-2.99225 -9.57993e-06 -0.744961 
-2.99215 -6.08654e-06 -0.745111 
-2.99208 -1.08755e-05 -0.745249 
-2.98522 -6.12249e-06 -0.745819 
-2.9637 -6.12963e-06 -0.747335 
-2.9315 -6.14766e-06 -0.749512 
-2.89158 -6.10402e-06 -0.752151 
-2.84611 -6.18396e-06 -0.755116 
-2.79662 -6.22067e-06 -0.758311 
-2.74424 -6.25343e-06 -0.761673 
-2.68977 -1.12911e-05 -0.765152 
-2.63379 -6.31331e-06 -0.768718 
-2.57673 -6.29148e-06 -0.772344 
-2.51888 -6.32429e-06 -0.776017 
-2.46047 -6.40414e-06 -0.779722 
-2.40165 -1.21974e-05 -0.783448 
-2.34253 -1.30718e-05 -0.787193 
-2.2832 -1.20214e-05 -0.790953 
-2.22372 -6.36654e-06 -0.794716 
-2.16413 -6.59201e-06 -0.798489 
-2.10446 -1.29663e-05 -0.802262 
-2.04472 -6.62246e-06 -0.806043 
-1.98495 -6.64431e-06 -0.809824 
-1.92515 -6.60257e-06 -0.813606 
-1.86532 -1.27014e-05 -0.817388 
-1.80548 -6.75669e-06 -0.821174 
-1.74563 -6.77466e-06 -0.824958 
-1.68577 -1.14971e-05 -0.828741 
-1.62591 -6.82239e-06 -0.832527 
-1.56604 -6.87845e-06 -0.836312 
-1.50617 -6.82655e-06 -0.840097 
-1.4463 -6.95186e-06 -0.843882 
-1.38642 -1.19895e-05 -0.847666 
-1.32654 -7.00529e-06 -0.851453 
-1.26667 -1.2418e-05 -0.855236 
-1.20679 -7.0662e-06 -0.859024 
-1.14691 -1.21181e-05 -0.86281 
-1.08703 -7.12887e-06 -0.866596 
-1.02715 -7.17884e-06 -0.870382 
-0.967262 -1.22123e-05 -0.874092 
-0.907364 -7.17445e-06 -0.87751 
-0.854283 -7.25893e-06 -0.880232 
-0.815888 -7.25001e-06 -0.88217 
-0.788201 -7.28921e-06 -0.883556 
-0.768241 -1.32512e-05 -0.884548 
-0.753856 -7.27748e-06 -0.885267 
-0.743492 -7.27803e-06 -0.885786 
-0.73603 -7.24813e-06 -0.886164 
-0.73066 -7.3106e-06 -0.886442 
-0.7268 -7.28731e-06 -0.886649 
-0.724028 -7.31614e-06 -0.886805 
-0.722043 -1.32706e-05 -0.886923 
-0.720622 -7.29207e-06 -0.88702 
-0.719609 -7.28894e-06 -0.887098 
-0.71889 -7.25646e-06 -0.887163 
-0.718383 -7.31705e-06 -0.88722 
-0.718027 -7.29248e-06 -0.887272 
-0.717781 -7.3204e-06 -0.887321 
-0.717614 -1.32743e-05 -0.887367 
-0.7175 -7.29533e-06 -0.887414 
-0.713309 -1.41254e-05 -0.88201 
-0.700688 -9.88276e-06 -0.864584 
-0.682612 -6.97963e-06 -0.837931 
-0.661316 -6.60562e-06 -0.804192 
-0.638359 -6.28773e-06 -0.764979 
-0.614733 -5.92286e-06 -0.721548 
-0.590988 -1.26516e-05 -0.674907 
-0.567343 -5.12159e-06 -0.625865 
-0.543871 -4.73393e-06 -0.575051 
-0.520574 -4.37021e-06 -0.522938 
-0.497429 -1.09658e-05 -0.469877 
-0.474402 -3.44393e-06 -0.416126 
-0.451541 -2.96958e-06 -0.361848 
-0.429025 -2.49275e-06 -0.307102 
-0.409392 -2.13018e-06 -0.258334 
-0.395219 -7.82796e-06 -0.223048 
-0.385016 -1.63855e-06 -0.197599 
-0.377663 -1.48621e-06 -0.17925 
-0.372365 -1.38561e-06 -0.166027 
-0.368546 -1.28445e-06 -0.1565 
-0.365793 -1.2329e-06 -0.149642 
-0.363807 -1.18474e-06 -0.144709 
-0.362375 -1.15048e-06 -0.141165 
-0.361341 -1.00406e-06 -0.138622 
-0.360591 -1.12061e-06 -0.136804 
-0.360049 -6.12744e-06 -0.135505 
-0.359655 -6.88895e-06 -0.134585 
-0.359365 -6.22683e-06 -0.133934 
-0.359149 -6.09944e-06 -0.133479 
-0.358992 -7.72544e-06 -0.133163 
-0.358868 -1.10117e-06 -0.132949 
-0.358772 -5.97957e-06 -0.132809 
-0.358697 -1.09584e-06 -0.132719 
-0.358634 -9.86443e-07 -0.132668 
-0.358528 -1.06793e-06 -0.132601 
-0.358364 -1.09191e-06 -0.132491 
-0.358199 -8.86354e-07 -0.132376 
-0.358057 -1.0511e-06 -0.132275 
-0.357943 -1.05382e-06 -0.132193 
-0.357856 -6.4887e-06 -0.132129 
-0.357786 -1.08355e-06 -0.132077 
-0.357736 -1.08075e-06 -0.132039 
-0.357697 -1.09376e-06 -0.132011 
-0.357666 -6.89786e-06 -0.131989 
-0.357646 -1.08363e-06 -0.131974 
-0.35763 -1.0937e-06 -0.131962 
-0.357617 -1.08447e-06 -0.131954 
-0.357608 -9.5211e-07 -0.131948 
-0.357599 -1.09758e-06 -0.131943 
-0.357593 -1.10243e-06 -0.131939 
-0.357588 -1.08357e-06 -0.131935 
-0.357583 -1.09004e-06 -0.131932 
-0.357579 -1.11368e-06 -0.131929 
-0.357575 -1.1039e-06 -0.131927 
-0.35757 -1.07067e-06 -0.131925 
-0.357567 -1.11637e-06 -0.131923 
-0.357563 -1.08047e-06 -0.131922 
-0.357558 -8.86737e-07 -0.13192 
-0.357554 -5.88998e-06 -0.13192 
-0.357551 -2.91614e-06 -0.131917 
-0.357547 -8.64279e-07 -0.131915 
-0.357544 -1.04988e-06 -0.131914 
-0.357541 -1.10767e-06 -0.131913 
-0.35754 -6.84473e-06 -0.131913 
-0.357532 -7.09429e-06 -0.131909 
-0.357531 -1.09075e-06 -0.13191 
-0.357528 -1.08964e-06 -0.131908 
-0.357525 -1.05243e-06 -0.131907 
-0.357523 -1.07731e-06 -0.131907 
