1.000000000 0.000000000 0.000000000 0.000000000 0.000000000 1.000000000 0.000000000 0.000000000 0.000000000 0.000000000 1.000000000 0.000000000
1.000000000 0.000009841 -0.000001534 -0.000014328 -0.000009841 1.000000000 -0.000018637 0.000013121 0.000001533 0.000018637 1.000000000 0.000034157
1.000000000 -0.000009303 -0.000004066 0.000000573 0.000009303 1.000000000 0.000031130 -0.000029313 0.000004066 -0.000031130 1.000000000 -0.000007303
1.000000000 0.000071023 -0.000027430 0.000015020 -0.000071026 1.000000000 -0.000093668 0.000046712 0.000027423 0.000093670 1.000000000 -0.000068506
1.000000000 0.000005594 -0.000019621 0.000014747 -0.000005592 1.000000000 0.000070715 -0.000046421 0.000019621 -0.000070715 1.000000000 0.000015075
1.000000000 0.000005258 -0.000018170 0.000013284 -0.000005256 1.000000000 0.000070432 -0.000046237 0.000018170 -0.000070431 1.000000000 0.000015142
1.000000000 -0.000010580 -0.000001050 0.000012439 0.000010580 1.000000000 -0.000020614 0.000000209 0.000001050 0.000020614 1.000000000 0.000004754
1.000000000 -0.000020625 -0.000003453 -0.000003978 0.000020626 0.999999940 0.000275946 -0.000235375 0.000003447 -0.000275946 0.999999940 -0.000056483
1.000000000 0.000015069 -0.000006903 -0.000004105 -0.000015067 1.000000000 0.000237770 -0.000196924 0.000006907 -0.000237769 1.000000000 -0.000048271
1.000000000 0.000015273 -0.000006558 -0.000004695 -0.000015271 1.000000000 0.000237786 -0.000197102 0.000006562 -0.000237786 1.000000000 -0.000048711
1.000000000 0.000014393 -0.000006014 -0.000005426 -0.000014391 1.000000000 0.000240015 -0.000199283 0.000006017 -0.000240015 1.000000000 -0.000049843
0.999999940 0.000038041 -0.000257758 0.000132439 -0.000038070 1.000000000 -0.000112115 0.000048870 0.000257754 0.000112125 0.999999940 0.000677640
0.999999940 -0.000122812 -0.000315274 0.000313627 0.000122673 0.999999881 -0.000440713 0.000088981 0.000315328 0.000440674 0.999999881 0.014245319
0.999999702 -0.000456046 -0.000619752 0.000478806 0.000456091 0.999999881 0.000072730 -0.000350532 0.000619719 -0.000073013 0.999999821 0.040706415
1.000000000 -0.000089464 -0.000144642 -0.000145780 0.000089396 0.999999881 -0.000466292 0.000359291 0.000144684 0.000466280 0.999999881 0.076486327
0.999999762 -0.000488004 0.000459283 -0.000636592 0.000488510 0.999999285 -0.001103275 0.000789742 -0.000458744 0.001103499 0.999999285 0.117827691
0.999999702 -0.000517581 -0.000607783 0.000263488 0.000516974 0.999999344 -0.000997502 0.000638587 0.000608299 0.000997188 0.999999344 0.151646510
0.999999821 -0.000510595 -0.000379736 -0.000035896 0.000510071 0.999998927 -0.001377097 0.001021394 0.000380438 0.001376903 0.999998987 0.190292105
0.999999940 0.000256783 -0.000197959 -0.000614525 -0.000256855 0.999999881 -0.000361029 0.000136266 0.000197866 0.000361079 0.999999940 0.233616069
0.999999821 -0.000207248 0.000507862 -0.001267302 0.000207752 0.999999464 -0.000992236 0.000435545 -0.000507656 0.000992342 0.999999404 0.281837374
0.999999404 -0.000201814 0.001087610 -0.001965573 0.000203388 0.999998927 -0.001446861 0.000216828 -0.001087317 0.001447081 0.999998391 0.333752185
0.999999344 -0.000461912 0.001044264 -0.001911415 0.000462199 0.999999881 -0.000274962 -0.000693489 -0.001044136 0.000275445 0.999999404 0.387166500
0.999999702 -0.000358757 0.000696101 -0.001998372 0.000358702 0.999999940 0.000079602 -0.001400080 -0.000696130 -0.000079352 0.999999762 0.442801237
0.999999940 -0.000368835 -0.000110085 -0.001237752 0.000368879 0.999999881 0.000399349 -0.001294865 0.000109938 -0.000399390 0.999999940 0.500325739
0.999999940 -0.000293690 -0.000014113 -0.001379473 0.000293681 0.999999762 -0.000631824 -0.000758257 0.000014299 0.000631819 0.999999821 0.558317542
0.999999523 0.000038511 0.000968695 -0.002423061 -0.000037707 0.999999642 -0.000829954 -0.000679267 -0.000968727 0.000829917 0.999999166 0.615621269
0.999999762 0.000039550 0.000648530 -0.001905950 -0.000039433 1.000000000 -0.000179527 -0.001698255 -0.000648537 0.000179501 0.999999762 0.673447430
0.999999940 -0.000057456 0.000386141 -0.001447305 0.000057411 1.000000000 0.000116633 -0.002203881 -0.000386147 -0.000116610 0.999999940 0.732904613
0.999999881 -0.000078234 0.000503103 -0.001297837 0.000078186 1.000000000 0.000095744 -0.002110909 -0.000503110 -0.000095705 0.999999881 0.791967690
0.999999821 -0.000553275 0.000140240 -0.001406737 0.000553278 0.999999821 -0.000019336 -0.002543510 -0.000140230 0.000019413 1.000000000 0.852867186
0.999999940 -0.000401243 -0.000126475 -0.000844300 0.000401268 0.999999881 0.000196463 -0.002510298 0.000126396 -0.000196513 1.000000000 0.911987007
0.999999762 -0.000564483 -0.000348493 -0.000861518 0.000564508 0.999999821 0.000071795 -0.002738997 0.000348453 -0.000071992 0.999999940 0.971962154
0.999999940 -0.000107082 -0.000357500 -0.000898874 0.000107114 1.000000000 0.000091192 -0.003086143 0.000357490 -0.000091230 0.999999940 1.030663013
0.999999642 -0.000712330 -0.000511886 -0.000735157 0.000712712 0.999999464 0.000746064 -0.004019900 0.000511354 -0.000746429 0.999999583 1.090723515
0.999999404 -0.000776206 -0.000735984 -0.000731452 0.000777196 0.999998808 0.001345551 -0.004408998 0.000734939 -0.001346122 0.999998808 1.149333239
0.999998868 -0.001136097 -0.000985870 -0.000601987 0.001136481 0.999999285 0.000389148 -0.004021520 0.000985427 -0.000390268 0.999999464 1.209186435
0.999999285 -0.001093019 -0.000537283 -0.001313889 0.001093099 0.999999404 0.000149085 -0.003983632 0.000537120 -0.000149673 0.999999821 1.267979741
0.999999821 -0.000550353 -0.000244137 -0.001276293 0.000550642 0.999999166 0.001187880 -0.004176395 0.000243483 -0.001188014 0.999999285 1.327601671
0.999999106 -0.001075507 -0.000759544 -0.000327156 0.001075363 0.999999404 -0.000189411 -0.003992031 0.000759747 0.000188594 0.999999702 1.388464093
0.999999642 -0.000770410 -0.000322309 -0.000550416 0.000770426 0.999999702 0.000048552 -0.004387824 0.000322272 -0.000048800 0.999999940 1.448193192
0.999998689 -0.001496390 -0.000645711 -0.000988961 0.001496439 0.999998868 0.000075299 -0.004092252 0.000645598 -0.000076266 0.999999762 1.508058667
0.999998868 -0.000951463 -0.001187604 -0.000271565 0.000952478 0.999999166 0.000854406 -0.004825110 0.001186790 -0.000855536 0.999998927 1.567613006
0.999999106 -0.000940613 -0.000949750 -0.001378611 0.000940895 0.999999523 0.000295796 -0.004444965 0.000949471 -0.000296690 0.999999523 1.627748013
0.999999285 -0.001021925 -0.000666946 -0.001803010 0.001022483 0.999999106 0.000836049 -0.004831238 0.000666092 -0.000836730 0.999999404 1.687703490
0.999999523 -0.000746834 -0.000597292 -0.002327034 0.000747259 0.999999464 0.000712749 -0.004550939 0.000596759 -0.000713195 0.999999583 1.747828841
0.999998987 -0.001090219 -0.000920395 -0.002409032 0.001091067 0.999998987 0.000921756 -0.004665402 0.000919389 -0.000922760 0.999999166 1.806925774
0.999999523 -0.000969918 0.000005636 -0.003215880 0.000969914 0.999999344 0.000624731 -0.005037025 -0.000006242 -0.000624726 0.999999821 1.867448449
0.999997854 -0.002046255 0.000250665 -0.003233177 0.002046068 0.999997616 0.000741544 -0.005136502 -0.000252182 -0.000741030 0.999999702 1.927939415
0.999997497 -0.002215958 -0.000268757 -0.003020449 0.002216268 0.999996901 0.001160305 -0.005571948 0.000266185 -0.001160898 0.999999285 1.986706853
0.999998748 -0.001542803 -0.000402448 -0.003219406 0.001542931 0.999998748 0.000319688 -0.004955791 0.000401954 -0.000320308 0.999999881 2.047275066
0.999999225 -0.001206921 -0.000323614 -0.003433709 0.001207326 0.999998510 0.001252658 -0.005181737 0.000322102 -0.001253048 0.999999166 2.106672049
0.999998331 -0.001724424 -0.000608299 -0.003679341 0.001723938 0.999998212 -0.000799047 -0.004099311 0.000609676 0.000797997 0.999999523 2.166456461
0.999999225 -0.001197135 -0.000415396 -0.004341364 0.001197132 0.999999285 -0.000005586 -0.004589176 0.000415402 0.000005089 0.999999940 2.225772381
0.999995887 -0.002755292 -0.000758034 -0.003042574 0.002755477 0.999996185 0.000242040 -0.005135112 0.000757364 -0.000244128 0.999999702 2.284497738
0.999996483 -0.002627365 -0.000432820 -0.003468365 0.002627385 0.999996543 0.000046478 -0.005321732 0.000432696 -0.000047615 0.999999881 2.344422579
0.999996006 -0.002742326 -0.000723104 -0.003094972 0.002742772 0.999996066 0.000615949 -0.006856509 0.000721412 -0.000617930 0.999999523 2.405028105
0.999996662 -0.002470383 -0.000739951 -0.003025316 0.002471194 0.999996364 0.001097973 -0.007146470 0.000737236 -0.001099798 0.999999106 2.464714527
0.999997735 -0.002130757 -0.000148459 -0.003789033 0.002130689 0.999997616 -0.000458253 -0.006721282 0.000149435 0.000457936 0.999999881 2.525438070
0.999999046 -0.001390718 0.000082016 -0.003428098 0.001390638 0.999998569 0.000972355 -0.007594427 -0.000083368 -0.000972240 0.999999523 2.584930420
0.999998629 -0.001614827 -0.000332059 -0.003601812 0.001615085 0.999998391 0.000779711 -0.008222743 0.000330799 -0.000780247 0.999999642 2.643689394
0.999997854 -0.002035948 -0.000417515 -0.003912589 0.002036494 0.999997079 0.001309653 -0.009026765 0.000414847 -0.001310501 0.999999046 2.704833508
0.999999285 -0.001171446 0.000283705 -0.004841650 0.001171360 0.999999285 0.000302811 -0.008205244 -0.000284059 -0.000302478 0.999999940 2.764448881
0.999998808 -0.001555449 0.000101050 -0.004283644 0.001555352 0.999998331 0.000956265 -0.009020988 -0.000102537 -0.000956106 0.999999523 2.824876070
0.999999702 -0.000640770 0.000401597 -0.004959242 0.000640330 0.999999225 0.001094325 -0.008941662 -0.000402298 -0.001094067 0.999999344 2.884113073
0.999997497 -0.001999446 -0.000999193 -0.003246981 0.002000022 0.999997854 0.000575617 -0.008834310 0.000998040 -0.000577614 0.999999344 2.942861080
0.999997973 -0.001953717 -0.000446221 -0.003511058 0.001954413 0.999996841 0.001564418 -0.009140874 0.000443163 -0.001565287 0.999998689 3.003742695
0.999998033 -0.001880566 -0.000596034 -0.003098499 0.001881096 0.999997854 0.000890610 -0.009053103 0.000594358 -0.000891729 0.999999404 3.062610626
0.999998510 -0.001635007 -0.000497818 -0.003208874 0.001635597 0.999997973 0.001187737 -0.008971392 0.000495875 -0.001188550 0.999999166 3.121680498
0.999998510 -0.001717097 0.000188985 -0.007372196 0.001716989 0.999998391 0.000569977 -0.007555901 -0.000189963 -0.000569651 0.999999821 3.182648897
0.999997735 -0.002116587 0.000045804 -0.006922385 0.002116556 0.999997556 0.000652712 -0.007550949 -0.000047186 -0.000652614 0.999999762 3.242081404
0.999997854 -0.002077966 -0.000073786 -0.006199218 0.002077934 0.999997735 -0.000440065 -0.006172356 0.000074700 0.000439911 0.999999881 3.303412676
0.999996424 -0.002677204 0.000021934 -0.006018106 0.002677218 0.999996185 -0.000669283 -0.005900874 -0.000020143 0.000669339 0.999999762 3.364747524
0.999997437 -0.002170116 0.000649639 -0.008952625 0.002170283 0.999997616 -0.000256421 -0.007454973 -0.000649081 0.000257830 0.999999762 3.423832178
0.999997854 -0.002007038 0.000486410 -0.008791642 0.002006925 0.999997973 0.000232486 -0.008052183 -0.000486876 -0.000231509 0.999999881 3.483107090
0.999997616 -0.002092362 0.000632091 -0.008534352 0.002092544 0.999997795 -0.000288384 -0.007475092 -0.000631487 0.000289706 0.999999762 3.529457569
0.999997437 -0.002229220 0.000355780 -0.008279151 0.002228962 0.999997258 0.000725016 -0.008740059 -0.000357395 -0.000724221 0.999999702 3.561662436
0.999998391 -0.001604692 -0.000820427 -0.008787053 0.001605351 0.999998391 0.000803700 -0.008698002 0.000819136 -0.000805016 0.999999344 3.584584475
0.999785781 -0.002182621 -0.020581625 -0.012616490 0.002167522 0.999997377 -0.000755881 -0.007146093 0.020583220 0.000711108 0.999787867 3.604803324
0.998506486 -0.002141762 -0.054591805 -0.017665386 0.002111602 0.999997556 -0.000610144 -0.007576324 0.054592978 0.000493956 0.998508573 3.614979506
0.995283842 -0.002050360 -0.096984051 -0.024176480 0.001999114 0.999997795 -0.000625558 -0.007205531 0.096985124 0.000428726 0.995285749 3.621410847
0.989835620 -0.002110854 -0.142200559 -0.030469943 0.002094333 0.999997795 -0.000265855 -0.007515904 0.142200798 -0.000034662 0.989837825 3.624696493
0.982016325 -0.001836615 -0.188787222 -0.038170669 0.001752178 0.999998271 -0.000614157 -0.007333404 0.188788027 0.000272324 0.982017815 3.625527859
0.971572638 -0.001056063 -0.236739337 -0.044170871 0.001095549 0.999999404 0.000035240 -0.007893907 0.236739159 -0.000293597 0.971573234 3.624073982
0.958651006 -0.001112671 -0.284582078 -0.050826494 0.000960076 0.999999285 -0.000675701 -0.007369270 0.284582645 0.000374541 0.958651423 3.622134209
0.943322241 -0.000795576 -0.331877321 -0.056829158 0.000794314 0.999999702 -0.000139455 -0.007482136 0.331877321 -0.000132064 0.943322539 3.618721008
0.925708055 -0.000793017 -0.378237993 -0.062972903 0.000680177 0.999999702 -0.000431928 -0.007248487 0.378238231 0.000142570 0.925708294 3.614784479
0.905583739 -0.000456629 -0.424167335 -0.068892986 0.000311079 0.999999881 -0.000412389 -0.007422499 0.424167484 0.000241503 0.905583739 3.609526873
0.883417904 -0.000043694 -0.468585968 -0.074079961 -0.000242637 0.999999821 -0.000550685 -0.007374041 0.468585908 0.000600181 0.883417726 3.604360104
0.858898938 -0.000864890 -0.512144387 -0.079248726 0.000126979 0.999998927 -0.001475808 -0.006923115 0.512145102 0.001202538 0.858898103 3.598376513
0.832368731 -0.000278256 -0.554222226 -0.084062219 0.000198967 0.999999940 -0.000203245 -0.008170259 0.554222226 0.000058903 0.832368731 3.591827393
0.803835750 0.000210968 -0.594851315 -0.089079320 -0.000354966 0.999999940 -0.000125016 -0.007875635 0.594851255 0.000311644 0.803835750 3.585504532
0.772515833 -0.000020348 -0.634995520 -0.092574269 0.000144576 1.000000000 0.000143842 -0.008340015 0.634995520 -0.000202925 0.772515833 3.578839779
0.740017891 -0.000306861 -0.672587156 -0.096710503 0.000339773 0.999999940 -0.000082402 -0.007663146 0.672587097 -0.000167548 0.740017951 3.572260380
0.705758452 0.000742389 -0.708452225 -0.100795031 -0.000228471 0.999999642 0.000820300 -0.008307317 0.708452523 -0.000417072 0.705758333 3.565002680
0.669244409 0.000006609 -0.743042350 -0.103151083 -0.000176846 1.000000000 -0.000150387 -0.007579955 0.743042350 0.000232050 0.669244409 3.557631254
0.631287336 -0.000270766 -0.775548995 -0.106940269 -0.000742719 0.999999285 -0.000953692 -0.006432859 0.775548697 0.001178068 0.631286740 3.550487995
0.591828108 -0.000054056 -0.806064248 -0.108824253 -0.000602196 0.999999702 -0.000509206 -0.006866179 0.806064010 0.000786771 0.591827929 3.542875290
0.550702870 0.000026668 -0.834701419 -0.110756397 -0.000906497 0.999999404 -0.000566121 -0.006689237 0.834700942 0.001068419 0.550702572 3.534969091
0.508433819 0.000644550 -0.861100912 -0.112240314 -0.001268554 0.999999225 -0.000000495 -0.006951829 0.861100256 0.001092605 0.508434176 3.527353764
0.464655101 0.000165357 -0.885491729 -0.113465905 -0.001236536 0.999999106 -0.000462122 -0.006358461 0.885490894 0.001309670 0.464654922 3.519381285
0.419888914 0.000644374 -0.907575369 -0.113970876 -0.001976811 0.999998033 -0.000204577 -0.006487289 0.907573402 0.001880004 0.419889331 3.510790825
0.374694824 0.000406254 -0.927148163 -0.114375949 -0.002063515 0.999997795 -0.000395768 -0.006146286 0.927145958 0.002061476 0.374694884 3.503186703
0.327319503 -0.000565711 -0.944913626 -0.115299225 -0.001278902 0.999998629 -0.001041704 -0.005412648 0.944912910 0.001549422 0.327318370 3.495393515
0.279947340 -0.000653264 -0.960015237 -0.114715099 -0.001507487 0.999998212 -0.001120066 -0.005182120 0.960014284 0.001760770 0.279945850 3.487547398
0.232915342 -0.000569014 -0.972496927 -0.113717794 -0.001537761 0.999998391 -0.000953403 -0.005081001 0.972495914 0.001717530 0.232914090 3.479619980
0.203588068 -0.000308624 -0.979056597 -0.113155365 -0.001488748 0.999998689 -0.000624800 -0.005356356 0.979055524 0.001584771 0.203587353 3.474849701
0.187969744 -0.000671199 -0.982174695 -0.112576246 -0.001589889 0.999998271 -0.000987655 -0.004894675 0.982173622 0.001747197 0.187968373 3.472773075
0.179552376 0.000055210 -0.983748436 -0.111683607 -0.001955566 0.999998033 -0.000300805 -0.005718512 0.983746529 0.001977795 0.179552138 3.471459150
0.176339865 0.000492399 -0.984329283 -0.112576008 -0.002843808 0.999995947 -0.000009225 -0.005571917 0.984325290 0.002800870 0.176340580 3.470731497
0.173636794 -0.000404341 -0.984809637 -0.126306295 -0.001529218 0.999998629 -0.000680201 -0.005349318 0.984808505 0.001624097 0.173635960 3.473019123
0.173047423 -0.000686644 -0.984913349 -0.152073622 -0.001450557 0.999998510 -0.000952021 -0.005364210 0.984912515 0.001593417 0.173046172 3.477140427
0.172217786 -0.000148347 -0.985058963 -0.186283112 -0.001604964 0.999998629 -0.000431193 -0.006065480 0.985057652 0.001655243 0.172217309 3.483824253
0.172881842 0.000444718 -0.984942555 -0.230121613 -0.002833529 0.999996006 -0.000045840 -0.005466184 0.984938562 0.002798788 0.172882378 3.489029408
0.172249913 -0.000126259 -0.985053301 -0.264405012 -0.001709131 0.999998450 -0.000427040 -0.005635080 0.985051811 0.001757143 0.172249436 3.494974136
0.171825171 -0.000588221 -0.985127270 -0.301138639 -0.002188775 0.999997139 -0.000978864 -0.004625266 0.985125065 0.002324415 0.171823382 3.502152205
0.171369970 -0.000317147 -0.985206723 -0.345190048 -0.002425003 0.999996781 -0.000743721 -0.005791504 0.985203803 0.002516581 0.171368659 3.508531094
0.151842892 -0.000629033 -0.988404512 -0.392240286 -0.002168857 0.999997199 -0.000969601 -0.005357921 0.988402367 0.002290935 0.151841104 3.513733387
0.117376387 0.000102528 -0.993087649 -0.440661430 -0.002328565 0.999997258 -0.000171980 -0.005952193 0.993084908 0.002332655 0.117376268 3.516897440
0.075203359 -0.000850491 -0.997167826 -0.479839087 -0.001701471 0.999998093 -0.000981224 -0.005127858 0.997166753 0.001770444 0.075201750 3.518214226
0.031085193 -0.000947118 -0.999516428 -0.520122051 -0.001940965 0.999997616 -0.001007939 -0.004911183 0.999514937 0.001971359 0.031083286 3.516895056
0.004234433 -0.001074373 -0.999990463 -0.566022158 -0.002603318 0.999996006 -0.001085403 -0.004552048 0.999987662 0.002607889 0.004231632 3.515781879
-0.010404587 -0.001415971 -0.999944866 -0.616825581 -0.001583593 0.999997795 -0.001399569 -0.004484498 0.999944627 0.001568944 -0.010406852 3.516898632
-0.017355680 -0.001132611 -0.999848783 -0.668926001 -0.001907390 0.999997556 -0.001099671 -0.004844769 0.999847591 0.001888016 -0.017357826 3.517644167
-0.022999406 -0.002406418 -0.999732614 -0.710837841 -0.000514044 0.999997020 -0.002395228 -0.003639987 0.999735415 0.000458818 -0.023000479 3.518391609
-0.044118285 -0.001846484 -0.999024570 -0.739321947 -0.001020569 0.999997854 -0.001803213 -0.004233676 0.999025762 0.000940019 -0.044120193 3.515588284
-0.080351591 -0.002242561 -0.996764183 -0.758613825 -0.000423022 0.999997437 -0.002215735 -0.003675151 0.996766567 0.000243615 -0.080352306 3.512238264
-0.122534037 -0.002023054 -0.992462277 -0.771106958 -0.000469035 0.999997914 -0.001980506 -0.004010892 0.992464244 0.000222820 -0.122534752 3.506793976
-0.168825150 -0.002085768 -0.985643864 -0.778875589 -0.001304893 0.999997377 -0.001892635 -0.003725384 0.985645235 0.000966636 -0.168827415 3.501202822
-0.215196967 -0.001790955 -0.976569176 -0.782888651 -0.001357803 0.999997914 -0.001534717 -0.003802951 0.976569831 0.000995722 -0.215198874 3.494818211
-0.263285875 -0.002325574 -0.964715123 -0.784252644 -0.001094002 0.999997199 -0.002112056 -0.003524374 0.964717269 0.000499326 -0.263287663 3.488500595
-0.309607506 -0.002209696 -0.950862050 -0.783404589 -0.001474407 0.999997199 -0.001843803 -0.003555545 0.950863481 0.000831103 -0.309609890 3.482810259
-0.357134581 -0.001998294 -0.934050977 -0.781264305 -0.001586588 0.999997556 -0.001532747 -0.003757095 0.934051752 0.000934557 -0.357136846 3.476764917
-0.403557181 -0.001377536 -0.914953411 -0.778328896 -0.000603179 0.999999046 -0.001239536 -0.003805115 0.914954245 0.000051657 -0.403557658 3.471475840
-0.449062347 -0.001467679 -0.893499196 -0.773911953 -0.000665122 0.999998927 -0.001308335 -0.003848679 0.893500149 0.000006762 -0.449062943 3.465780973
-0.492254972 -0.001617158 -0.870449722 -0.768268585 -0.001582025 0.999998271 -0.000963175 -0.004097485 0.870449781 0.000902945 -0.492256641 3.460728645
-0.534558535 -0.001407300 -0.845130205 -0.762445927 -0.001527732 0.999998569 -0.000698869 -0.004255411 0.845130026 0.000917546 -0.534559965 3.455079079
-0.576935410 -0.001569188 -0.816788495 -0.756675720 -0.001789072 0.999998212 -0.000657461 -0.004335299 0.816788077 0.001081981 -0.576937199 3.450865269
-0.616236806 -0.001522692 -0.787559509 -0.750201225 -0.002561842 0.999996722 0.000071123 -0.004313664 0.787556827 0.002061432 -0.616238713 3.446233034
-0.654892564 -0.000977095 -0.755721509 -0.743238449 -0.001823315 0.999998271 0.000287118 -0.004587724 0.755719960 0.001565950 -0.654893279 3.442723989
-0.691723824 -0.001582928 -0.722160816 -0.735863686 -0.002283206 0.999997377 -0.000004953 -0.004336277 0.722158909 0.001645415 -0.691725731 3.439386129
-0.726795673 -0.001191513 -0.686853051 -0.728574276 -0.002632616 0.999996006 0.001050974 -0.004865795 0.686849058 0.002572063 -0.726795912 3.435838223
-0.760582566 -0.001585079 -0.649239540 -0.721387863 -0.001822547 0.999998271 -0.000306326 -0.004283268 0.649238944 0.000950283 -0.760584235 3.433716774
-0.792137980 -0.001409958 -0.610340655 -0.713484764 -0.002051441 0.999997854 0.000352375 -0.004517024 0.610338807 0.001531207 -0.792139173 3.431468964
-0.821614504 -0.002318321 -0.570038855 -0.706007957 -0.003134315 0.999994993 0.000450652 -0.004246057 0.570034981 0.002156944 -0.821617603 3.428687096
-0.848779321 -0.001877559 -0.528743923 -0.698311567 -0.002729734 0.999995947 0.000831007 -0.004431326 0.528740227 0.002148672 -0.848780990 3.427411795
-0.874355197 -0.001860531 -0.485283017 -0.690510750 -0.003091279 0.999993742 0.001735804 -0.004966661 0.485276729 0.003017854 -0.874355435 3.426062107
-0.897627234 -0.001887006 -0.440751344 -0.682828188 -0.002951707 0.999994159 0.001730085 -0.004360456 0.440745473 0.002853940 -0.897627592 3.425157070
-0.918388128 -0.002440731 -0.395673126 -0.674276352 -0.003292460 0.999993503 0.001473544 -0.004469250 0.395666957 0.002656023 -0.918390155 3.424387217
-0.937298298 -0.002459743 -0.348519981 -0.665607691 -0.003280321 0.999993086 0.001764354 -0.004529067 0.348513216 0.002796983 -0.937299848 3.424637079
-0.953300595 -0.002694823 -0.302011460 -0.658095121 -0.003384514 0.999992728 0.001760381 -0.004361309 0.302004516 0.002700334 -0.953302860 3.424813986
-0.967016459 -0.003418510 -0.254690915 -0.649374008 -0.003952561 0.999990940 0.001585109 -0.004149254 0.254683197 0.002539508 -0.967021227 3.425668716
-0.978477716 -0.004111123 -0.206311882 -0.640988469 -0.004262742 0.999990880 0.000290399 -0.003570355 0.206308797 0.001163603 -0.978486300 3.426907778
-0.987548113 -0.003219822 -0.157283664 -0.633473754 -0.003541955 0.999992192 0.001767855 -0.003962517 0.157276735 0.002302934 -0.987551808 3.428149700
-0.994206667 -0.003291166 -0.107433885 -0.626042962 -0.003430228 0.999993503 0.001109625 -0.003763626 0.107429534 0.001471719 -0.994211555 3.430664778
-0.998221159 -0.003421138 -0.059524391 -0.617304921 -0.003554987 0.999991357 0.002142890 -0.003978416 0.059516545 0.002350687 -0.998224735 3.431951761
-0.999567032 -0.002985850 -0.029280730 -0.614128113 -0.003102063 0.999987483 0.003924291 -0.005080104 0.029268647 0.004013421 -0.999563813 3.420237303
-0.999895573 -0.003646312 -0.013981403 -0.612880230 -0.003688446 0.999988735 0.002988995 -0.004215184 0.013970346 0.003040253 -0.999897718 3.393983126
-0.999967098 -0.004094508 -0.007011270 -0.611745536 -0.004117311 0.999986291 0.003240981 -0.004177901 0.006997903 0.003269742 -0.999970317 3.358846426
-0.999990582 -0.004016389 -0.001700468 -0.612826824 -0.004020039 0.999989629 0.002148625 -0.003682486 0.001691821 0.002155440 -0.999996424 3.316894770
-0.999992728 -0.003858497 0.000284925 -0.613008082 -0.003857767 0.999989390 0.002521608 -0.003652478 -0.000294651 0.002520490 -0.999996901 3.269584894
-0.999993801 -0.002949614 0.001853479 -0.613883853 -0.002942102 0.999987483 0.004042855 -0.004426718 -0.001865380 0.004037377 -0.999989986 3.219273806
-0.999994040 -0.002660191 0.002275657 -0.614430070 -0.002652838 0.999991298 0.003228129 -0.003923880 -0.002284224 0.003222072 -0.999992371 3.166822195
-0.999990702 -0.002736582 0.003379239 -0.614694476 -0.002728916 0.999993682 0.002271252 -0.003481849 -0.003385433 0.002262009 -0.999991775 3.110018015
-0.999992251 -0.003361724 0.002072264 -0.613723040 -0.003354940 0.999989033 0.003268713 -0.004393609 -0.002083230 0.003261735 -0.999992490 3.054239750
-0.999991536 -0.003180702 0.002699389 -0.613838434 -0.003173133 0.999991059 0.002803998 -0.003944050 -0.002708283 0.002795408 -0.999992609 2.996612787
-0.999988079 -0.003543274 0.003397592 -0.615248263 -0.003523616 0.999977112 0.005774402 -0.006830228 -0.003417975 0.005762361 -0.999977589 2.937900782
-0.999987960 -0.003527417 0.003409458 -0.615016103 -0.003508158 0.999977946 0.005638244 -0.007020938 -0.003429271 0.005626215 -0.999978304 2.879652739
-0.999984264 -0.004004824 0.003920178 -0.614986658 -0.003980847 0.999973416 0.006105184 -0.007228699 -0.003944524 0.006089482 -0.999973655 2.820248365
-0.999985456 -0.004184473 0.003420161 -0.614098489 -0.004164516 0.999974370 0.005821503 -0.006801018 -0.003444433 0.005807175 -0.999977231 2.761095524
-0.999989271 -0.003444818 0.003103142 -0.613795042 -0.003425952 0.999975741 0.006064570 -0.006922235 -0.003123958 0.006053873 -0.999976873 2.701470375
-0.999988079 -0.004088082 0.002706801 -0.613234639 -0.004070953 0.999971867 0.006303841 -0.006436745 -0.002732496 0.006292746 -0.999976635 2.641835928
-0.999987721 -0.004246973 0.002608640 -0.612932682 -0.004228640 0.999966621 0.006993541 -0.006655755 -0.002638254 0.006982422 -0.999972224 2.582276821
-0.999990821 -0.003355687 0.002773011 -0.613270044 -0.003340031 0.999978542 0.005631202 -0.005713582 -0.002791848 0.005621887 -0.999980569 2.523699522
-0.999990463 -0.003373222 0.002806178 -0.612895250 -0.003357917 0.999979556 0.005440908 -0.005055885 -0.002824474 0.005431432 -0.999981403 2.461925268
-0.999992371 -0.002748762 0.002735209 -0.612538457 -0.002733847 0.999981463 0.005441938 -0.005077813 -0.002750117 0.005434419 -0.999981403 2.402712107
-0.999987602 -0.004026809 0.002998506 -0.612550378 -0.004011144 0.999978364 0.005212045 -0.004487661 -0.003019429 0.005199952 -0.999982119 2.341273785
-0.999986768 -0.003972980 0.003336413 -0.612374127 -0.003956854 0.999980509 0.004825947 -0.004218782 -0.003355522 0.004812680 -0.999983072 2.282730818
-0.999988437 -0.002998809 0.003784058 -0.612682760 -0.002974438 0.999974906 0.006429637 -0.005237660 -0.003803244 0.006418306 -0.999972224 2.222121477
-0.999987125 -0.002750710 0.004307649 -0.612919390 -0.002714416 0.999960959 0.008408762 -0.006421092 -0.004330611 0.008396960 -0.999955535 2.162947178
-0.999988794 -0.002966775 0.003709938 -0.611992657 -0.002940064 0.999969840 0.007184820 -0.006065544 -0.003731142 0.007173831 -0.999967456 2.103190184
-0.999989510 -0.002591789 0.003813932 -0.612028122 -0.002562382 0.999967098 0.007695382 -0.005902253 -0.003833751 0.007685527 -0.999963284 2.043497086
-0.999985456 -0.002540996 0.004811073 -0.612107038 -0.002502771 0.999965370 0.007934544 -0.005748321 -0.004831068 0.007922385 -0.999957204 1.983586907
-0.999987721 -0.003407924 0.003616256 -0.611058295 -0.003383042 0.999970734 0.006864690 -0.005088729 -0.003639544 0.006852371 -0.999969959 1.923811913
-0.999986053 -0.004013682 0.003478327 -0.610325158 -0.003988808 0.999966621 0.007128822 -0.004954942 -0.003506824 0.007114847 -0.999968648 1.864567161
-0.999980927 -0.005210896 0.003346742 -0.609605074 -0.005190760 0.999968529 0.005997454 -0.003728224 -0.003377889 0.005979966 -0.999976516 1.803945899
-0.999985695 -0.004268563 0.003278929 -0.609145284 -0.004248483 0.999972343 0.006106866 -0.003644761 -0.003304906 0.006092847 -0.999976158 1.744380116
-0.999984145 -0.004266777 0.003664408 -0.608488619 -0.004244301 0.999972284 0.006119442 -0.003493696 -0.003690416 0.006103792 -0.999974489 1.685147405
-0.999984026 -0.004561479 0.003356870 -0.607967257 -0.004535242 0.999959409 0.007782635 -0.004539838 -0.003392234 0.007767286 -0.999964118 1.625630021
-0.999983668 -0.004203802 0.003855852 -0.607664168 -0.004177831 0.999968708 0.006719115 -0.003577079 -0.003883977 0.006702897 -0.999969959 1.565269232
-0.999984264 -0.003948236 0.004067047 -0.607679367 -0.003925193 0.999976277 0.005658232 -0.003319385 -0.004089291 0.005642177 -0.999976039 1.505700707
-0.999986172 -0.004310709 0.003088110 -0.606914461 -0.004291085 0.999970734 0.006333677 -0.003339757 -0.003115322 0.006320337 -0.999975443 1.446772695
-0.999985933 -0.004263221 0.003214207 -0.606806517 -0.004241843 0.999969006 0.006629063 -0.003058245 -0.003242368 0.006615335 -0.999973059 1.386896729
-0.999983191 -0.004763138 0.003384031 -0.606084526 -0.004740943 0.999967396 0.006536737 -0.003408981 -0.003415056 0.006520582 -0.999973178 1.328300238
-0.999985218 -0.004234044 0.003401731 -0.605837882 -0.004209421 0.999965131 0.007213357 -0.003585721 -0.003432154 0.007198932 -0.999968171 1.268526793
-0.999981284 -0.004872419 0.003688339 -0.605577171 -0.004842278 0.999955177 0.008137289 -0.003777709 -0.003727822 0.008119277 -0.999960065 1.209102392
-0.999982119 -0.004413981 0.004061366 -0.605694175 -0.004385009 0.999965072 0.007114823 -0.003026635 -0.004092629 0.007096885 -0.999966502 1.149535894
-0.999983430 -0.004701994 0.003366547 -0.605231583 -0.004676766 0.999961197 0.007462682 -0.002892177 -0.003401506 0.007446812 -0.999966621 1.088849068
-0.999982595 -0.003719244 0.004617421 -0.606197953 -0.003686670 0.999968410 0.007043204 -0.001330388 -0.004643471 0.007026058 -0.999964714 1.027515173
-0.999982595 -0.003982331 0.004395743 -0.605780661 -0.003951251 0.999967277 0.007056758 -0.000904754 -0.004423701 0.007039265 -0.999965668 0.966264725
-0.999982119 -0.003504491 0.004858737 -0.605937421 -0.003472618 0.999972522 0.006552951 -0.000133093 -0.004881569 0.006535961 -0.999966741 0.907899618
-0.999984384 -0.003637068 0.004263326 -0.605074465 -0.003609306 0.999972343 0.006501689 0.000723576 -0.004286855 0.006486199 -0.999969840 0.846406698
-0.999984145 -0.003869496 0.004093133 -0.604313374 -0.003842105 0.999970317 0.006678711 0.001030771 -0.004118855 0.006662878 -0.999969244 0.785980701
-0.999980807 -0.004046515 0.004733160 -0.604411840 -0.004013330 0.999967456 0.006999780 0.000690460 -0.004761330 0.006980649 -0.999964476 0.727658749
-0.999982238 -0.003788363 0.004628326 -0.604857147 -0.003759817 0.999973953 0.006160993 0.002530570 -0.004651545 0.006143481 -0.999970436 0.665816545
-0.999983072 -0.003827245 0.004432942 -0.604154229 -0.003800520 0.999974668 0.006021723 0.002838134 -0.004455877 0.006004772 -0.999972224 0.606089771
-0.999980211 -0.004143029 0.004751858 -0.604630411 -0.004112686 0.999971211 0.006377497 0.003175648 -0.004778143 0.006357828 -0.999968410 0.545729399
-0.999979496 -0.003530118 0.005360686 -0.603444517 -0.003496983 0.999974787 0.006177989 0.003364503 -0.005382359 0.006159116 -0.999966621 0.487537116
-0.999980688 -0.003896287 0.004892416 -0.602849782 -0.003865045 0.999972165 0.006379106 0.003720231 -0.004917135 0.006360071 -0.999967933 0.441226453
-0.999991775 -0.003199732 0.002508665 -0.603469431 -0.003184151 0.999975741 0.006190459 0.003641555 -0.002528413 0.006182420 -0.999977708 0.408098519
-0.999295115 -0.003550784 -0.037375636 -0.609080553 -0.003770073 0.999976099 0.005798302 0.004394331 0.037354153 0.005935123 -0.999284625 0.381562293
-0.994316101 -0.003194467 -0.106422491 -0.619618773 -0.003864873 0.999973953 0.006093822 0.003604032 0.106400259 0.006470494 -0.994302511 0.362294644
-0.982060432 -0.003327763 -0.188537106 -0.633025229 -0.004404557 0.999976277 0.005292629 0.004181241 0.188515022 0.006028104 -0.982051730 0.346061379
-0.960851669 -0.003292332 -0.277043700 -0.647847593 -0.004791018 0.999977350 0.004732829 0.004198095 0.277021855 0.005874868 -0.960845709 0.335538119
-0.928593516 -0.003090789 -0.371085674 -0.664276719 -0.005018483 0.999978483 0.004229235 0.004078138 0.371064603 0.005789527 -0.928589106 0.328374445
-0.889753580 -0.003657162 -0.456426650 -0.679476321 -0.005670981 0.999979317 0.003042524 0.004649146 0.456406057 0.005295483 -0.889755964 0.324818730
-0.840566158 -0.003199006 -0.541699588 -0.695433259 -0.005282651 0.999983430 0.002291795 0.004368003 0.541683316 0.004788015 -0.840569139 0.324493229
-0.782171249 -0.003336416 -0.623054743 -0.711001873 -0.005734996 0.999981880 0.001844771 0.004343913 0.623037279 0.005016143 -0.782176256 0.326138586
-0.717001796 -0.003128021 -0.697064281 -0.725751281 -0.005564981 0.999983728 0.001236803 0.004346537 0.697049081 0.004765939 -0.717007518 0.329983950
-0.644479394 -0.002609176 -0.764617264 -0.740204930 -0.005281799 0.999985516 0.001039569 0.003842966 0.764603436 0.004708536 -0.644483805 0.336775482
-0.564516306 -0.002701889 -0.825417638 -0.753226042 -0.005381637 0.999985456 0.000407275 0.003141194 0.825404465 0.004672011 -0.564522624 0.344506323
-0.479067802 -0.002907205 -0.877773225 -0.766386211 -0.005543221 0.999984622 -0.000286614 0.003457516 0.877760589 0.004728383 -0.479076505 0.352782011
-0.390789986 -0.002589794 -0.920476377 -0.789353013 -0.004948488 0.999987483 -0.000712613 0.003116335 0.920466721 0.004276484 -0.390797973 0.357438982
-0.334782839 -0.002562873 -0.942291975 -0.819707811 -0.005022286 0.999986947 -0.000935448 0.002826493 0.942282081 0.004419287 -0.334791303 0.353128314
-0.305590034 -0.002926323 -0.952158689 -0.854782283 -0.004928283 0.999986768 -0.001491611 0.002816171 0.952150464 0.004236686 -0.305600405 0.342797577
-0.290302753 -0.001885453 -0.956932962 -0.894780397 -0.004607043 0.999989212 -0.000572658 0.002188014 0.956923723 0.004242388 -0.290308356 0.330529451
-0.282264352 -0.001688426 -0.959335327 -0.926754773 -0.004534093 0.999989629 -0.000425916 0.001459792 0.959326088 0.004229495 -0.282269001 0.319252729
-0.278176188 -0.002548993 -0.960526764 -0.950165749 -0.004841153 0.999987483 -0.001251675 0.002877182 0.960517943 0.004301870 -0.278185129 0.311063528
-0.273249507 -0.001892906 -0.961941302 -0.965700388 -0.004910277 0.999987781 -0.000572957 0.001952100 0.961930633 0.004566838 -0.273255467 0.304665804
-0.234513164 -0.002395301 -0.972109973 -0.982518375 -0.004581866 0.999988556 -0.001358658 0.002485092 0.972102106 0.004135455 -0.234521508 0.306191564
-0.165981054 -0.002293085 -0.986126304 -0.996699274 -0.003800452 0.999991357 -0.001685648 0.002328135 0.986121655 0.003467940 -0.165988326 0.312877297
-0.083353043 -0.002316150 -0.996517420 -1.008706331 -0.003392186 0.999992192 -0.002040490 0.002344828 0.996514380 0.003210291 -0.083360195 0.322384477
0.005701244 -0.000489569 -0.999983609 -1.016376019 -0.003222060 0.999994695 -0.000507944 -0.000843909 0.999978542 0.003224903 0.005699635 0.333933830
0.061881542 -0.000498543 -0.998083413 -1.035739660 -0.002616749 0.999996364 -0.000661738 -0.000942247 0.998080134 0.002652683 0.061880052 0.341869056
0.091252148 -0.000321584 -0.995827854 -1.065152287 -0.002715703 0.999996126 -0.000571783 -0.001448034 0.995824218 0.002756549 0.091250896 0.345069349
0.105894208 -0.000058554 -0.994377434 -1.102459550 -0.002501131 0.999996841 -0.000325237 -0.001928676 0.994374275 0.002521508 0.105893731 0.349387288
0.113700211 -0.000031136 -0.993515193 -1.147615671 -0.003115143 0.999995053 -0.000387844 -0.001608259 0.993510306 0.003139040 0.113699555 0.353877425
0.117151439 -0.001049284 -0.993113518 -1.195256472 -0.002601573 0.999995708 -0.001363447 -0.000286917 0.993110657 0.002743387 0.117148221 0.358436942
0.119466722 -0.000093178 -0.992838204 -1.232103825 -0.002831219 0.999995887 -0.000434526 -0.001344145 0.992834151 0.002862853 0.119465947 0.360789299
0.119855344 -0.001472576 -0.992790222 -1.276271105 -0.002841883 0.999994278 -0.001826350 0.000291026 0.992787242 0.003040291 0.119850457 0.368521690
0.120360434 -0.001617444 -0.992729068 -1.322099328 -0.003015990 0.999993443 -0.001994945 -0.000022213 0.992725790 0.003234174 0.120354772 0.372850657
0.120516360 -0.001263590 -0.992710650 -1.371380210 -0.002673157 0.999995172 -0.001597387 -0.000490307 0.992707849 0.002846183 0.120512366 0.378632426
0.124000490 -0.001899180 -0.992280364 -1.423336983 -0.002928738 0.999993086 -0.002279932 0.000094467 0.992277861 0.003188842 0.123994052 0.383518100
0.164245605 0.000121644 -0.986419439 -1.465211391 -0.002160797 0.999997616 -0.000236469 -0.004169988 0.986417055 0.002170291 0.164245486 0.390285015
0.232312858 0.001333363 -0.972640216 -1.496105433 -0.002061185 0.999997497 0.000878558 -0.005711344 0.972638965 0.001800691 0.232315004 0.404818892
0.311912537 0.001024315 -0.950110257 -1.518766880 -0.002251358 0.999997437 0.000338998 -0.005372130 0.950108111 0.002033301 0.311914027 0.420791626
0.399053931 0.000079362 -0.916927457 -1.534152031 -0.000966738 0.999999464 -0.000334179 -0.005101381 0.916926980 0.001019784 0.399053812 0.437579632
0.480688870 -0.000294433 -0.876891255 -1.543107748 -0.000365521 0.999999762 -0.000536138 -0.005127100 0.876891196 0.000578237 0.480688632 0.453053176
0.530342877 0.000223272 -0.847783267 -1.549042702 -0.000362468 0.999999940 0.000036613 -0.005860356 0.847783208 0.000287877 0.530342937 0.463716269
0.555645347 0.000128198 -0.831419468 -1.553987503 0.000197164 0.999999940 0.000285958 -0.006064354 0.831419468 -0.000322817 0.555645287 0.468263566
0.571233511 0.000206995 -0.820787549 -1.558266759 -0.000161340 1.000000000 0.000139904 -0.005763455 0.820787549 0.000052508 0.571233571 0.471213102
0.610423923 -0.000460233 -0.792074740 -1.559257746 -0.000135291 0.999999762 -0.000685311 -0.005438187 0.792074859 0.000525491 0.610423684 0.478522480
0.665244877 -0.000102263 -0.746625245 -1.556816816 0.000115863 1.000000000 -0.000033733 -0.005970121 0.746625245 -0.000064066 0.665244877 0.489824623
0.728045464 -0.000319378 -0.685528815 -1.553239465 -0.000071845 0.999999821 -0.000542186 -0.005873313 0.685528874 0.000443988 0.728045344 0.502510428
0.787542760 -0.000206705 -0.616259992 -1.546692133 0.000127695 1.000000000 -0.000172232 -0.006518384 0.616260052 0.000056947 0.787542760 0.515502572
0.843581498 -0.000753015 -0.537000716 -1.538805962 0.000668001 0.999999702 -0.000352889 -0.006247147 0.537000835 -0.000061026 0.843581736 0.528943956
0.891648173 -0.000691859 -0.452728480 -1.528994203 0.000654158 0.999999762 -0.000239836 -0.006990165 0.452728540 -0.000082307 0.891648412 0.539600134
0.932373405 -0.000857101 -0.361495644 -1.517683506 0.000924696 0.999999583 0.000014002 -0.007267146 0.361495465 -0.000347329 0.932373822 0.550735593
0.963159561 -0.001410548 -0.268926978 -1.504922152 0.001737678 0.999998033 0.000978393 -0.007597315 0.268925071 -0.001409657 0.963160098 0.562182188
0.984779656 -0.001179709 -0.173803329 -1.494843483 0.001530912 0.999997020 0.001886643 -0.008952214 0.173800588 -0.002124005 0.984778583 0.582838535
0.993433833 -0.000786999 -0.114405438 -1.492391109 0.001012635 0.999997675 0.001914151 -0.009106029 0.114403658 -0.002017434 0.993432283 0.613039553
0.996562958 -0.000512504 -0.082837246 -1.494760394 0.000589066 0.999999404 0.000899807 -0.007802751 0.082836740 -0.000945511 0.996562660 0.650815248
0.997750819 -0.000601939 -0.067029357 -1.498478293 0.000707845 0.999998510 0.001556259 -0.008446342 0.067028321 -0.001600205 0.997749805 0.692365527
0.998291790 -0.000873901 -0.058418162 -1.501968026 0.000980791 0.999997914 0.001801101 -0.008617095 0.058416467 -0.001855321 0.998290598 0.728675246
0.998487115 -0.000737151 -0.054981068 -1.504484177 0.000813010 0.999998748 0.001357371 -0.007769684 0.054979999 -0.001400018 0.998486459 0.765446544
0.998619914 -0.000844180 -0.052512359 -1.508599281 0.000894224 0.999999166 0.000929508 -0.008242513 0.052511532 -0.000975183 0.998619854 0.809194565
0.998667121 -0.001335467 -0.051595990 -1.511413932 0.001412120 0.999997973 0.001449204 -0.008383616 0.051593948 -0.001520132 0.998667002 0.857962310
0.998727620 -0.001038828 -0.050419077 -1.516220927 0.001070668 0.999999225 0.000604512 -0.007840347 0.050418410 -0.000657725 0.998727977 0.909583628
0.998747170 -0.001156660 -0.050027821 -1.519541144 0.001187890 0.999999106 0.000594519 -0.008035910 0.050027087 -0.000653201 0.998747647 0.963499069
0.998737931 -0.001504829 -0.050202593 -1.523513794 0.001564854 0.999998093 0.001156369 -0.008463493 0.050200760 -0.001233469 0.998738408 1.019514084
0.998737872 -0.000764177 -0.050220490 -1.526545405 0.000840381 0.999998510 0.001496291 -0.008629818 0.050219271 -0.001536606 0.998737037 1.075336337
0.998742759 -0.001376908 -0.050110403 -1.529751301 0.001459365 0.999997616 0.001608970 -0.008767624 0.050108068 -0.001680077 0.998742402 1.133929610
0.998733103 -0.001497097 -0.050298393 -1.532632709 0.001617954 0.999995887 0.002362177 -0.009394683 0.050294649 -0.002440564 0.998731434 1.190701485
0.998725832 -0.001788300 -0.050432812 -1.535283208 0.001902038 0.999995768 0.002207326 -0.009276169 0.050428651 -0.002300438 0.998724997 1.248429418
0.998733401 -0.001709713 -0.050285835 -1.538565516 0.001828382 0.999995649 0.002313993 -0.009889262 0.050281659 -0.002403004 0.998732209 1.305753469
0.998760104 -0.001643446 -0.049754780 -1.542294264 0.001691313 0.999998152 0.000919962 -0.008122847 0.049753174 -0.001002973 0.998761058 1.367357373
0.998724341 -0.001903323 -0.050458647 -1.544906735 0.001938396 0.999997914 0.000646164 -0.007733492 0.050457314 -0.000743149 0.998725951 1.426414251
0.998731077 -0.001561084 -0.050336432 -1.547552705 0.001617108 0.999998093 0.001072284 -0.007625167 0.050334662 -0.001152323 0.998731732 1.487140179
0.998736918 -0.001442831 -0.050224170 -1.550609827 0.001496415 0.999998331 0.001029313 -0.007582315 0.050222602 -0.001103170 0.998737454 1.546963334
0.998766899 -0.001424413 -0.049624879 -1.554434538 0.001477226 0.999998391 0.001027584 -0.007769206 0.049623337 -0.001099625 0.998767376 1.604890227
0.998751462 -0.001460533 -0.049933523 -1.557010293 0.001515110 0.999998271 0.001055159 -0.008372796 0.049931899 -0.001129496 0.998751998 1.662980676
0.998840332 -0.001545831 -0.048120342 -1.558229923 0.001641062 0.999996781 0.001939557 -0.008748741 0.048117191 -0.002016277 0.998839676 1.709440589
0.999961495 -0.001327381 -0.008677713 -1.553966522 0.001343178 0.999997437 0.001814758 -0.008688544 0.008675282 -0.001826344 0.999960721 1.745078683
0.998188078 -0.001719250 0.060146727 -1.545669079 0.001543236 0.999994397 0.002972730 -0.009845006 -0.060151499 -0.002874523 0.998185098 1.771658421
0.989668190 -0.001410644 0.143369928 -1.531525135 0.001258727 0.999998569 0.001150306 -0.007996287 -0.143371344 -0.000957958 0.989668489 1.794894934
0.973099947 -0.000881120 0.230381742 -1.515870929 0.000835334 0.999999583 0.000296274 -0.007561664 -0.230381921 -0.000095858 0.973100305 1.823221326
0.958765388 -0.002055825 0.284191251 -1.501657844 0.001888754 0.999997854 0.000861914 -0.008193066 -0.284192413 -0.000289606 0.958767235 1.859132648
0.950273991 -0.001747270 0.311410218 -1.489126325 0.001427541 0.999998212 0.001254653 -0.008695018 -0.311411828 -0.000747713 0.950274765 1.899865627
0.946070671 -0.002437739 0.323951066 -1.475787640 0.001963055 0.999996483 0.001792066 -0.008674765 -0.323954314 -0.001059487 0.946072161 1.945073724
0.949937463 -0.002095663 0.312433153 -1.464614272 0.001655283 0.999997199 0.001674733 -0.008765351 -0.312435806 -0.001073726 0.949938297 1.993023872
0.959108949 -0.001497947 0.283033103 -1.459115505 0.001165511 0.999998391 0.001342927 -0.008629982 -0.283034652 -0.000958135 0.959109187 2.031559944
0.969423175 -0.002205786 0.245385081 -1.458258748 0.001831779 0.999996781 0.001752387 -0.008511120 -0.245388165 -0.001249314 0.969424129 2.058344364
0.979404092 -0.002585323 0.201893255 -1.459988952 0.002389907 0.999996424 0.001211671 -0.008111508 -0.201895669 -0.000704209 0.979406774 2.077650785
0.987942219 -0.002974476 0.154794559 -1.462860465 0.002633834 0.999993622 0.002405652 -0.008752046 -0.154800728 -0.001968942 0.987943769 2.090184689
0.994222701 -0.001766709 0.107322447 -1.468587279 0.001594926 0.999997318 0.001686438 -0.008680834 -0.107325137 -0.001505523 0.994222820 2.099240780
0.998288453 -0.002034978 0.058447067 -1.474315643 0.001943286 0.999996781 0.001625601 -0.008362528 -0.058450188 -0.001509240 0.998289168 2.104678392
0.999958098 -0.002598229 0.008776232 -1.479719996 0.002583785 0.999995291 0.001656715 -0.008529574 -0.008780495 -0.001633970 0.999960124 2.107789278
0.999184191 -0.001834913 -0.040343851 -1.486800551 0.001914453 0.999996305 0.001932993 -0.008873185 0.040340152 -0.002008652 0.999184012 2.121424198
0.996069372 -0.000472067 -0.088575326 -1.494231224 0.000550398 0.999999464 0.000859927 -0.007907750 0.088574879 -0.000905299 0.996069133 2.148291826
0.993021250 -0.000624070 -0.117933847 -1.500329852 0.000666185 0.999999702 0.000317687 -0.007594015 0.117933616 -0.000394035 0.993021429 2.183688164
0.991057217 -0.000566292 -0.133436561 -1.504703641 0.000677160 0.999999464 0.000785488 -0.007710814 0.133436039 -0.000868821 0.991057038 2.225741625
0.989952207 -0.000704296 -0.141400427 -1.510988712 0.000700951 0.999999762 -0.000073464 -0.007347635 0.141400442 -0.000026389 0.989952505 2.273635864
0.989475012 -0.000357205 -0.144703448 -1.517495275 0.000440205 0.999999762 0.000541568 -0.008297144 0.144703209 -0.000599567 0.989474893 2.322796583
0.989132941 -0.000446495 -0.147023037 -1.524067998 0.000465972 0.999999881 0.000098031 -0.007722190 0.147022977 -0.000165474 0.989133060 2.376262426
0.988885105 -0.000347578 -0.148681268 -1.530160427 0.000431314 0.999999762 0.000530947 -0.008464152 0.148681045 -0.000589174 0.988885045 2.432346821
0.988789022 -0.000823541 -0.149317190 -1.538229704 0.000980601 0.999999046 0.000978237 -0.009614251 0.149316251 -0.001113690 0.988788843 2.488563538
0.988739848 -0.000678238 -0.149643034 -1.545742869 0.000828966 0.999999225 0.000944875 -0.009342336 0.149642274 -0.001058284 0.988739610 2.545301199
0.988707006 -0.001319363 -0.149855524 -1.553757668 0.001528850 0.999998033 0.001282727 -0.009554105 0.149853542 -0.001497348 0.988707066 2.601904392
0.988730729 -0.000748207 -0.149702892 -1.563170195 0.000816941 0.999999583 0.000397645 -0.008524223 0.149702534 -0.000515462 0.988730967 2.662138700
0.988703966 -0.001117929 -0.149877369 -1.571735740 0.001280648 0.999998689 0.000989174 -0.009148367 0.149876058 -0.001169940 0.988704085 2.720230579
0.988640785 -0.001091380 -0.150293827 -1.579987168 0.001315671 0.999998152 0.001392924 -0.009392663 0.150292024 -0.001574839 0.988640368 2.778079510
0.988673210 -0.000841948 -0.150081724 -1.587404013 0.001127578 0.999997735 0.001818080 -0.010542748 0.150079861 -0.001966716 0.988671899 2.836211443
0.988649726 -0.001285716 -0.150233448 -1.596349478 0.001367868 0.999998987 0.000443497 -0.007921900 0.150232732 -0.000643963 0.988650441 2.896871805
0.988621593 -0.001015335 -0.150420517 -1.605337858 0.001069965 0.999999404 0.000282251 -0.007921672 0.150420144 -0.000439984 0.988622069 2.955667257
0.988646984 -0.001162605 -0.150252566 -1.613959312 0.001200542 0.999999285 0.000161780 -0.007913850 0.150252268 -0.000340328 0.988647640 3.014134645
0.988651991 -0.000968169 -0.150220737 -1.621889591 0.001061334 0.999999285 0.000540014 -0.008178098 0.150220111 -0.000693321 0.988652349 3.072238684
0.988622367 -0.001199155 -0.150414154 -1.631387115 0.001108866 0.999999166 -0.000684141 -0.007542496 0.150414854 0.000509568 0.988622844 3.132581949
0.989048421 -0.000997714 -0.147587925 -1.640357137 0.000868234 0.999999166 -0.000941730 -0.007852347 0.147588745 0.000803276 0.989048481 3.191940308
0.993997633 -0.001240839 -0.109394722 -1.642483115 0.001325396 0.999998868 0.000700238 -0.009383687 0.109393731 -0.000841026 0.993998170 3.252334356
0.999207973 -0.001395130 -0.039768163 -1.640048146 0.001446344 0.999998152 0.001259074 -0.009785642 0.039766330 -0.001315595 0.999208152 3.315519333
0.999059260 -0.001448964 0.043341827 -1.633889437 0.001393504 0.999998152 0.001309794 -0.009495000 -0.043343645 -0.001248164 0.999059439 3.366015434
0.991444349 -0.002582724 0.130504638 -1.623141527 0.002502666 0.999996543 0.000777452 -0.009470480 -0.130506203 -0.000444190 0.991447389 3.403759480
0.982562780 -0.002244222 0.185917556 -1.617054820 0.002159938 0.999997437 0.000655889 -0.009599013 -0.185918555 -0.000242882 0.982565105 3.428570747
0.976807237 -0.001846319 0.214112520 -1.615149498 0.001823779 0.999998271 0.000302810 -0.009160404 -0.214112714 0.000094707 0.976808965 3.446546793
0.972882271 -0.002298160 0.231289357 -1.614302635 0.002117312 0.999997199 0.001030131 -0.009564118 -0.231291085 -0.000512485 0.972884476 3.459865093
0.960950136 -0.002086293 0.276713729 -1.607946157 0.001883946 0.999997735 0.000997098 -0.009725706 -0.276715189 -0.000436848 0.960951865 3.468993664
0.938748658 -0.001504981 0.344599396 -1.596250772 0.001413363 0.999998868 0.000517083 -0.008907863 -0.344599783 0.000001633 0.938749671 3.476621866
0.905163884 -0.001808125 0.425058872 -1.583432317 0.002014504 0.999997973 -0.000036077 -0.008541810 -0.425057948 0.000888939 0.905165732 3.480988503
0.862548470 -0.002343564 0.505969048 -1.567862988 0.002433046 0.999996901 0.000484094 -0.008440064 -0.505968630 0.000813491 0.862551510 3.482571125
0.809392214 -0.002947244 0.587261081 -1.553954005 0.002725493 0.999995470 0.001262194 -0.009320493 -0.587262154 0.000578966 0.809396625 3.480910540
0.748724401 -0.002491264 0.662876785 -1.539598703 0.002241252 0.999996722 0.001226738 -0.009407077 -0.662877679 0.000567185 0.748727560 3.477406502
0.682012558 -0.002750948 0.731335342 -1.524311662 0.002573085 0.999995768 0.001361975 -0.008832444 -0.731335998 0.000952904 0.682016730 3.472771168
0.637082577 -0.003584257 0.770787239 -1.516147017 0.003738365 0.999991775 0.001560197 -0.009020618 -0.770786464 0.001887509 0.637090802 3.468497038
0.612943649 -0.002557630 0.790122509 -1.512209296 0.002410545 0.999996185 0.001366993 -0.008735700 -0.790122986 0.001066735 0.612947464 3.467253447
0.599648535 -0.002080821 0.800260842 -1.511040449 0.002266286 0.999997020 0.000902006 -0.008778874 -0.800260305 0.001272733 0.599651456 3.466245413
0.593319416 -0.002740568 0.804962516 -1.509985805 0.002277482 0.999995947 0.001725897 -0.009509592 -0.804963946 0.000809279 0.593323231 3.465678930
0.588181794 -0.002771961 0.808724046 -1.508358717 0.003084054 0.999994516 0.001184534 -0.008625204 -0.808722913 0.001797427 0.588187099 3.465456486
0.553730845 -0.002233993 0.832692742 -1.504594803 0.001758819 0.999997318 0.001513253 -0.008955806 -0.832693875 0.000626621 0.553733289 3.461050749
0.495171070 -0.002890555 0.868790746 -1.493793249 0.002952024 0.999994278 0.001644564 -0.008709588 -0.868790507 0.001750351 0.495176792 3.454515457
0.418782592 -0.003240260 0.908080697 -1.486126661 0.002792905 0.999993503 0.002280215 -0.009783912 -0.908082187 0.001581269 0.418788970 3.444724321
0.334232152 -0.003299521 0.942485094 -1.476024866 0.003074220 0.999992371 0.002410641 -0.009747810 -0.942485869 0.002091692 0.334239781 3.433227062
0.244994164 -0.003107286 0.969519615 -1.466033220 0.002853806 0.999992847 0.002483805 -0.009527229 -0.969520390 0.002158303 0.245001316 3.421849966
0.188098073 -0.003219377 0.982145071 -1.447763681 0.002825024 0.999992251 0.002736836 -0.009874240 -0.982146263 0.002259789 0.188105702 3.417332172
0.158072650 -0.003904528 0.987419844 -1.419939995 0.002505683 0.999990523 0.003553110 -0.010479176 -0.987424433 0.001912511 0.158080935 3.418843508
0.142928481 -0.004088643 0.989724576 -1.383540869 0.002874336 0.999988973 0.003715956 -0.010300513 -0.989728868 0.002313685 0.142938673 3.423252106
0.134424627 -0.003241618 0.990918696 -1.341636419 0.001681835 0.999993980 0.003043154 -0.010070911 -0.990922570 0.001257486 0.134429276 3.429738045
0.130238295 -0.004887993 0.991470635 -1.296072483 0.002139086 0.999986887 0.004648991 -0.011759951 -0.991480350 0.001515365 0.130247056 3.436044693
0.127723396 -0.003416475 0.991804004 -1.244508505 0.001999552 0.999992907 0.003187184 -0.008864075 -0.991807878 0.001576085 0.127729297 3.444142103
0.128400266 -0.002459217 0.991719425 -1.190737247 0.001806942 0.999995828 0.002245791 -0.007767688 -0.991720796 0.001503619 0.128404200 3.450739622
0.127500415 -0.002903193 0.991834223 -1.135911703 0.001586298 0.999995053 0.002723161 -0.007934657 -0.991837204 0.001226140 0.127504408 3.458341837
0.127235353 -0.002279314 0.991869926 -1.079581022 0.001534388 0.999996603 0.002101161 -0.007150586 -0.991871357 0.001254571 0.127238393 3.466324806
0.127034485 -0.002055300 0.991896272 -1.023200512 0.000952255 0.999997616 0.001950129 -0.006883936 -0.991897941 0.000696805 0.127036154 3.474114418
0.127503812 -0.002524226 0.991834879 -0.966025114 0.001643887 0.999995947 0.002333669 -0.006480010 -0.991836727 0.001332912 0.127507448 3.480739832
0.124400258 -0.002531053 0.992228925 -0.908563137 0.001292661 0.999996305 0.002388800 -0.006389047 -0.992231309 0.000985448 0.124403119 3.488583326
0.086135626 -0.002687586 0.996279836 -0.860471249 0.001921573 0.999994934 0.002531474 -0.006928538 -0.996281624 0.001696374 0.086140335 3.487676382
0.017336607 -0.002365448 0.999846935 -0.823269606 0.001516226 0.999996126 0.002339510 -0.006968326 -0.999848604 0.001475435 0.017340124 3.481119633
-0.066671968 -0.001551441 0.997773767 -0.795078754 0.000863807 0.999998331 0.001612621 -0.006141989 -0.997774601 0.000969400 -0.066670537 3.471528530
-0.156596541 -0.001721097 0.987661183 -0.774302483 0.000945554 0.999997735 0.001892515 -0.006238559 -0.987662196 0.001230248 -0.156594515 3.458221436
-0.247890830 -0.001999494 0.968785942 -0.746468782 0.000812581 0.999997079 0.002271833 -0.006617457 -0.968787611 0.001350383 -0.247888446 3.442863464
-0.303241611 -0.001167949 0.952913165 -0.710407019 0.000242605 0.999999106 0.001302864 -0.005531170 -0.952913880 0.000626264 -0.303241014 3.428548098
-0.332218647 -0.001709544 0.943201005 -0.669883728 -0.000199265 0.999998450 0.001742303 -0.007019919 -0.943202496 0.000390878 -0.332218528 3.417109966
-0.345641732 -0.001779533 0.938365102 -0.624689102 -0.000527927 0.999998391 0.001701957 -0.006739316 -0.938366592 0.000092879 -0.345642090 3.403704882
-0.333549500 -0.001189761 0.942732036 -0.590105534 0.000389822 0.999998927 0.001399957 -0.006949275 -0.942732692 0.000834453 -0.333548665 3.396200657
-0.305379987 -0.000984374 0.952230275 -0.564390898 0.000350804 0.999999285 0.001146258 -0.006798373 -0.952230692 0.000684090 -0.305379510 3.394575596
-0.266822577 -0.001800489 0.963743985 -0.546668053 0.000718272 0.999997616 0.002067079 -0.007701217 -0.963745356 0.001243773 -0.266820669 3.396281481
-0.222824693 -0.001562544 0.974857390 -0.533806086 0.000951814 0.999997914 0.001820398 -0.006977485 -0.974858165 0.001333512 -0.222822785 3.399911404
-0.178007722 -0.002690153 0.984025538 -0.525151968 0.001331496 0.999994695 0.002974674 -0.007661986 -0.984028339 0.001839741 -0.178003192 3.404276371
-0.149981380 -0.001548211 0.988687694 -0.518763781 0.001098310 0.999997914 0.001732533 -0.007213976 -0.988688290 0.001345733 -0.149979353 3.407321215
-0.135146022 -0.001484756 0.990824580 -0.500657082 0.001576967 0.999997318 0.001713596 -0.007010958 -0.990824461 0.001794083 -0.135143280 3.406409740
-0.127869606 -0.001697367 0.991789699 -0.470351219 0.001087935 0.999997675 0.001851680 -0.007248610 -0.991790533 0.001315776 -0.127867460 3.403119087
-0.123413086 -0.002398727 0.992352486 -0.433316708 0.001080132 0.999996185 0.002551533 -0.008770340 -0.992354810 0.001386764 -0.123409986 3.397855043
-0.121696353 -0.002682704 0.992563784 -0.390074492 0.000818585 0.999995708 0.002803156 -0.008467489 -0.992567122 0.001153631 -0.121693611 3.392702341
-0.121154904 -0.001460367 0.992632747 -0.354781151 0.000749513 0.999998510 0.001562685 -0.007623910 -0.992633522 0.000933317 -0.121153593 3.388376474
-0.118510365 -0.003357609 0.992947280 -0.331133842 0.000842330 0.999993563 0.003481969 -0.009916047 -0.992952645 0.001249038 -0.118506789 3.385136366
-0.098865032 -0.001808311 0.995099187 -0.312540770 0.001134014 0.999997497 0.001929879 -0.007918246 -0.995100200 0.001319254 -0.098862767 3.385393143
-0.063789725 -0.003532874 0.997957230 -0.303161383 0.001954348 0.999991357 0.003664998 -0.010385801 -0.997961521 0.002184144 -0.063782334 3.387550831
-0.022355914 -0.002669166 0.999746501 -0.294145107 0.001325535 0.999995470 0.002699472 -0.009301972 -0.999749184 0.001385548 -0.022352338 3.394905567
0.024019480 -0.003085748 0.999706745 -0.289341450 0.002026507 0.999993324 0.003037943 -0.009694885 -0.999709427 0.001952943 0.024025559 3.400742054
0.070119083 -0.003189594 0.997533560 -0.274344683 0.001849513 0.999993563 0.003067453 -0.010040767 -0.997536957 0.001629864 0.070124567 3.407737732
0.098862290 -0.002507061 0.995097935 -0.246154308 0.001440621 0.999996126 0.002376277 -0.009510867 -0.995100081 0.001198635 0.098865509 3.412174225
0.113397360 -0.002263437 0.993547201 -0.208432913 0.001266028 0.999996901 0.002133634 -0.008904926 -0.993548930 0.001015910 0.113399863 3.417221308
0.120542943 -0.003264124 0.992702723 -0.165351868 0.001299003 0.999994278 0.003130363 -0.009876075 -0.992707193 0.000912181 0.120546520 3.422570229
0.124493122 -0.002757319 0.992216647 -0.129638910 0.001188532 0.999995828 0.002629812 -0.009404872 -0.992219746 0.000851888 0.124495864 3.426147461
0.127001286 -0.002827973 0.991898596 -0.090684175 0.001979391 0.999994695 0.002597617 -0.009227574 -0.991900682 0.001633454 0.127006233 3.429257154
0.127669930 -0.002721090 0.991813123 -0.047458887 0.001552280 0.999995589 0.002543724 -0.009054381 -0.991815627 0.001214814 0.127673566 3.435102463
0.129592299 -0.001592751 0.991566062 0.004524469 0.001114817 0.999998331 0.001460595 -0.007578074 -0.991566718 0.000916133 0.129593849 3.438976765
0.129152060 -0.001982486 0.991622865 0.056423664 0.001557313 0.999997199 0.001796399 -0.007680077 -0.991623580 0.001312258 0.129154801 3.445992708
0.129118204 -0.001234492 0.991628408 0.109894037 0.001050400 0.999998808 0.001108141 -0.007154187 -0.991628647 0.000898526 0.129119337 3.453852177
0.129635632 -0.001914792 0.991559863 0.165138721 0.001466213 0.999997437 0.001739395 -0.007483498 -0.991560638 0.001228350 0.129638076 3.460631847
0.129159987 -0.002097360 0.991621554 0.221254587 0.001028872 0.999997497 0.001981064 -0.008096118 -0.991623223 0.000764378 0.129161835 3.468188524
0.129433095 -0.001784524 0.991586566 0.278427362 0.001670417 0.999997377 0.001581619 -0.008052311 -0.991586745 0.001451649 0.129435718 3.475557804
0.129148662 -0.001480115 0.991624236 0.335617304 0.001480265 0.999998033 0.001299825 -0.007785232 -0.991624236 0.001299996 0.129150629 3.483327389
0.129402637 -0.002479775 0.991589189 0.394757748 0.001565495 0.999996126 0.002296502 -0.008337663 -0.991591036 0.001255153 0.129406035 3.491377831
0.130144835 -0.002645588 0.991491497 0.452456474 0.002012965 0.999995112 0.002404053 -0.008400291 -0.991492987 0.001682963 0.130149543 3.497292519
0.129986465 -0.003302451 0.991510332 0.510801315 0.002093495 0.999993145 0.003056249 -0.009477202 -0.991513610 0.001678450 0.129992485 3.505392551
0.129996002 -0.002833381 0.991510510 0.569243670 0.001304337 0.999995530 0.002686617 -0.008955630 -0.991513729 0.000944014 0.129999161 3.512863874
0.127622008 -0.001300335 0.991822064 0.630703449 0.001775666 0.999997854 0.001082571 -0.007093705 -0.991821349 0.001622984 0.127624035 3.520768642
0.088570952 -0.000147375 0.996069849 0.692032814 0.001629112 0.999998689 0.000003095 -0.005948873 -0.996068537 0.001622435 0.088571072 3.522544861
0.019735575 -0.000803717 0.999805093 0.755805016 0.001849175 0.999997973 0.000767370 -0.006416524 -0.999803662 0.001833670 0.019737005 3.519900084
-0.063390493 -0.000769991 0.997988522 0.819155216 0.001303599 0.999998808 0.000854345 -0.006260267 -0.997987986 0.001355134 -0.063389421 3.511682987
-0.153516650 0.000056388 0.988146126 0.867927074 0.001929468 0.999998093 0.000242695 -0.006014330 -0.988144219 0.001943854 -0.153516412 3.501566887
-0.249958754 -0.001723105 0.968254983 0.904375553 -0.000384290 0.999998510 0.001680389 -0.006462493 -0.968256414 0.000047937 -0.249958992 3.490862846
-0.341880679 -0.002012119 0.939741373 0.929253578 -0.000332097 0.999997914 0.002020319 -0.006581772 -0.939743459 0.000378622 -0.341880679 3.477086782
-0.433133245 -0.002031500 0.901327789 0.946112633 -0.000549329 0.999997854 0.001989912 -0.006831244 -0.901329875 0.000366771 -0.433133483 3.463039160
-0.520054817 -0.001942760 0.854130685 0.956586361 -0.000756776 0.999998093 0.001813764 -0.006600154 -0.854132533 0.000296871 -0.520055294 3.448112488
-0.602053761 -0.000609115 0.798455358 0.961260319 0.000057262 0.999999702 0.000806044 -0.006054478 -0.798455596 0.000531003 -0.602053523 3.432359934
-0.678123832 -0.002590854 0.734943092 0.962600231 -0.000527278 0.999995232 0.003038714 -0.007616146 -0.734947503 0.001673105 -0.678121924 3.417782784
-0.748402596 -0.001612504 0.663243175 0.960346699 0.000291415 0.999996126 0.002760064 -0.007408478 -0.663245022 0.002258917 -0.748399258 3.403266430
-0.810887098 -0.001369540 0.585201323 0.955214977 0.000142375 0.999996781 0.002537564 -0.007493371 -0.585202873 0.002140996 -0.810884356 3.390022516
-0.864489198 -0.000370277 0.502651274 0.947304010 0.001267211 0.999994934 0.002916069 -0.007852704 -0.502649844 0.003157875 -0.864484429 3.376741648
-0.910428405 -0.001370508 0.413664848 0.939239025 0.000157116 0.999993265 0.003658860 -0.008070020 -0.413667113 0.003396122 -0.910422087 3.364657402
-0.946783662 -0.000970703 0.321869820 0.928446770 0.000123965 0.999994278 0.003380452 -0.008082693 -0.321871251 0.003240457 -0.946778178 3.354275465
-0.974171877 -0.001127732 0.225805819 0.916325331 -0.000583446 0.999996781 0.002477135 -0.007400427 -0.225807890 0.002281409 -0.974169374 3.344768286
-0.991802096 -0.001260199 0.127778679 0.902911663 -0.000940315 0.999996245 0.002563714 -0.007914228 -0.127781436 0.002422544 -0.991799593 3.337187529
-0.999616027 -0.000814575 0.027695736 0.889025688 -0.000732108 0.999995291 0.002987622 -0.008082667 -0.027698038 0.002966198 -0.999611974 3.330313444
-0.997268796 -0.001473818 -0.073843397 0.874737799 -0.001660430 0.999995589 0.002465796 -0.008001336 0.073839433 0.002581673 -0.997266769 3.323829174
-0.985498905 -0.000991999 -0.169679627 0.858707309 -0.001241380 0.999998271 0.001363637 -0.007267506 0.169677988 0.001554499 -0.985498428 3.306896448
-0.973540902 0.000249101 -0.228512883 0.845559597 -0.000322001 0.999996901 0.002461925 -0.007798464 0.228512794 0.002470366 -0.973537803 3.279000282
-0.965852499 0.000167617 -0.259092659 0.834964693 -0.000419587 0.999997497 0.002211087 -0.008029510 0.259092391 0.002244296 -0.965849996 3.243763685
-0.961454391 -0.000223624 -0.274964631 0.823993623 -0.000846804 0.999997318 0.002147696 -0.008261703 0.274963439 0.002297753 -0.961452007 3.202965021
-0.959133983 -0.000521122 -0.282952338 0.811616898 -0.001046925 0.999997973 0.001707072 -0.007954999 0.282950878 0.001933540 -0.959132671 3.157277107
-0.958462834 -0.000403884 -0.285217971 0.802278876 -0.000819028 0.999998748 0.001336258 -0.007717625 0.285217077 0.001514355 -0.958462000 3.120977640
-0.963366866 -0.000697015 -0.268187255 0.799221396 -0.001082962 0.999998569 0.001291171 -0.006915062 0.268185973 0.001534307 -0.963366151 3.094663858
-0.971677542 -0.000527993 -0.236309901 0.800248921 -0.001013671 0.999997616 0.001933774 -0.007776660 0.236308306 0.002118546 -0.971675873 3.076630592
-0.980612397 -0.000557214 -0.195958167 0.803586364 -0.000902264 0.999998212 0.001671570 -0.007839798 0.195956871 0.001815968 -0.980611086 3.063689232
-0.988478541 -0.001214237 -0.151357323 0.808881402 -0.001379387 0.999998569 0.000986136 -0.007250531 0.151355907 0.001183555 -0.988478780 3.055223942
-0.994425893 -0.000684491 -0.105436027 0.814401031 -0.000892786 0.999997735 0.001928370 -0.007776602 0.105434470 0.002011752 -0.994424343 3.049715042
-0.997044921 -0.000757135 -0.076817252 0.817850590 -0.000889465 0.999998152 0.001688458 -0.007351840 0.076815836 0.001751795 -0.997043848 3.046025991
-0.998100519 -0.000773513 -0.061604347 0.819360256 -0.000893596 0.999997735 0.001921733 -0.007701740 0.061602723 0.001973132 -0.998098969 3.042925835
-0.998551607 -0.000364605 -0.053805396 0.819441080 -0.000480701 0.999997556 0.002144781 -0.007919077 0.053804483 0.002167539 -0.998549342 3.040872335
-0.998756647 -0.000563590 -0.049848467 0.819794953 -0.000666216 0.999997675 0.002042174 -0.007891322 0.049847204 0.002072845 -0.998754740 3.039037943
-0.998876095 -0.000191898 -0.047401734 0.819203675 -0.000276727 0.999998391 0.001783016 -0.007527013 0.047401313 0.001794129 -0.998874545 3.037769556
-0.998917580 -0.000698233 -0.046513248 0.819069505 -0.000808280 0.999996901 0.002347173 -0.008040077 0.046511464 0.002382228 -0.998915076 3.036276817
-0.998919487 -0.000790447 -0.046475884 0.818810642 -0.000870794 0.999998152 0.001708560 -0.007398726 0.046474446 0.001747184 -0.998918295 3.021815538
-0.998959184 -0.000231550 -0.045615472 0.816271901 -0.000331273 0.999997556 0.002178627 -0.007988374 0.045614857 0.002191470 -0.998956800 2.994832754
-0.998966932 -0.000813093 -0.045438614 0.814816594 -0.000920271 0.999996841 0.002337872 -0.008331368 0.045436569 0.002377272 -0.998964548 2.958861351
-0.998958707 -0.000865974 -0.045615904 0.813086152 -0.000965047 0.999997199 0.002149917 -0.008443888 0.045613915 0.002191700 -0.998956800 2.916394711
-0.998962641 -0.000325011 -0.045541115 0.810445845 -0.000399219 0.999998629 0.001620382 -0.007752365 0.045540523 0.001636882 -0.998961449 2.867498636
-0.998960853 -0.001017003 -0.045566503 0.808641016 -0.001145924 0.999995410 0.002803249 -0.008666676 0.045563441 0.002852551 -0.998957396 2.819302320
-0.998964548 -0.000777919 -0.045489140 0.806257308 -0.000916302 0.999994993 0.003021345 -0.008660487 0.045486562 0.003059898 -0.998960257 2.765895844
-0.998969674 -0.000587843 -0.045377810 0.803075433 -0.000720840 0.999995470 0.002914590 -0.008824803 0.045375891 0.002944298 -0.998965621 2.710679054
-0.998959064 -0.000815332 -0.045609355 0.800965965 -0.000907791 0.999997556 0.002006522 -0.007662541 0.045607608 0.002045837 -0.998957396 2.654716492
-0.998987675 0.000109344 -0.044985976 0.797746360 -0.000008457 0.999996543 0.002618425 -0.007641853 0.044986106 0.002616154 -0.998984218 2.596149445
-0.999065042 0.000152470 -0.043231413 0.795260608 0.000036180 0.999996364 0.002690693 -0.007234565 0.043231666 0.002686614 -0.999061465 2.538457870
-0.999721527 0.000496520 -0.023597099 0.796058774 0.000440599 0.999997079 0.002374947 -0.006969261 0.023598209 0.002363889 -0.999718785 2.494355679
-0.999943137 0.000496071 0.010658210 0.799957097 0.000518858 0.999997556 0.002135288 -0.006971788 -0.010657125 0.002140696 -0.999940991 2.464438915
-0.998645186 0.000229171 0.052039478 0.805367470 0.000370802 0.999996245 0.002711967 -0.007493041 -0.052038662 0.002727588 -0.998641491 2.443581104
-0.995233774 0.000061875 0.097520858 0.811576843 0.000349217 0.999995649 0.002929398 -0.007900640 -0.097520255 0.002949491 -0.995229483 2.428600550
-0.989486694 -0.000594331 0.144623518 0.819053411 -0.000104491 0.999994218 0.003394579 -0.008062745 -0.144624695 0.003343778 -0.989481091 2.405652046
-0.985039353 -0.000552624 0.172329649 0.826470137 0.000026007 0.999994397 0.003355421 -0.007844833 -0.172330528 0.003309703 -0.985033751 2.372980833
-0.982210159 0.000285222 0.187784195 0.832334399 0.000912835 0.999994278 0.003255736 -0.007193876 -0.187782198 0.003369234 -0.982204914 2.332636833
-0.980739474 -0.000045683 0.195321321 0.840520978 0.000493731 0.999996185 0.002712988 -0.006986701 -0.195320696 0.002757170 -0.980735660 2.287223339
-0.979935408 0.000163838 0.199316800 0.846651554 0.000833698 0.999994278 0.003276862 -0.007488881 -0.199315116 0.003377283 -0.979929924 2.250729561
-0.979655385 0.000163834 0.200688452 0.851608872 0.000760225 0.999995530 0.002894662 -0.007267791 -0.200687081 0.002988339 -0.979651093 2.224014759
-0.979478002 0.000600917 0.201550201 0.857868195 0.001170208 0.999995649 0.002705421 -0.006923030 -0.201547697 0.002885756 -0.979474425 2.191468239
-0.979298592 0.000472529 0.202421397 0.864850640 0.001037197 0.999995887 0.002683504 -0.007137898 -0.202419296 0.002837902 -0.979295015 2.152207851
-0.979265451 0.000617106 0.202581108 0.873938203 0.001300453 0.999993920 0.003240119 -0.007215175 -0.202577874 0.003436383 -0.979260325 2.107581615
-0.979865432 0.000420292 0.199658841 0.883977413 0.000958925 0.999996185 0.002601074 -0.007118684 -0.199656978 0.002740160 -0.979862094 2.058900356
-0.987259746 -0.000447376 0.159116507 0.889766932 -0.000047146 0.999996841 0.002519091 -0.007260827 -0.159117132 0.002479495 -0.987256646 2.003654957
-0.995833993 0.000258990 0.091187514 0.887725592 0.000432658 0.999998152 0.001884762 -0.006959010 -0.091186859 0.001916363 -0.995832324 1.958344698
-0.999959707 0.000440159 0.008981661 0.880258441 0.000466645 0.999995530 0.002947021 -0.007287066 -0.008980324 0.002951093 -0.999955535 1.923275828
-0.996705055 -0.000961278 -0.081107102 0.871493220 -0.001066475 0.999998629 0.001253700 -0.005501320 0.081105784 0.001336068 -0.996704698 1.884252548
-0.990675688 -0.000035031 -0.136241987 0.864337802 -0.000257878 0.999998629 0.001618024 -0.005760154 0.136241749 0.001638071 -0.990674376 1.841154099
-0.986374140 0.000467939 -0.164517909 0.859348476 0.000049717 0.999996781 0.002546214 -0.006136579 0.164518565 0.002503340 -0.986370921 1.794498682
-0.983775258 -0.000448981 -0.179406032 0.854100764 -0.000799490 0.999997914 0.001881419 -0.005840482 0.179404810 0.001994326 -0.983773589 1.744950414
-0.982506037 0.000219294 -0.186232358 0.846776009 -0.000278956 0.999996424 0.002649215 -0.006113624 0.186232284 0.002654820 -0.982502460 1.692318916
-0.982165575 -0.000235135 -0.188019052 0.838084996 -0.000506037 0.999998927 0.001392821 -0.005433151 0.188018516 0.001463125 -0.982164621 1.635713100
-0.985367656 -0.000115822 -0.170443252 0.832459569 -0.000405614 0.999998510 0.001665408 -0.005573635 0.170442805 0.001710173 -0.985366225 1.580594301
-0.990503907 -0.000683805 -0.137484789 0.829350948 -0.000938611 0.999997973 0.001788521 -0.005149634 0.137483284 0.001900581 -0.990502596 1.523812294
-0.995373726 -0.000393605 -0.096079402 0.827573240 -0.000570345 0.999998212 0.001812072 -0.005879585 0.096078515 0.001858487 -0.995372176 1.467342973
-0.998721004 -0.000518780 -0.050558146 0.827008069 -0.000621326 0.999997795 0.002012582 -0.006197084 0.050556988 0.002041421 -0.998719096 1.412457705
-0.999989152 -0.000025666 -0.004710754 0.827928007 -0.000038805 0.999996126 0.002788909 -0.006093772 0.004710665 0.002789061 -0.999985218 1.369756579
-0.999700904 0.000352658 0.024452964 0.828637600 0.000425452 0.999995470 0.002971745 -0.006156639 -0.024451805 0.002981259 -0.999696612 1.323767185
-0.999248147 -0.000039642 0.038777757 0.828478038 0.000044290 0.999997675 0.002163575 -0.005720930 -0.038777754 0.002163665 -0.999245763 1.275186777
-0.998906255 0.000649291 0.046754085 0.827578902 0.000760276 0.999996960 0.002356057 -0.005418757 -0.046752408 0.002389026 -0.998903632 1.221818805
-0.998727560 0.000328963 0.050428487 0.828411043 0.000421648 0.999998212 0.001827330 -0.004961201 -0.050427794 0.001846268 -0.998726010 1.166381359
-0.998666763 -0.000092039 0.051621228 0.830114424 0.000046985 0.999996364 0.002691928 -0.005866416 -0.051621292 0.002690764 -0.998663187 1.113035679
-0.998560548 0.000081206 0.053639241 0.829774797 0.000221586 0.999996543 0.002611165 -0.005721206 -0.053638846 0.002619291 -0.998557091 1.067719460
-0.998516202 0.000197369 0.054460928 0.830857873 0.000324108 0.999997258 0.002318335 -0.005387325 -0.054460321 0.002332545 -0.998513460 1.022419214
-0.998500109 0.000535352 0.054752350 0.832144737 0.000677201 0.999996483 0.002572214 -0.005520648 -0.054750778 0.002605434 -0.998497009 0.973878980
-0.998499990 -0.000324791 0.054755040 0.834064782 -0.000166398 0.999995768 0.002897281 -0.006743244 -0.054755751 0.002883824 -0.998495817 0.923499107
-0.998514652 0.000629032 0.054482527 0.836049616 0.000835837 0.999992549 0.003773114 -0.006308460 -0.054479748 0.003813048 -0.998507738 0.871763110
-0.998468757 0.000433815 0.055316251 0.837605476 0.000648929 0.999992311 0.003870910 -0.007172232 -0.055314146 0.003900879 -0.998461366 0.827149212
-0.998478055 0.000112152 0.055151042 0.839935899 0.000322185 0.999992728 0.003799453 -0.007078745 -0.055150215 0.003811439 -0.998470783 0.783099294
-0.998489499 0.000604040 0.054942824 0.842122138 0.000824255 0.999991715 0.003985503 -0.007365100 -0.054939963 0.004024770 -0.998481750 0.734948874
-0.998465300 0.000393992 0.055382077 0.844856620 0.000630775 0.999990761 0.004258030 -0.007933842 -0.055379886 0.004286428 -0.998456240 0.682898641
-0.998483419 -0.000004622 0.055054612 0.848375618 0.000235641 0.999990463 0.004357584 -0.007793967 -0.055054110 0.004363948 -0.998473883 0.629294097
-0.998474002 0.000536836 0.055224195 0.850253046 0.000747377 0.999992549 0.003791887 -0.007524168 -0.055221748 0.003827373 -0.998466969 0.588348746
-0.998470306 -0.000194916 0.055291109 0.851987779 0.000025319 0.999992073 0.003982450 -0.007272391 -0.055291448 0.003977758 -0.998462439 0.556292176
-0.998479128 -0.000136987 0.055133969 0.853103459 0.000110184 0.999989986 0.004480036 -0.007475840 -0.055134028 0.004479296 -0.998469114 0.533773065
-0.998450875 0.000941476 0.055637855 0.854215562 0.001147943 0.999992549 0.003679073 -0.006828669 -0.055633977 0.003737242 -0.998444557 0.504296541
-0.998473406 0.000517587 0.055231750 0.856541455 0.000743411 0.999991477 0.004068202 -0.007157095 -0.055229172 0.004103051 -0.998465300 0.467250079
-0.998688698 -0.000493933 0.051197395 0.860181451 -0.000300644 0.999992788 0.003783002 -0.007149143 -0.051198896 0.003762648 -0.998681664 0.419167489
-0.999901295 0.000750929 0.014045532 0.855238557 0.000820736 0.999987364 0.004965012 -0.008317923 -0.014041626 0.004976048 -0.999889255 0.372111619
-0.998474121 0.000545771 -0.055217724 0.846824408 0.000298017 0.999989867 0.004494993 -0.008076243 0.055219617 0.004471678 -0.998464227 0.317437649
-0.990408659 0.001458705 -0.138161108 0.834654748 0.000863844 0.999990106 0.004365426 -0.007547058 0.138166100 0.004204206 -0.990400195 0.273337066
-0.974262476 0.001649065 -0.225412026 0.821485817 0.000697156 0.999990523 0.004302506 -0.007457151 0.225416988 0.004034621 -0.974254370 0.241781116
-0.959419012 0.001599603 -0.281979561 0.812277853 0.000476355 0.999991655 0.004051946 -0.007087263 0.281983703 0.003753192 -0.959411860 0.219734013
-0.937876105 0.000782866 -0.346969664 0.803199410 -0.000898587 0.999988616 0.004685193 -0.007849807 0.346969366 0.004705913 -0.937864780 0.204666078
-0.905551434 0.000672191 -0.424236178 0.790792704 -0.001265269 0.999990046 0.004285233 -0.007837837 0.424234837 0.004417271 -0.905541539 0.194442272
-0.863212466 0.000913906 -0.504840076 0.776201248 -0.001883205 0.999985576 0.005030305 -0.008346116 0.504837394 0.005292939 -0.863198280 0.188401639
-0.811712027 0.001309985 -0.584056377 0.760541618 -0.001834809 0.999986827 0.004792866 -0.007794331 0.584055007 0.004962059 -0.811698914 0.185688376
-0.750899434 0.001216214 -0.660415411 0.746027052 -0.002025665 0.999989331 0.004144772 -0.007583106 0.660413384 0.004450088 -0.750889063 0.186521232
-0.682137251 0.001752197 -0.731222332 0.731084704 -0.002167551 0.999987900 0.004418277 -0.007707957 0.731221259 0.004598831 -0.682125211 0.189777195
-0.606640339 0.001531207 -0.794974923 0.717417836 -0.002608311 0.999988914 0.003916472 -0.007944076 0.794972122 0.004449432 -0.606629729 0.196211994
-0.524253249 0.001624427 -0.851561010 0.704150319 -0.002571521 0.999990582 0.003490695 -0.007915497 0.851558685 0.004019815 -0.524244070 0.203612447
-0.437087536 0.000630109 -0.899419010 0.692241013 -0.002992093 0.999993205 0.002154626 -0.007200845 0.899414241 0.003632904 -0.437082648 0.212501228
-0.344912291 0.001006657 -0.938634396 0.680808544 -0.003426553 0.999991417 0.002331588 -0.007374971 0.938628674 0.004020473 -0.344905853 0.223838389
-0.249937773 0.000889962 -0.968261600 0.670726240 -0.002360035 0.999996066 0.001528327 -0.006967013 0.968259156 0.002667118 -0.249934673 0.235398352
-0.151403785 0.000607673 -0.988471806 0.660747290 -0.003177904 0.999994338 0.001101515 -0.006813016 0.988466859 0.003308042 -0.151401043 0.248442113
-0.052640557 0.000430591 -0.998613477 0.641036928 -0.003650119 0.999993145 0.000623596 -0.006915687 0.998606920 0.003677884 -0.052638650 0.260150850
0.045562088 -0.000088533 -0.998961568 0.608616948 -0.003773081 0.999992847 -0.000260713 -0.006304594 0.998954415 0.003781041 0.045561373 0.272627562
0.105964363 0.000275830 -0.994369924 0.570820451 -0.003948532 0.999992192 -0.000143383 -0.006223765 0.994362116 0.003941495 0.105964661 0.280026734
0.136456072 -0.000064805 -0.990646064 0.527228415 -0.004500165 0.999989629 -0.000685290 -0.005947140 0.990635872 0.004551583 0.136454403 0.285952568
0.152412295 0.000612345 -0.988316834 0.479813457 -0.004288943 0.999990821 -0.000041837 -0.006024915 0.988307714 0.004245211 0.152413487 0.291488975
0.161077976 -0.000096924 -0.986941636 0.429110259 -0.004131969 0.999991179 -0.000772581 -0.006272084 0.986932993 0.004202458 0.161076188 0.296361566
0.164965749 0.000177970 -0.986299396 0.375959069 -0.003800564 0.999992669 -0.000455231 -0.006377053 0.986292124 0.003823591 0.164965212 0.303308934
0.167113483 0.000897542 -0.985937297 0.322317332 -0.003487685 0.999993861 0.000319186 -0.007764550 0.985931516 0.003385298 0.167115569 0.310009986
0.168103099 0.000822987 -0.985769153 0.267284423 -0.003818529 0.999992669 0.000183688 -0.008141533 0.985762060 0.003733309 0.168105006 0.317674518
0.168995798 0.000937560 -0.985616446 0.209688097 -0.003364170 0.999994278 0.000374409 -0.007762011 0.985611141 0.003252507 0.168997943 0.324867010
0.169821084 0.000471662 -0.985474885 0.152821094 -0.004095528 0.999991596 -0.000227149 -0.007459829 0.985466480 0.004074614 0.169821620 0.332869798
0.169532835 0.000867086 -0.985524297 0.095257640 -0.003163892 0.999994934 0.000335555 -0.007526300 0.985519648 0.003061204 0.169534683 0.342675507
0.171290338 0.001222805 -0.985219836 0.036042482 -0.003260438 0.999994457 0.000674283 -0.008608614 0.985215187 0.003096750 0.171293378 0.353742063
0.210369527 0.001134523 -0.977621257 -0.023663342 -0.002798075 0.999995947 0.000558385 -0.008500654 0.977617919 0.002617990 0.210371852 0.369786382
0.277158856 0.001222657 -0.960823417 -0.082214266 -0.002963168 0.999995530 0.000417749 -0.008641718 0.960819662 0.002731298 0.277161241 0.390912712
0.357472181 0.000559733 -0.933923602 -0.128862262 -0.003132502 0.999994934 -0.000599676 -0.008119996 0.933918476 0.003139885 0.357472122 0.414043486
0.437964022 0.000125460 -0.898992419 -0.160422146 -0.002100451 0.999997377 -0.000883725 -0.008191238 0.898989975 0.002275329 0.437963128 0.434393764
0.488779783 0.001560184 -0.872405887 -0.181329727 -0.001682981 0.999998212 0.000845448 -0.009844260 0.872405648 0.001055004 0.488781571 0.447780937
0.548120856 0.001042303 -0.836398542 -0.196732000 -0.002649937 0.999996364 -0.000490420 -0.009172398 0.836394966 0.002485213 0.548121631 0.461305827
0.614491165 0.001100664 -0.788922966 -0.204899505 -0.001486988 0.999998868 0.000236933 -0.009894446 0.788922310 0.001027525 0.614492118 0.477626413
0.684189320 0.001399198 -0.729303062 -0.208645850 -0.002615369 0.999996424 -0.000535052 -0.009508946 0.729299724 0.002273474 0.684190571 0.492045730
0.750705659 0.001615453 -0.660634935 -0.208517000 -0.002265403 0.999997437 -0.000128970 -0.009952751 0.660632968 0.001593423 0.750707388 0.507099688
0.811378360 0.000783108 -0.584520757 -0.205128670 -0.002334006 0.999995470 -0.001900116 -0.009175171 0.584516585 0.002905988 0.811376572 0.521500468
0.864811659 0.000933177 -0.502095580 -0.198954165 -0.001730792 0.999997854 -0.001122563 -0.009216959 0.502093494 0.001839828 0.864811420 0.535633087
0.910567462 0.001085353 -0.413359106 -0.190152347 -0.001896408 0.999997020 -0.001551816 -0.009719121 0.413356185 0.002196931 0.910566747 0.546381533
0.947220206 0.000986963 -0.320582062 -0.180198327 -0.001391303 0.999998510 -0.001032214 -0.010204145 0.320580572 0.001423761 0.947220206 0.557048917
0.974662960 0.000889386 -0.223676920 -0.168257311 -0.000844476 0.999999583 0.000296437 -0.010996017 0.223677099 -0.000100036 0.974663317 0.566823006
0.991896987 -0.000528098 -0.127043441 -0.154965848 0.000398274 0.999999344 -0.001047289 -0.010514363 0.127043918 0.000988204 0.991896629 0.575540721
0.999635696 0.000420766 -0.026987106 -0.141413271 -0.000417899 0.999999881 0.000111899 -0.011071994 0.026987150 -0.000100580 0.999635756 0.582226992
0.997213483 0.000286138 0.074599892 -0.126779169 -0.000215588 0.999999523 -0.000953763 -0.010041528 -0.074600130 0.000935023 0.997213066 0.588112414
0.985457957 0.000162602 0.169919446 -0.111776046 -0.000037907 0.999999702 -0.000737091 -0.010264814 -0.169919521 0.000719931 0.985457659 0.591589391
0.973532856 -0.000263970 0.228547022 -0.102347367 0.000445410 0.999999642 -0.000742304 -0.011000203 -0.228546739 0.000824454 0.973532617 0.592199922
0.965863645 -0.000434832 0.259050667 -0.098163605 0.000648847 0.999999523 -0.000740647 -0.011028848 -0.259050220 0.000883449 0.965863466 0.592557847
0.961818278 -0.000467988 0.273688406 -0.096677005 0.000782708 0.999999166 -0.001040729 -0.010962819 -0.273687690 0.001215210 0.961817861 0.592740476
0.964950979 -0.000357583 0.262429953 -0.098683707 0.000391063 0.999999940 -0.000075350 -0.011377806 -0.262429893 0.000175336 0.964951038 0.592622876
0.972595096 -0.000319404 0.232505262 -0.103719629 0.000514021 0.999999583 -0.000776457 -0.010749825 -0.232504904 0.000874691 0.972594857 0.592143893
0.980863154 0.000104476 0.194698438 -0.110454127 -0.000026531 0.999999940 -0.000402945 -0.011103936 -0.194698468 0.000390068 0.980863094 0.591790855
0.988535285 0.000175987 0.150989980 -0.117764443 -0.000049182 0.999999642 -0.000843554 -0.010706876 -0.150990069 0.000826457 0.988534927 0.590270996
0.994356275 0.000337880 0.106092073 -0.125331953 -0.000341826 0.999999940 0.000019013 -0.010918591 -0.106092066 -0.000055171 0.994356334 0.589042306
0.997040153 -0.000017749 0.076882713 -0.129497439 0.000164711 0.999998152 -0.001905156 -0.009554919 -0.076882541 0.001912181 0.997038305 0.588093460
0.998041391 0.000473173 0.062555425 -0.132222742 -0.000411338 0.999999404 -0.001001351 -0.010232738 -0.062555864 0.000973658 0.998040974 0.587410271
0.998500705 0.000792780 0.054733060 -0.133434653 -0.000739229 0.999999225 -0.000998639 -0.009810629 -0.054733809 0.000956681 0.998500526 0.587282717
0.998742461 0.000115410 0.050135165 -0.133526906 -0.000081033 0.999999762 -0.000687715 -0.010152933 -0.050135233 0.000682787 0.998742223 0.586568236
0.998863101 0.000355599 0.047669601 -0.134543523 -0.000247780 0.999997377 -0.002267676 -0.009516757 -0.047670286 0.002253286 0.998860598 0.586325228
0.999653637 0.000466804 0.026314329 -0.137589738 -0.000442046 0.999999464 -0.000946665 -0.010270308 -0.026314756 0.000934705 0.999653280 0.585244596
0.999956012 0.000299559 -0.009373715 -0.142555594 -0.000311124 0.999999166 -0.001232324 -0.010174705 0.009373339 0.001235186 0.999955297 0.583118677
0.998656809 0.000217769 -0.051812869 -0.148788989 -0.000289038 0.999999046 -0.001368022 -0.010375559 0.051812522 0.001381160 0.998655856 0.580171108
0.995220244 0.000163090 -0.097655758 -0.155473381 -0.000164720 1.000000000 -0.000008628 -0.011328868 0.097655758 0.000024672 0.995220244 0.576532543
0.989673436 0.000838542 -0.143337995 -0.162447587 -0.000883195 0.999999583 -0.000247898 -0.010842265 0.143337727 0.000371933 0.989673734 0.572647989
0.985131562 0.000214787 -0.171801463 -0.164846361 -0.000437852 0.999999106 -0.001260496 -0.010214378 0.171801031 0.001316978 0.985130787 0.559768558
0.982277989 0.000026297 -0.187429860 -0.162538841 -0.000120204 0.999999881 -0.000489656 -0.010565838 0.187429830 0.000503508 0.982277870 0.536148190
0.980907977 0.000699432 -0.194471091 -0.158911526 -0.000733391 0.999999702 -0.000102624 -0.010422763 0.194470972 0.000243288 0.980908275 0.506656826
0.980074704 0.000073579 -0.198629364 -0.152967587 -0.000310683 0.999999285 -0.001162533 -0.009869996 0.198629141 0.001201080 0.980073988 0.471033156
0.979584754 0.000402460 -0.201031148 -0.144945592 -0.000502040 0.999999762 -0.000444361 -0.010614105 0.201030925 0.000536215 0.979584754 0.432711929
0.979351401 0.000396843 -0.202165008 -0.139285251 -0.000657914 0.999999046 -0.001224180 -0.009906208 0.202164337 0.001331910 0.979350686 0.402692616
0.978970110 0.000184708 -0.204003632 -0.135280818 -0.000159367 1.000000000 0.000140645 -0.010637628 0.204003662 -0.000105176 0.978970110 0.380203545
0.974844456 0.000140286 -0.222886249 -0.135619536 -0.000173697 1.000000000 -0.000130297 -0.010250517 0.222886220 0.000165734 0.974844456 0.363115102
0.966277182 0.000472768 -0.257503718 -0.137412205 -0.000874393 0.999998569 -0.001445178 -0.009834496 0.257502675 0.001621602 0.966276228 0.347832739
0.954539716 -0.000005164 -0.298083842 -0.141180292 -0.000428114 0.999998927 -0.001388254 -0.009608061 0.298083544 0.001452757 0.954538703 0.335722595
0.940145969 -0.000083059 -0.340771943 -0.145805940 -0.000429786 0.999998868 -0.001429462 -0.009788089 0.340771675 0.001490362 0.940144897 0.324514091
0.923043072 -0.000324105 -0.384696454 -0.150351390 -0.000775606 0.999996066 -0.002703485 -0.008761992 0.384695828 0.002793806 0.923039198 0.315378368
0.912853777 0.000522703 -0.408286333 -0.153483987 -0.000979286 0.999999106 -0.000909269 -0.009753058 0.408285499 0.001229859 0.912853479 0.309483647
0.922585130 0.000542200 -0.385793149 -0.150072411 -0.000738614 0.999999642 -0.000360906 -0.009712886 0.385792822 0.000617919 0.922585249 0.310506821
0.944300056 0.000505834 -0.329085350 -0.142072782 -0.000639071 0.999999762 -0.000296704 -0.010170509 0.329085141 0.000490486 0.944300115 0.314557463
0.967369914 -0.000029318 -0.253368318 -0.131125331 -0.000295099 0.999999166 -0.001242410 -0.009991392 0.253368169 0.001276639 0.967369080 0.321708083
0.986099601 0.000180105 -0.166155368 -0.118634447 -0.000486580 0.999998271 -0.001803808 -0.009201132 0.166154757 0.001859582 0.986097932 0.328954905
0.997319162 0.000034439 -0.073174231 -0.105425678 -0.000128426 0.999999166 -0.001279730 -0.009851337 0.073174126 0.001285697 0.997318327 0.335171670
0.999871254 -0.000484818 -0.016040333 -0.096760735 0.000460119 0.999998689 -0.001543451 -0.009629844 0.016041061 0.001535872 0.999870181 0.338523209
0.999914527 -0.000684056 0.013057249 -0.092117809 0.000693194 0.999999523 -0.000695320 -0.010168375 -0.013056766 0.000704311 0.999914527 0.339948863
0.999577224 -0.000099559 0.029074283 -0.090295769 0.000118003 0.999999821 -0.000632681 -0.010421818 -0.029074214 0.000635844 0.999577045 0.340063244
0.999375761 -0.000343882 0.035326220 -0.089265518 0.000361587 0.999999821 -0.000494802 -0.010394932 -0.035326045 0.000507267 0.999375701 0.340629160
0.999807954 -0.000063313 0.019595904 -0.091809638 0.000089236 0.999999106 -0.001321977 -0.009847680 -0.019595804 0.001323472 0.999807119 0.339459091
0.999920249 -0.000715501 -0.012610060 -0.096561641 0.000701973 0.999999166 -0.001077201 -0.010003866 0.012610820 0.001068263 0.999919891 0.337651253
0.998615265 0.000319322 -0.052606706 -0.103772789 -0.000348496 0.999999762 -0.000545403 -0.010104835 0.052606519 0.000562981 0.998615146 0.335066170
0.995160162 0.000344143 -0.098265871 -0.110852771 -0.000465310 0.999999166 -0.001210140 -0.009671841 0.098265372 0.001250007 0.995159447 0.332052976
0.989624858 0.000508977 -0.143674538 -0.116842538 -0.000566521 0.999999762 -0.000359613 -0.010200159 0.143674314 0.000437277 0.989624918 0.328502834
0.984918118 -0.000008913 -0.173020989 -0.120695107 -0.000213469 0.999999166 -0.001266681 -0.009463968 0.173020855 0.001284511 0.984917343 0.326215655
0.982347369 0.000215544 -0.187065661 -0.122710653 -0.000550242 0.999998331 -0.001737279 -0.009515456 0.187064976 0.001809543 0.982345879 0.324633360
0.980875611 0.000605940 -0.194634855 -0.124139674 -0.000786762 0.999999344 -0.000851729 -0.009832886 0.194634214 0.000988572 0.980875373 0.324124008
0.980061650 0.000752156 -0.198692322 -0.124251686 -0.000966719 0.999999046 -0.000982874 -0.010035933 0.198691398 0.001155357 0.980061412 0.323738545
0.979622543 0.000352388 -0.200847045 -0.124516450 -0.000578471 0.999999285 -0.001066958 -0.009643267 0.200846523 0.001161400 0.979622006 0.323978812
0.979350567 0.000268777 -0.202169210 -0.124375343 -0.000394529 0.999999762 -0.000581715 -0.010420855 0.202169001 0.000649464 0.979350448 0.323319197
0.979305208 0.000404055 -0.202388555 -0.124721266 -0.000624480 0.999999285 -0.001025264 -0.009725042 0.202388003 0.001130434 0.979304790 0.323331058
0.979239523 0.000941014 -0.202704489 -0.124788135 -0.001020242 0.999999464 -0.000286368 -0.010349599 0.202704102 0.000487230 0.979239941 0.322975338
0.979233325 0.000582548 -0.202735603 -0.124734588 -0.000669151 0.999999702 -0.000358633 -0.010300428 0.202735350 0.000486846 0.979233444 0.322997749
0.979246736 0.000772450 -0.202670202 -0.124833852 -0.000969297 0.999999166 -0.000872016 -0.009997359 0.202669352 0.001050366 0.979246676 0.322934687
0.979261577 0.000954532 -0.202597663 -0.124938644 -0.001158930 0.999998927 -0.000890260 -0.009888090 0.202596590 0.001106594 0.979261637 0.323135436
0.979247689 0.001229575 -0.202663273 -0.124890283 -0.001401984 0.999998748 -0.000707163 -0.010009698 0.202662155 0.000976618 0.979248226 0.322874248
0.979248703 0.000805536 -0.202660605 -0.124821216 -0.000983429 0.999999225 -0.000777095 -0.010026449 0.202659816 0.000960272 0.979248762 0.322861642
