1.000000000 0.000000000 0.000000000 0.000000000 0.000000000 1.000000000 0.000000000 0.000000000 0.000000000 0.000000000 1.000000000 0.000000000
1.000000000 -0.000006987 0.000001432 -0.000000262 0.000006987 1.000000000 0.000016907 -0.000032333 -0.000001432 -0.000016907 1.000000000 0.000004916
1.000000000 -0.000001443 -0.000002336 0.000015164 0.000001443 1.000000000 0.000022300 -0.000044105 0.000002336 -0.000022300 1.000000000 -0.000010989
1.000000000 -0.000001396 0.000032238 -0.000030342 0.000001393 1.000000000 0.000066991 -0.000081641 -0.000032239 -0.000066990 1.000000000 -0.000005090
1.000000000 0.000010049 0.000024225 -0.000005026 -0.000010050 1.000000000 0.000046739 -0.000044361 -0.000024224 -0.000046739 1.000000000 0.000001687
1.000000000 0.000010169 0.000024060 -0.000004227 -0.000010170 1.000000000 0.000047368 -0.000045280 -0.000024060 -0.000047368 1.000000000 0.000001084
1.000000000 -0.000030945 -0.000050084 0.000030440 0.000030947 1.000000000 0.000021038 0.000020766 0.000050083 -0.000021040 1.000000000 0.000011418
1.000000000 0.000019898 0.000021473 -0.000014460 -0.000019898 1.000000000 0.000039136 -0.000028036 -0.000021472 -0.000039137 1.000000000 -0.000018054
1.000000000 0.000020383 0.000021076 -0.000014496 -0.000020384 1.000000000 0.000039035 -0.000027717 -0.000021075 -0.000039036 1.000000000 -0.000017554
1.000000000 0.000020029 0.000021120 -0.000013860 -0.000020030 1.000000000 0.000037420 -0.000025813 -0.000021120 -0.000037420 1.000000000 -0.000016182
1.000000000 0.000019305 0.000021021 -0.000014366 -0.000019306 1.000000000 0.000037697 -0.000026133 -0.000021020 -0.000037697 1.000000000 -0.000016350
1.000000000 0.000226752 0.000062671 -0.000215835 -0.000226758 0.999999940 0.000094987 -0.000012532 -0.000062650 -0.000095002 1.000000000 -0.000711480
0.999999821 0.000590818 0.000156478 -0.000188408 -0.000590730 0.999999642 -0.000560155 0.000540840 -0.000156809 0.000560063 0.999999821 -0.014277166
0.999999940 0.000254130 -0.000040767 0.000378038 -0.000254143 0.999999940 -0.000319380 0.000471170 0.000040686 0.000319390 0.999999940 -0.040642004
0.999999940 0.000347270 0.000041921 0.000221376 -0.000347281 0.999999881 0.000258279 0.000498609 -0.000041831 -0.000258293 0.999999940 -0.075876869
1.000000000 0.000074864 0.000015398 0.000962131 -0.000074860 0.999999940 -0.000278412 0.000700561 -0.000015419 0.000278411 0.999999940 -0.117445454
0.999999940 0.000248816 0.000181709 0.000220839 -0.000248909 0.999999821 0.000513602 0.000588187 -0.000181582 -0.000513648 0.999999881 -0.152584776
1.000000000 0.000192751 -0.000095279 0.000516993 -0.000192722 0.999999940 0.000302612 0.000813255 0.000095338 -0.000302593 0.999999940 -0.190151498
0.999999881 0.000513989 0.000179717 0.000571479 -0.000513974 0.999999881 -0.000083690 0.001433946 -0.000179760 0.000083597 1.000000000 -0.234183416
0.999999940 0.000250348 0.000018694 0.000870354 -0.000250337 0.999999821 -0.000586297 0.002135127 -0.000018840 0.000586293 0.999999821 -0.281267226
1.000000000 -0.000085896 0.000089942 0.000257360 0.000085876 1.000000000 0.000222342 0.001085207 -0.000089961 -0.000222334 1.000000000 -0.334246069
1.000000000 -0.000208792 -0.000021437 0.000319904 0.000208790 1.000000000 -0.000115499 0.001589750 0.000021461 0.000115495 1.000000000 -0.387215018
0.999999940 -0.000411299 -0.000001842 0.000939037 0.000411300 0.999999702 0.000678834 0.000951760 0.000001563 -0.000678835 0.999999762 -0.444013149
0.999999881 0.000486037 0.000230268 0.000814751 -0.000486279 0.999999344 0.001050757 0.000552806 -0.000229757 -0.001050869 0.999999404 -0.500333667
1.000000000 0.000177654 -0.000077682 0.001633004 -0.000177582 0.999999583 0.000924060 0.000709152 0.000077846 -0.000924046 0.999999583 -0.558247268
0.999999940 0.000334273 -0.000029837 0.002360279 -0.000334254 0.999999702 0.000657980 0.001438782 0.000030057 -0.000657970 0.999999762 -0.615137160
0.999999821 0.000496892 -0.000404867 0.002872436 -0.000496813 0.999999881 0.000195187 0.002745481 0.000404964 -0.000194986 0.999999881 -0.672872305
0.999999881 0.000166583 -0.000470020 0.003551803 -0.000166126 0.999999523 0.000971280 0.001748810 0.000470182 -0.000971202 0.999999404 -0.734424591
0.999999821 0.000387384 -0.000469919 0.003541335 -0.000387140 0.999999762 0.000518962 0.002768866 0.000470120 -0.000518780 0.999999762 -0.793451726
0.999999821 0.000278405 -0.000571041 0.004305337 -0.000278636 0.999999881 -0.000405582 0.004519122 0.000570929 0.000405741 0.999999762 -0.850556612
0.999999940 0.000274495 0.000201602 0.002450879 -0.000274654 0.999999642 0.000788868 0.002177375 -0.000201386 -0.000788923 0.999999642 -0.909471989
0.999999881 0.000126553 0.000471652 0.002011983 -0.000127045 0.999999464 0.001041881 0.001611767 -0.000471520 -0.001041941 0.999999344 -0.970250368
0.999999881 0.000420017 -0.000066143 0.002751047 -0.000419962 0.999999583 0.000829655 0.002173372 0.000066492 -0.000829627 0.999999642 -1.028583765
0.999999881 -0.000134517 0.000481777 0.001285131 0.000133841 0.999998987 0.001403247 0.001123788 -0.000481965 -0.001403182 0.999998927 -1.090397954
0.999999940 0.000209038 0.000146076 0.003430813 -0.000209102 0.999999881 0.000434567 0.003626915 -0.000145985 -0.000434598 0.999999881 -1.145424843
0.999999881 0.000041721 0.000434699 0.003429262 -0.000041673 1.000000000 -0.000110626 0.004117643 -0.000434704 0.000110608 0.999999881 -1.205909252
0.999999940 0.000032659 0.000392751 0.004219880 -0.000032843 0.999999881 0.000468332 0.003577832 -0.000392735 -0.000468345 0.999999821 -1.265409470
0.999999642 -0.000158895 0.000816969 0.003986151 0.000159016 1.000000000 -0.000148772 0.004836981 -0.000816945 0.000148902 0.999999642 -1.322837234
0.999999762 0.000522730 0.000380803 0.005541713 -0.000523090 0.999999404 0.000947539 0.003076538 -0.000380307 -0.000947738 0.999999464 -1.389290810
0.999999166 0.000900002 0.000955255 0.005331151 -0.000901270 0.999998689 0.001327591 0.002957823 -0.000954059 -0.001328451 0.999998689 -1.449156880
0.999999702 0.000479700 0.000576887 0.005575784 -0.000480484 0.999998987 0.001359454 0.002680106 -0.000576234 -0.001359731 0.999998927 -1.509059906
1.000000000 0.000092189 0.000105710 0.006554959 -0.000092341 0.999998987 0.001439050 0.003167104 -0.000105577 -0.001439060 0.999998987 -1.569207788
0.999999702 0.000500773 0.000600593 0.005942867 -0.000501259 0.999999523 0.000810226 0.004152884 -0.000600187 -0.000810527 0.999999464 -1.629060864
0.999999583 0.000113966 0.000932355 0.006702270 -0.000115260 0.999999046 0.001388020 0.004232096 -0.000932196 -0.001388127 0.999998629 -1.688445807
0.999999821 0.000179967 0.000563369 0.007062297 -0.000180580 0.999999404 0.001088616 0.005546831 -0.000563172 -0.001088717 0.999999225 -1.749818087
0.999999583 0.000433672 0.000787008 0.007038422 -0.000434196 0.999999702 0.000665036 0.005903077 -0.000786719 -0.000665378 0.999999464 -1.809296489
0.999999762 0.000647805 -0.000007151 0.007731187 -0.000647801 0.999999642 0.000491043 0.006470556 0.000007469 -0.000491038 0.999999881 -1.867973447
0.999999464 0.001006585 0.000033114 0.006332089 -0.001006614 0.999999106 0.000909830 0.006666972 -0.000032198 -0.000909863 0.999999583 -1.930077314
0.999999464 0.001008863 0.000103642 0.006640191 -0.001008950 0.999999166 0.000840392 0.007466733 -0.000102794 -0.000840496 0.999999642 -1.988729835
0.999999762 0.000586386 0.000310428 0.007876969 -0.000586782 0.999998987 0.001276442 0.006775946 -0.000309679 -0.001276624 0.999999166 -2.049090147
0.999999702 0.000706919 0.000277966 0.007960218 -0.000707010 0.999999702 0.000328815 0.007583448 -0.000277733 -0.000329011 0.999999881 -2.109357595
0.999998569 0.001388436 0.000980350 0.006594872 -0.001388494 0.999999046 0.000058495 0.008536335 -0.000980268 -0.000059856 0.999999523 -2.167526484
0.999999583 0.000794226 0.000433912 0.006829074 -0.000794051 0.999999583 -0.000403615 0.009149526 -0.000434233 0.000403271 0.999999821 -2.226881266
0.999999583 0.000517036 -0.000721014 0.007541272 -0.000516568 0.999999642 0.000648753 0.008449401 0.000721349 -0.000648380 0.999999523 -2.287091017
0.999999523 0.000916113 -0.000263077 0.007735822 -0.000915759 0.999998689 0.001339900 0.008087138 0.000264305 -0.001339659 0.999999046 -2.347492456
0.999998808 0.001548837 -0.000158351 0.007859105 -0.001548777 0.999998748 0.000373943 0.008950868 0.000158930 -0.000373697 0.999999940 -2.406745434
0.999999940 0.000240938 0.000255750 0.007266606 -0.000241250 0.999999225 0.001219665 0.008986833 -0.000255456 -0.001219727 0.999999225 -2.467067003
0.999999881 0.000428286 0.000306278 0.007587902 -0.000428149 0.999999821 -0.000447131 0.010558710 -0.000306470 0.000447000 0.999999881 -2.526824713
0.999999940 0.000151416 0.000228122 0.007904218 -0.000151428 1.000000000 0.000052967 0.011227522 -0.000228114 -0.000053002 1.000000000 -2.586878777
1.000000000 0.000178347 0.000156063 0.008587310 -0.000178351 1.000000000 0.000024262 0.011792125 -0.000156058 -0.000024290 1.000000000 -2.646436214
0.999999464 0.000863149 -0.000535421 0.009620692 -0.000863608 0.999999285 -0.000857371 0.012725127 0.000534680 0.000857833 0.999999464 -2.707443476
0.999999702 0.000663307 -0.000359630 0.009223025 -0.000663369 0.999999762 -0.000172413 0.012611320 0.000359516 0.000172652 0.999999940 -2.765175819
0.999999344 0.000229461 -0.001104609 0.010147385 -0.000231846 0.999997616 -0.002159384 0.014283409 0.001104111 0.002159638 0.999997079 -2.824487209
0.999999940 0.000188306 0.000377137 0.008009215 -0.000188296 1.000000000 -0.000024685 0.013003623 -0.000377142 0.000024614 0.999999940 -2.885445833
0.999998271 0.001380770 0.001263463 0.007145693 -0.001379508 0.999998569 -0.000998927 0.014106222 -0.001264841 0.000997182 0.999998689 -2.944330454
0.999997914 0.001182600 0.001649695 0.007538060 -0.001180166 0.999998212 -0.001475718 0.015083012 -0.001651438 0.001473768 0.999997556 -3.004406214
0.999998212 0.001327028 0.001345120 0.007610013 -0.001325973 0.999998808 -0.000784810 0.014802339 -0.001346160 0.000783025 0.999998808 -3.064005613
0.999998629 0.001182628 0.001154973 0.007978825 -0.001181858 0.999999106 -0.000667682 0.014856289 -0.001155762 0.000666316 0.999999106 -3.123893261
0.999997258 0.002156232 0.000881059 0.007861318 -0.002155960 0.999997616 -0.000309314 0.014787720 -0.000881724 0.000307414 0.999999583 -3.185331821
0.999997556 0.002155040 0.000482394 0.008093114 -0.002154582 0.999997258 -0.000948251 0.015546641 -0.000484436 0.000947209 0.999999464 -3.243813515
0.999996603 0.002314639 0.001206577 0.007391960 -0.002314766 0.999997318 0.000103579 0.015142468 -0.001206334 -0.000106372 0.999999285 -3.304110050
0.999997199 0.001895017 0.001412180 0.006849309 -0.001893030 0.999997199 -0.001406759 0.016377373 -0.001414842 0.001404082 0.999998033 -3.365144730
0.999995530 0.002164670 0.002061667 0.006593804 -0.002162183 0.999996960 -0.001207781 0.016465873 -0.002064275 0.001203318 0.999997139 -3.423883200
0.999999881 0.000234769 0.000392817 0.008301732 -0.000234263 0.999999166 -0.001287237 0.016993126 -0.000393119 0.001287145 0.999999106 -3.483128548
0.999999285 0.000911680 0.000750288 0.007677176 -0.000911041 0.999999225 -0.000851248 0.016756484 -0.000751063 0.000850563 0.999999344 -3.529584408
0.999999702 0.000638194 0.000389388 0.007826061 -0.000637921 0.999999523 -0.000700899 0.016466301 -0.000389836 0.000700651 0.999999702 -3.563411474
0.999999464 0.000944866 -0.000404383 0.007879853 -0.000945558 0.999998093 -0.001714523 0.017987166 0.000402762 0.001714904 0.999998450 -3.586323261
0.999794662 0.000620145 -0.020254908 0.005209358 -0.000648568 0.999998808 -0.001396719 0.017578980 0.020254018 0.001409569 0.999793887 -3.604562998
0.998524785 0.000608531 -0.054293990 0.000047442 -0.000674266 0.999999046 -0.001192400 0.017695241 0.054293215 0.001227250 0.998524308 -3.619523525
0.995327652 0.000920565 -0.096550636 -0.005815860 -0.001086787 0.999998033 -0.001669036 0.017961349 0.096548907 0.001766168 0.995326698 -3.630547523
0.989786148 0.000957165 -0.142556742 -0.011267840 -0.001255124 0.999997199 -0.002000203 0.018659517 0.142554432 0.002158700 0.989784598 -3.641127586
0.981971920 0.000455193 -0.189026371 -0.018039104 -0.000881585 0.999997258 -0.002171653 0.019104529 0.189024866 0.002299145 0.981969595 -3.649189234
0.971329212 0.001940597 -0.237730473 -0.024358386 -0.002436016 0.999995410 -0.001790202 0.019072331 0.237725914 0.002317990 0.971329510 -3.656659126
0.958574116 0.001300219 -0.284840345 -0.030741714 -0.002034535 0.999995351 -0.002282120 0.019270718 0.284836054 0.002767099 0.958572268 -3.664187431
0.943081617 0.001835354 -0.332556307 -0.036730722 -0.002355960 0.999996543 -0.001162253 0.018821754 0.332553029 0.001879589 0.943082690 -3.671141863
0.925333798 0.001394800 -0.379150957 -0.042589389 -0.002059646 0.999996960 -0.001347917 0.018957928 0.379147917 0.002028189 0.925333858 -3.677793264
0.905101478 0.001374557 -0.425193429 -0.048168615 -0.001976834 0.999997556 -0.000975278 0.018947272 0.425191045 0.001723262 0.905102015 -3.684140444
0.883145094 0.002466715 -0.469093502 -0.054099575 -0.002826757 0.999996006 -0.000063380 0.018585209 0.469091445 0.001381987 0.883148491 -3.690784931
0.858343601 0.002090812 -0.513071060 -0.058966398 -0.002527350 0.999996781 -0.000153057 0.018966068 0.513069093 0.001428085 0.858346105 -3.697236776
0.831546545 0.002422490 -0.555449784 -0.063786387 -0.002985786 0.999995530 -0.000108635 0.019223612 0.555447042 0.001748789 0.831550062 -3.703696251
0.802696168 0.001809947 -0.596385419 -0.068488419 -0.003038790 0.999994814 -0.001055169 0.019976210 0.596380472 0.002659270 0.802697539 -3.710350513
0.771722972 0.001786595 -0.635956347 -0.072985291 -0.002902525 0.999995530 -0.000712876 0.019959146 0.635952234 0.002396022 0.771724701 -3.717083216
0.739140749 0.001684345 -0.673548937 -0.076768458 -0.002595720 0.999996543 -0.000347804 0.020204235 0.673546016 0.002005420 0.739142537 -3.723554373
0.704513311 0.002507026 -0.709686339 -0.080205321 -0.003761704 0.999992907 -0.000201727 0.019900298 0.709680796 0.002811749 0.704517722 -3.731505394
0.667778373 0.001863843 -0.744357765 -0.082566977 -0.001755640 0.999998033 0.000928936 0.019396110 0.744358063 0.000686501 0.667780399 -3.738212109
0.629371405 0.002402741 -0.777100921 -0.085630894 -0.003344916 0.999994338 0.000382876 0.019837348 0.777097464 0.002358366 0.629375815 -3.746360540
0.590097129 0.002553289 -0.807328224 -0.088079929 -0.003281824 0.999994338 0.000763852 0.019792542 0.807325602 0.002198762 0.590102196 -3.753589630
0.549333870 0.002526997 -0.835599124 -0.090093374 -0.003504133 0.999993622 0.000720492 0.019940697 0.835595608 0.002532260 0.549339175 -3.761603594
0.507686675 0.002346018 -0.861538589 -0.091912508 -0.003716839 0.999992967 0.000532781 0.020175867 0.861533761 0.002931714 0.507691860 -3.769676208
0.463171184 0.001420863 -0.886267781 -0.093143821 -0.002910934 0.999995768 0.000081913 0.020798303 0.886264145 0.002541927 0.463173389 -3.776831627
0.418625474 0.001946180 -0.908156872 -0.093916893 -0.003145159 0.999994814 0.000693190 0.020375790 0.908153534 0.002566111 0.418629467 -3.785481215
0.372850537 0.001291838 -0.927890539 -0.094749212 -0.003267174 0.999994636 0.000079388 0.021253306 0.927885711 0.003001980 0.372852802 -3.792989731
0.326059163 0.002081933 -0.945347130 -0.094873667 -0.003972016 0.999991775 0.000832291 0.020985132 0.945341051 0.003483558 0.326064765 -3.801511526
0.279135525 0.002819300 -0.960247576 -0.094325304 -0.003580490 0.999991775 0.001895172 0.020171512 0.960245073 0.002909147 0.279143333 -3.809707403
0.232031405 0.003246655 -0.972702861 -0.093750954 -0.004276679 0.999988198 0.002317555 0.020530216 0.972698867 0.003622193 0.232042551 -3.817274094
0.202990890 0.002334607 -0.979177892 -0.093032122 -0.003832140 0.999991417 0.001589800 0.020840924 0.979173183 0.003429631 0.202998102 -3.822423935
0.186478853 0.002597894 -0.982455671 -0.092508793 -0.004379889 0.999988794 0.001812914 0.020396162 0.982449353 0.003964975 0.186488152 -3.824722290
0.179138124 0.003032883 -0.983819306 -0.091971397 -0.004271445 0.999988198 0.002304964 0.020019501 0.983814716 0.003789423 0.179148972 -3.826647758
0.175089478 0.002556883 -0.984549284 -0.091643810 -0.003484180 0.999991953 0.001977371 0.020549668 0.984546483 0.003084130 0.175096989 -3.827291727
0.172192276 0.002233977 -0.985060871 -0.078110456 -0.003405746 0.999992788 0.001672504 0.020738296 0.985057533 0.003066874 0.172198653 -3.829697132
0.171384394 0.003137294 -0.985199332 -0.052110195 -0.003849437 0.999989450 0.002514747 0.020260993 0.985196829 0.003361473 0.171394646 -3.834555864
0.171126664 0.002300293 -0.985246420 -0.017480373 -0.004012764 0.999990582 0.001637743 0.021021800 0.985240936 0.003673300 0.171134293 -3.841169357
0.170263171 0.002348215 -0.985395908 0.023441792 -0.003197730 0.999993205 0.001830476 0.020832708 0.985393524 0.002839367 0.170269489 -3.847485304
0.170478463 0.001876384 -0.985359609 0.057228565 -0.003664261 0.999992490 0.001270289 0.021313749 0.985354602 0.003394058 0.170484066 -3.853809595
0.170201123 0.001970427 -0.985407472 0.093964338 -0.003454075 0.999993026 0.001402999 0.021503255 0.985403359 0.003164879 0.170206726 -3.859733820
0.168016374 0.001988026 -0.985782325 0.138822079 -0.003022443 0.999994278 0.001501543 0.021012327 0.985779703 0.002727186 0.168021441 -3.867110729
0.148149312 0.001925894 -0.988963187 0.186648130 -0.002639765 0.999995291 0.001551934 0.020804958 0.988961518 0.002380712 0.148153663 -3.877141953
0.114223123 0.002698090 -0.993451536 0.237910509 -0.002379566 0.999994159 0.002442266 0.020283600 0.993452370 0.002085020 0.114228904 -3.890803099
0.073097289 0.001741791 -0.997323394 0.280817270 -0.003571837 0.999992490 0.001484660 0.021109294 0.997318506 0.003453752 0.073102951 -3.904110432
0.029294729 0.002366512 -0.999568105 0.324490070 -0.004025979 0.999989390 0.002249518 0.020735310 0.999562800 0.003958341 0.029303968 -3.916667938
0.001355886 0.002863623 -0.999995112 0.373074293 -0.003741673 0.999988914 0.002858532 0.020455839 0.999992251 0.003737778 0.001366615 -3.925121069
-0.013110638 0.001747867 -0.999912739 0.424446344 -0.003212727 0.999993265 0.001790132 0.021022607 0.999909103 0.003235915 -0.013104916 -3.930017471
-0.020038247 0.002558318 -0.999796093 0.477907419 -0.003194653 0.999991477 0.002622846 0.020604393 0.999794245 0.003246558 -0.020029902 -3.934264898
-0.025378108 0.002017093 -0.999675989 0.519445896 -0.002642004 0.999994338 0.002084806 0.021170495 0.999674559 0.002694056 -0.025372624 -3.936161280
-0.047188520 0.001071018 -0.998885453 0.550148487 -0.003246899 0.999993980 0.001225594 0.022367213 0.998880744 0.003301114 -0.047184706 -3.939957142
-0.082278252 0.001250719 -0.996608675 0.573991299 -0.003330467 0.999993265 0.001529924 0.022294110 0.996603906 0.003445051 -0.082273483 -3.945596218
-0.124313831 0.001723454 -0.992241561 0.593214035 -0.003620928 0.999991059 0.002190565 0.021663154 0.992236435 0.003865152 -0.124306560 -3.952316999
-0.170587540 0.000928136 -0.985342205 0.607117653 -0.003692655 0.999991953 0.001581226 0.022955926 0.985335708 0.003908266 -0.170582771 -3.957977772
-0.216278434 0.001313536 -0.976330996 0.620451927 -0.003932032 0.999989808 0.002216396 0.021972768 0.976323962 0.004318323 -0.216271043 -3.966131926
-0.264699936 0.001576610 -0.964329660 0.629669189 -0.002844396 0.999993026 0.002415678 0.021960601 0.964326799 0.003382365 -0.264693618 -3.972268820
-0.312160492 0.001504949 -0.950028360 0.637786865 -0.002712404 0.999993265 0.002475341 0.022593327 0.950025678 0.003349563 -0.312154293 -3.977867365
-0.358753443 0.001336132 -0.933431625 0.645736217 -0.002696729 0.999993324 0.002467867 0.022860028 0.933428645 0.003402567 -0.358747482 -3.984013557
-0.404690266 0.001456558 -0.914452851 0.653069973 -0.002443273 0.999993443 0.002674076 0.022867039 0.914450705 0.003316429 -0.404683948 -3.990428448
-0.450415611 0.000945382 -0.892818689 0.660190582 -0.002741712 0.999993265 0.002442025 0.023285571 0.892814994 0.003547777 -0.450410008 -3.995849609
-0.494172335 0.001344819 -0.869363248 0.667374611 -0.002921105 0.999990582 0.003207330 0.022992061 0.869359374 0.004124473 -0.494163752 -4.001050949
-0.537409544 0.001527889 -0.843320251 0.674382210 -0.001943125 0.999993443 0.003050008 0.023185715 0.843319356 0.003277780 -0.537402987 -4.005703926
-0.579268932 0.001198859 -0.815135837 0.681316376 -0.002263107 0.999992728 0.003078993 0.023487419 0.815133572 0.003628304 -0.579262018 -4.010340691
-0.618089676 0.001068997 -0.786107123 0.688865662 -0.002494331 0.999991357 0.003321059 0.023105670 0.786103845 0.004013523 -0.618081689 -4.015150070
-0.656679273 0.001742179 -0.754168272 0.697503567 -0.002570966 0.999986351 0.004548660 0.021400234 0.754165888 0.004925949 -0.656665802 -4.018249512
-0.693432808 0.001645132 -0.720519543 0.705204964 -0.002245482 0.999987602 0.004444297 0.021721315 0.720517933 0.004699735 -0.693420410 -4.021960735
-0.728442311 0.001810468 -0.685104728 0.712334156 -0.001995931 0.999986649 0.004764766 0.021769077 0.685104251 0.004838279 -0.728428960 -4.025629997
-0.761780143 0.001472053 -0.647834122 0.720035553 -0.002186804 0.999985874 0.004843672 0.021882370 0.647832096 0.005106498 -0.761766195 -4.028802395
-0.793319941 0.001355174 -0.608803272 0.728014946 -0.001837972 0.999987662 0.004620961 0.022112699 0.608802021 0.004784865 -0.793307662 -4.031077385
-0.822530150 0.001037084 -0.568720996 0.735810757 -0.001893361 0.999987781 0.004561847 0.022423755 0.568718791 0.004829050 -0.822518229 -4.033735275
-0.849664092 0.000559721 -0.527324378 0.743221283 -0.002331804 0.999985695 0.004818598 0.022304617 0.527319491 0.005323806 -0.849650621 -4.036275387
-0.875199795 0.001884951 -0.483757883 0.751109600 -0.001009430 0.999983132 0.005722639 0.021384142 0.483760506 0.005496773 -0.875183105 -4.036822796
-0.898313761 0.000867570 -0.439353734 0.758496046 -0.001245374 0.999989033 0.004520954 0.023146762 0.439352810 0.004608395 -0.898302794 -4.038199425
-0.919137239 0.000971445 -0.393936157 0.766654730 -0.001058250 0.999987245 0.004935088 0.022767004 0.393935919 0.004952906 -0.919124484 -4.038574219
-0.938070059 0.000724506 -0.346445441 0.774849415 -0.001104321 0.999986470 0.005081399 0.022964057 0.346444428 0.005149294 -0.938056588 -4.039177895
-0.953856826 0.000736342 -0.300260991 0.782816887 -0.000707879 0.999988675 0.004701074 0.022997931 0.300261050 0.004696700 -0.953845501 -4.038848877
-0.967859149 0.000932013 -0.251491696 0.790405273 -0.000398880 0.999986172 0.005240966 0.022784077 0.251493126 0.005172831 -0.967845321 -4.037607670
-0.979217768 0.000516144 -0.202811375 0.798725128 -0.000565858 0.999985933 0.005276994 0.023002889 0.202811241 0.005282088 -0.979203701 -4.037119865
-0.987890720 0.000227939 -0.155151963 0.807126045 -0.000679528 0.999982953 0.005795836 0.023050368 0.155150637 0.005831082 -0.987873673 -4.036149979
-0.994401455 0.000168562 -0.105668396 0.814878225 -0.000381543 0.999986470 0.005185720 0.023708602 0.105667844 0.005197004 -0.994387984 -4.034641266
-0.998400688 0.000510669 -0.056536611 0.822385907 0.000209185 0.999985754 0.005338344 0.023495236 0.056538530 0.005317978 -0.998386621 -4.031507492
-0.999622703 -0.000003348 -0.027477816 0.828381538 -0.000149952 0.999985754 0.005333281 0.023534872 0.027477406 0.005335387 -0.999608517 -4.016647816
-0.999940157 0.000133649 -0.010963921 0.831654608 0.000070365 0.999983311 0.005772181 0.023069525 0.010964510 0.005771063 -0.999923468 -3.988832474
-0.999997377 0.000184625 -0.002351810 0.833515882 0.000171545 0.999984503 0.005560589 0.022850785 0.002352801 0.005560170 -0.999981880 -3.952341080
-0.999999285 0.000188715 0.001182812 0.835401595 0.000195051 0.999985635 0.005358511 0.022961181 -0.001181784 0.005358738 -0.999984980 -3.909726381
-0.999991059 0.000687073 0.004182222 0.834891021 0.000706164 0.999989331 0.004564976 0.024212934 -0.004179041 0.004567889 -0.999980927 -3.863743782
-0.999988675 0.000372561 0.004731692 0.836364865 0.000396696 0.999986887 0.005100772 0.023283413 -0.004729730 0.005102592 -0.999975801 -3.811589956
-0.999985218 0.000388929 0.005483772 0.835757732 0.000417788 0.999986053 0.005262498 0.022688501 -0.005481649 0.005264710 -0.999971509 -3.760028839
-0.999986887 -0.000972556 0.005030864 0.835911870 -0.000943502 0.999982893 0.005774169 0.023113487 -0.005036394 0.005769347 -0.999970675 -3.706183434
-0.999986053 -0.001032343 0.005189019 0.835768521 -0.001007143 0.999987721 0.004856606 0.023865145 -0.005193969 0.004851313 -0.999974728 -3.650529623
-0.999987602 -0.001183122 0.004902957 0.836552918 -0.001161200 0.999989331 0.004471587 0.024465542 -0.004908194 0.004465837 -0.999978304 -3.595498562
-0.999987125 -0.001075779 0.004972841 0.835796893 -0.001058519 0.999993384 0.003472160 0.025340986 -0.004976543 0.003466851 -0.999981761 -3.537833929
-0.999988317 -0.001447215 0.004615047 0.837215126 -0.001425106 0.999987483 0.004790219 0.023573376 -0.004621922 0.004783587 -0.999977946 -3.477561235
-0.999990344 -0.000952061 0.004310742 0.837286711 -0.000934509 0.999991298 0.004071783 0.024792189 -0.004314581 0.004067715 -0.999982595 -3.419640064
-0.999990702 -0.000630687 0.004276128 0.837734818 -0.000610248 0.999988377 0.004779224 0.022808744 -0.004279092 0.004776570 -0.999979496 -3.358537674
-0.999992132 -0.001180844 0.003785072 0.838884771 -0.001152760 0.999971867 0.007413330 0.018576812 -0.003793720 0.007408908 -0.999965429 -3.300644398
-0.999992490 -0.001050626 0.003788594 0.838223398 -0.001023855 0.999974549 0.007061055 0.018428532 -0.003795916 0.007057121 -0.999968171 -3.239881754
-0.999991298 -0.001352284 0.003964997 0.837249935 -0.001322333 0.999970675 0.007546707 0.017823584 -0.003975086 0.007541397 -0.999963760 -3.180595160
-0.999993324 -0.001236441 0.003449793 0.837474585 -0.001209325 0.999968469 0.007851476 0.016619835 -0.003459392 0.007847251 -0.999963284 -3.118855953
-0.999994397 -0.001240701 0.003117070 0.837915599 -0.001216053 0.999968052 0.007896876 0.016092153 -0.003126768 0.007893041 -0.999963999 -3.058915138
-0.999995589 -0.001706964 0.002505795 0.837859809 -0.001687234 0.999967694 0.007855196 0.016022883 -0.002519123 0.007850933 -0.999966145 -2.998785973
-0.999993682 -0.000814936 0.003470396 0.836578846 -0.000786510 0.999966204 0.008184548 0.015658624 -0.003476948 0.008181767 -0.999960542 -2.938318014
-0.999992967 -0.000872179 0.003636187 0.836328149 -0.000843466 0.999968529 0.007890374 0.015918609 -0.003642954 0.007887253 -0.999962211 -2.878277540
-0.999993682 -0.001263262 0.003363796 0.836307764 -0.001237833 0.999970734 0.007551257 0.016504616 -0.003373237 0.007547044 -0.999966025 -2.818486214
-0.999993324 -0.000381531 0.003644354 0.836242259 -0.000353824 0.999971032 0.007600518 0.015958890 -0.003647148 0.007599178 -0.999964595 -2.758987427
-0.999993205 -0.000425352 0.003685349 0.835765898 -0.000396183 0.999968648 0.007912084 0.015804756 -0.003688599 0.007910569 -0.999961972 -2.700352430
-0.999995112 -0.000081659 0.003128084 0.836599112 -0.000054638 0.999962687 0.008637198 0.014346979 -0.003128673 0.008636986 -0.999957800 -2.639427900
-0.999994636 -0.000626560 0.003250713 0.836230576 -0.000601280 0.999969602 0.007772106 0.014736691 -0.003255483 0.007770109 -0.999964714 -2.580055714
-0.999995232 0.000356935 0.003067855 0.835857868 0.000379550 0.999972761 0.007374054 0.014785996 -0.003065139 0.007375184 -0.999968171 -2.519017458
-0.999995828 0.000038637 0.002941957 0.835720122 0.000059778 0.999974191 0.007186164 0.014896680 -0.002941603 0.007186309 -0.999969959 -2.459175825
-0.999994159 0.000617873 0.003389712 0.834909916 0.000645196 0.999967277 0.008065180 0.013942500 -0.003384618 0.008067318 -0.999961853 -2.399013281
-0.999997020 0.000012006 0.002431497 0.835337222 0.000031169 0.999968946 0.007881424 0.013997847 -0.002431327 0.007881477 -0.999965906 -2.339591980
-0.999991536 0.000237131 0.004136981 0.834097505 0.000266476 0.999974787 0.007094163 0.015000348 -0.004135195 0.007095204 -0.999966383 -2.281205654
-0.999992371 0.000317051 0.003896557 0.833171129 0.000343438 0.999976993 0.006773162 0.015120475 -0.003894320 0.006774448 -0.999969482 -2.221138954
-0.999994040 0.000115513 0.003473748 0.832773924 0.000141347 0.999972343 0.007437655 0.013927291 -0.003472793 0.007438101 -0.999966383 -2.160516024
-0.999994993 0.000208773 0.003214486 0.832836270 0.000233771 0.999969721 0.007778050 0.013304004 -0.003212765 0.007778761 -0.999964714 -2.100785494
-0.999995828 0.000607838 0.002900311 0.832692504 0.000630771 0.999968469 0.007912761 0.012854160 -0.002895410 0.007914556 -0.999964714 -2.039968729
-0.999996662 0.000085274 0.002648688 0.832829773 0.000103740 0.999975681 0.006972617 0.014102268 -0.002648029 0.006972868 -0.999972343 -1.980808496
-0.999995828 0.000687718 0.002796101 0.832396269 0.000706751 0.999976575 0.006811662 0.014121402 -0.002791351 0.006813610 -0.999972820 -1.921323895
-0.999995828 0.000768097 0.002844325 0.831714988 0.000783468 0.999985099 0.005406719 0.015593311 -0.002840130 0.005408924 -0.999981523 -1.861396909
-0.999996781 0.000714558 0.002455703 0.831926525 0.000729267 0.999981761 0.005994168 0.015129966 -0.002451375 0.005995939 -0.999979019 -1.801734447
-0.999997258 0.000668869 0.002300015 0.831630766 0.000681629 0.999984384 0.005551382 0.015657477 -0.002296266 0.005552933 -0.999982119 -1.741559863
-0.999996066 0.001041844 0.002634737 0.830183387 0.001055156 0.999986649 0.005056507 0.016175967 -0.002629434 0.005059266 -0.999983907 -1.679952979
-0.999996305 0.000081998 0.002717656 0.830225050 0.000095177 0.999988258 0.004849604 0.016329348 -0.002717226 0.004849844 -0.999984503 -1.620618105
-0.999994993 0.000413068 0.003147899 0.829702377 0.000427522 0.999989390 0.004592418 0.016363576 -0.003145968 0.004593741 -0.999984622 -1.560649991
-0.999992847 0.000170987 0.003787500 0.829236507 0.000189518 0.999988019 0.004892908 0.016241923 -0.003786617 0.004893590 -0.999980927 -1.501464128
-0.999992132 0.000960334 0.003884580 0.828757524 0.000982766 0.999982834 0.005776965 0.015778616 -0.003878966 0.005780736 -0.999975920 -1.441852570
-0.999994397 0.000288264 0.003307262 0.829052806 0.000303874 0.999988794 0.004720243 0.016465070 -0.003305864 0.004721222 -0.999983311 -1.381412148
-0.999992132 0.000829395 0.003884351 0.828112304 0.000853248 0.999980748 0.006143285 0.015483657 -0.003879181 0.006146552 -0.999973655 -1.321271062
-0.999992609 -0.000083837 0.003875733 0.828508914 -0.000067603 0.999991238 0.004188781 0.017062157 -0.003876050 0.004188488 -0.999983788 -1.260370731
-0.999992013 -0.000539426 0.003980359 0.828115702 -0.000523050 0.999991417 0.004114083 0.017212622 -0.003982544 0.004111968 -0.999983668 -1.200326800
-0.999992728 -0.000292558 0.003787412 0.827612817 -0.000275672 0.999990046 0.004458103 0.016800491 -0.003788678 0.004457026 -0.999982834 -1.139667153
-0.999997020 0.000179882 0.002496954 0.830201089 0.000189722 0.999992192 0.003941126 0.018608879 -0.002496226 0.003941587 -0.999989271 -1.080016732
-0.999996424 -0.000046474 0.002692210 0.830320477 -0.000035782 0.999992132 0.003971423 0.018506560 -0.002692373 0.003971312 -0.999988556 -1.033658862
-1.000000000 0.000511001 0.000368680 0.829115748 0.000512982 0.999985337 0.005392338 0.017343454 -0.000365919 0.005392526 -0.999985576 -1.000285149
-0.999217987 0.000339958 -0.039543435 0.823401630 0.000177568 0.999991536 0.004110067 0.018890120 0.039544497 0.004099831 -0.999209523 -0.978235841
-0.994058847 0.000173248 -0.108844608 0.813203573 -0.000262492 0.999992013 0.003988979 0.018920476 0.108844429 0.003993851 -0.994050860 -0.963995695
-0.981637955 0.000879928 -0.190751910 0.800209045 0.000173230 0.999993086 0.003721443 0.018989528 0.190753862 0.003620065 -0.981631279 -0.954435587
-0.960227966 0.001517452 -0.279213309 0.785349846 0.000366762 0.999991238 0.004173383 0.018510908 0.279217184 0.003904994 -0.960220098 -0.947051644
-0.927841544 0.000871083 -0.372974217 0.769573092 -0.000477143 0.999993682 0.003522472 0.019255949 0.372974932 0.003446258 -0.927835226 -0.941220462
-0.888735175 0.000111090 -0.458420902 0.754745841 -0.001332791 0.999995112 0.002826198 0.019106306 0.458418965 0.003122721 -0.888730764 -0.935259938
-0.839216590 0.000965770 -0.543796420 0.739178896 -0.000714577 0.999995589 0.002878743 0.019464999 0.543796837 0.002804474 -0.839212179 -0.929999828
-0.780825377 0.000836084 -0.624749124 0.723580837 -0.000842139 0.999996781 0.002390791 0.019752773 0.624749124 0.002392915 -0.780822158 -0.923613787
-0.715564966 -0.000528850 -0.698546231 0.708644152 -0.001458160 0.999998689 0.000736614 0.020823108 0.698544919 0.001545688 -0.715564847 -0.916867077
-0.643194675 0.000010324 -0.765702665 0.693975091 -0.001771910 0.999997318 0.001501897 0.020131571 0.765700638 0.002322768 -0.643192887 -0.907818615
-0.563423753 0.000802995 -0.826167703 0.680073857 -0.001017010 0.999998093 0.001665523 0.019865261 0.826167464 0.001778616 -0.563421845 -0.898763835
-0.478361607 0.000447179 -0.878162801 0.668221593 -0.000783484 0.999999285 0.000936007 0.020199522 0.878162563 0.001135777 -0.478360891 -0.887791753
-0.389914393 0.000489316 -0.920851231 0.668576598 -0.000690316 0.999999404 0.000823672 0.020362284 0.920851111 0.000956839 -0.389913797 -0.870592356
-0.333369017 0.001195377 -0.942795694 0.685402393 -0.000921568 0.999998331 0.001593768 0.019990142 0.942795992 0.001400163 -0.333367348 -0.852591336
-0.304638028 0.000918945 -0.952467978 0.715011835 -0.001100819 0.999998510 0.001316890 0.020006383 0.952467799 0.001449669 -0.304636598 -0.834612489
-0.288627863 0.001471414 -0.957440257 0.751776159 -0.001041766 0.999997735 0.001850865 0.019833375 0.957440853 0.001531640 -0.288625598 -0.818230629
-0.280528188 0.001353000 -0.959845006 0.783041596 -0.000864193 0.999998271 0.001662172 0.019773386 0.959845603 0.001295777 -0.280526519 -0.805143058
-0.276834726 0.000652359 -0.960917532 0.804849267 -0.000097189 0.999999762 0.000706891 0.020323478 0.960917711 0.000289082 -0.276834607 -0.795711815
-0.271752000 0.001539488 -0.962366045 0.820624590 -0.000775010 0.999998033 0.001818534 0.019579049 0.962366998 0.001240034 -0.271750331 -0.789282501
-0.232927322 0.001966913 -0.972492218 0.829202712 -0.000108532 0.999997914 0.002048539 0.019513693 0.972494185 0.000582707 -0.232926607 -0.778633356
-0.164492965 0.001655237 -0.986376882 0.832009256 -0.000389856 0.999998391 0.001743110 0.019499088 0.986378193 0.000671274 -0.164492130 -0.766426206
-0.081479549 0.002598906 -0.996671796 0.832306147 -0.000382525 0.999996424 0.002638848 0.018661594 0.996675134 0.000596264 -0.081478357 -0.752205849
0.007189810 0.002697169 -0.999970675 0.832586408 -0.000699444 0.999996126 0.002692209 0.018306915 0.999974072 0.000680067 0.007191658 -0.737088144
0.063292265 0.002550514 -0.997991920 0.846306443 -0.000072899 0.999996722 0.002551015 0.018394148 0.997995138 -0.000088708 0.063292265 -0.726774991
0.092001259 0.002815981 -0.995755017 0.874001741 -0.000440466 0.999996006 0.002787278 0.018050022 0.995758951 0.000182162 0.092002153 -0.722318053
0.106595099 0.003036469 -0.994298041 0.910870194 -0.000423840 0.999995410 0.003008431 0.017819436 0.994302571 0.000100739 0.106595874 -0.721260846
0.114480913 0.002750469 -0.993421793 0.954399824 0.000278586 0.999996066 0.002800776 0.017947223 0.993425548 -0.000597389 0.114479721 -0.723296881
0.118267834 0.003494402 -0.992975593 1.000655174 -0.000758591 0.999993861 0.003428748 0.016906017 0.992981493 0.000347751 0.118269742 -0.726419628
0.120408475 0.003268936 -0.992719114 1.039589167 -0.000774624 0.999994576 0.003198938 0.016900841 0.992724180 0.000383804 0.120410323 -0.729628086
0.120954812 0.003541111 -0.992651701 1.080671668 -0.000766049 0.999993682 0.003473959 0.016555253 0.992657721 0.000340228 0.120956719 -0.732393265
0.121077001 0.003705065 -0.992636323 1.125534534 -0.000842910 0.999993086 0.003629710 0.016420547 0.992642879 0.000397228 0.121079266 -0.736049891
0.121302426 0.003156281 -0.992610574 1.175086260 -0.000840914 0.999994934 0.003076997 0.016307667 0.992615223 0.000461453 0.121304452 -0.741698265
0.124544322 0.003967965 -0.992206216 1.227659464 -0.001137787 0.999991894 0.003856283 0.015732309 0.992213547 0.000648641 0.124547839 -0.748889446
0.162864506 0.003993662 -0.986640453 1.270928621 -0.000871298 0.999992013 0.003903881 0.014332397 0.986648142 0.000223854 0.162866652 -0.745510340
0.230663002 0.003784649 -0.973026395 1.298752785 -0.001407180 0.999992669 0.003555954 0.014399542 0.973032713 0.000548996 0.230666637 -0.738113046
0.310445607 0.004393091 -0.950581014 1.318734646 -0.001251464 0.999990344 0.004212726 0.013716431 0.950590312 -0.000118204 0.310448110 -0.727409124
0.397336900 0.004339652 -0.917662621 1.334274530 -0.001803370 0.999990582 0.003948146 0.013559029 0.917671084 0.000086142 0.397340953 -0.714256048
0.479261398 0.004381324 -0.877661228 1.346737742 -0.002098763 0.999990404 0.003845933 0.013079070 0.877669692 -0.000001204 0.479265988 -0.701483488
0.529104710 0.004096756 -0.848546684 1.356359959 -0.001324971 0.999991119 0.004001750 0.014128892 0.848555505 -0.000993044 0.529105425 -0.692306161
0.554495215 0.003817140 -0.832178175 1.363183975 -0.001817340 0.999992669 0.003375966 0.014346018 0.832184911 -0.000359606 0.554498076 -0.688246310
0.569681406 0.004183686 -0.821855068 1.367346525 -0.002422910 0.999991238 0.003411019 0.014539148 0.821862102 0.000048087 0.569686532 -0.685819924
0.608455539 0.003514784 -0.793580174 1.372678518 -0.001643282 0.999993622 0.003169054 0.014577117 0.793586254 -0.000624153 0.608457446 -0.678322792
0.663540959 0.003239443 -0.748133004 1.378841877 -0.001482313 0.999994338 0.003015305 0.014560306 0.748138547 -0.000891812 0.663542032 -0.667441249
0.726176143 0.003944380 -0.687497437 1.385473490 -0.002087091 0.999991596 0.003532742 0.013967895 0.687505603 -0.001130523 0.726178229 -0.655239999
0.785981297 0.003832353 -0.618238389 1.394202232 -0.002392501 0.999992132 0.003157134 0.013416052 0.618245602 -0.001002313 0.785984337 -0.643172443
0.842225671 0.003526606 -0.539113641 1.403233647 -0.002520998 0.999993443 0.002603039 0.013567611 0.539119303 -0.000833242 0.842229009 -0.630077362
0.890231490 0.004236633 -0.455488741 1.417030931 -0.003023591 0.999989688 0.003391728 0.011583611 0.455498397 -0.001642211 0.890235066 -0.618931890
0.931111336 0.003369612 -0.364719540 1.429263473 -0.002546530 0.999993026 0.002737681 0.011463892 0.364726216 -0.001620317 0.931113422 -0.607652128
0.962340057 0.003393820 -0.271827370 1.442040324 -0.002799013 0.999992788 0.002575875 0.011181567 0.271834165 -0.001718019 0.962342560 -0.598583817
0.984256983 0.003083459 -0.176716566 1.459036231 -0.002628509 0.999992609 0.002808498 0.010075080 0.176723927 -0.002299783 0.984257758 -0.604204416
0.993107557 0.004191115 -0.117131509 1.472546339 -0.003928218 0.999989212 0.002475224 0.010225936 0.117140613 -0.001998046 0.993113339 -0.624760747
0.996254683 0.003824343 -0.086382747 1.483598113 -0.003674853 0.999991477 0.001889505 0.010430786 0.086389236 -0.001564984 0.996260226 -0.657748461
0.997525096 0.003629029 -0.070217520 1.492028713 -0.003509685 0.999992192 0.001822925 0.010607725 0.070223585 -0.001571973 0.997530043 -0.697328627
0.998085797 0.004288680 -0.061695546 1.498365641 -0.004179026 0.999989450 0.001906269 0.010233824 0.061703071 -0.001644792 0.998093188 -0.732735932
0.998354554 0.003714806 -0.057222165 1.502439141 -0.003638844 0.999992371 0.001431632 0.011405939 0.057227045 -0.001221054 0.998360455 -0.767983317
0.998427749 0.003600092 -0.055938445 1.508896828 -0.003485486 0.999991596 0.002146208 0.010407306 0.055945706 -0.001947861 0.998431921 -0.813861907
0.998520076 0.004158374 -0.054225385 1.511362076 -0.004052882 0.999989688 0.002055263 0.011177277 0.054233372 -0.001832452 0.998526633 -0.862466335
0.998534262 0.003784222 -0.053991329 1.516002059 -0.003673290 0.999990940 0.002153718 0.010578948 0.053998988 -0.001952236 0.998539090 -0.914288521
0.998465419 0.004448891 -0.055200007 1.524542809 -0.004475357 0.999989927 -0.000355843 0.016464723 0.055197868 0.000602336 0.998475254 -0.962213516
0.998501003 0.004692266 -0.054532409 1.527962208 -0.004724843 0.999988735 -0.000468489 0.016576752 0.054529596 0.000725444 0.998511910 -1.018315911
0.998494923 0.004517625 -0.054657940 1.531290054 -0.004541016 0.999989629 -0.000303759 0.017247707 0.054656003 0.000551505 0.998505116 -1.073399186
0.998497725 0.004446487 -0.054612607 1.534992456 -0.004485432 0.999989748 -0.000590567 0.017316135 0.054609422 0.000834641 0.998507440 -1.132031918
0.998487055 0.003625985 -0.054867901 1.538648605 -0.003680647 0.999992847 -0.000895231 0.018341290 0.054864261 0.001095825 0.998493195 -1.187170863
0.998479187 0.003885602 -0.054992881 1.542212486 -0.003939059 0.999991894 -0.000863721 0.018594727 0.054989077 0.001079027 0.998486400 -1.246137977
0.998489499 0.003987696 -0.054798190 1.544903517 -0.004043773 0.999991417 -0.000912497 0.018689176 0.054794081 0.001132710 0.998497009 -1.304196477
0.998522878 0.004603434 -0.054137357 1.547598124 -0.004665453 0.999988616 -0.001019254 0.019911291 0.054132048 0.001270324 0.998532951 -1.362044454
0.998500586 0.003688743 -0.054616906 1.551591754 -0.003703380 0.999993145 -0.000166798 0.017400248 0.054615915 0.000368815 0.998507380 -1.421353579
0.998492301 0.003345538 -0.054789819 1.555079460 -0.003331234 0.999994397 0.000352392 0.017037649 0.054790691 -0.000169343 0.998497844 -1.480970740
0.998532832 0.003954735 -0.054005198 1.557359576 -0.004011054 0.999991536 -0.000934493 0.018911865 0.054001044 0.001149740 0.998540223 -1.540068507
0.998516619 0.003547139 -0.054331962 1.561156273 -0.003595777 0.999993205 -0.000797481 0.018845823 0.054328762 0.000991663 0.998522639 -1.599669218
0.998503864 0.003433121 -0.054573629 1.564987063 -0.003498118 0.999993265 -0.001095518 0.019541133 0.054569501 0.001284784 0.998509169 -1.657378078
0.998649776 0.002743308 -0.051876005 1.568160295 -0.002815798 0.999995172 -0.001324343 0.019401012 0.051872123 0.001468627 0.998652637 -1.703901410
0.999913275 0.002560854 -0.012916337 1.576346874 -0.002577807 0.999995828 -0.001296072 0.019500745 0.012912964 0.001329256 0.999915719 -1.734581232
0.998433053 0.002624596 0.055897880 1.587865591 -0.002534272 0.999995351 -0.001686697 0.019403249 -0.055902049 0.001542394 0.998435080 -1.755269766
0.990317106 0.003208043 0.138786733 1.601220369 -0.002975894 0.999993801 -0.001880186 0.019354463 -0.138791919 0.001448966 0.990320504 -1.769757628
0.974237084 0.002485350 0.225512594 1.613831043 -0.002129885 0.999996066 -0.001819531 0.019304466 -0.225516230 0.001292339 0.974238575 -1.792717218
0.960006952 0.002341627 0.279966265 1.618286371 -0.001845531 0.999996245 -0.002035584 0.019201448 -0.279969990 0.001437488 0.960007668 -1.827000260
0.951539516 0.002234959 0.307518363 1.614937186 -0.001760756 0.999996781 -0.001819479 0.019010369 -0.307521433 0.001189841 0.951540411 -1.867879272
0.947257400 0.002425123 0.320464581 1.606579781 -0.001908573 0.999996305 -0.001925966 0.019276032 -0.320468068 0.001212755 0.947258532 -1.912852287
0.951008976 0.002314747 0.309154689 1.592310667 -0.002018909 0.999997139 -0.001276837 0.018976422 -0.309156775 0.000590129 0.951010942 -1.960239649
0.960236132 0.002350543 0.279179186 1.577274919 -0.002359284 0.999997199 -0.000304701 0.017969292 -0.279179126 -0.000366078 0.960238993 -2.001072884
0.970445871 0.002353118 0.241307512 1.563745379 -0.002218229 0.999997199 -0.000830643 0.018458623 -0.241308779 0.000270819 0.970448375 -2.028764248
0.980219841 0.002379438 0.197897479 1.551066279 -0.002285799 0.999997139 -0.000701602 0.018923499 -0.197898582 0.000235370 0.980222464 -2.048931360
0.988470376 0.002826397 0.151388064 1.539696932 -0.002816628 0.999996006 -0.000278970 0.018700296 -0.151388258 -0.000150650 0.988474369 -2.065312386
0.994714975 0.002661846 0.102640368 1.529950500 -0.002716759 0.999996245 0.000395215 0.018237038 -0.102638930 -0.000671976 0.994718432 -2.077488422
0.998568833 0.002436546 0.053425714 1.520526648 -0.002487546 0.999996483 0.000888123 0.018543582 -0.053423364 -0.001019751 0.998571455 -2.086036921
0.999986351 0.002827283 0.004390908 1.511984825 -0.002825614 0.999995947 -0.000386143 0.019876147 -0.004391982 0.000373731 0.999990284 -2.094709635
0.999013543 0.003333945 -0.044281621 1.502858877 -0.003349163 0.999994338 -0.000269475 0.020038474 0.044280469 0.000417516 0.999019027 -2.114320040
0.995664060 0.003421079 -0.092958756 1.496056676 -0.003468648 0.999993920 -0.000350161 0.020429213 0.092956990 0.000671084 0.995669901 -2.146256924
0.992371202 0.002952785 -0.123250335 1.494029164 -0.003090743 0.999994814 -0.000928149 0.020926004 0.123246953 0.001302004 0.992375195 -2.185974121
0.990441024 0.003686215 -0.137887403 1.493605971 -0.003849867 0.999992192 -0.000920177 0.021372946 0.137882933 0.001442230 0.990447462 -2.229934216
0.989382207 0.003874324 -0.145285457 1.497006059 -0.003961572 0.999992132 -0.000311220 0.021152871 0.145283103 0.000883474 0.989389718 -2.279694796
0.988669515 0.003719463 -0.150062561 1.502762556 -0.003884425 0.999992132 -0.000806193 0.022150274 0.150058374 0.001379965 0.988676190 -2.330177784
0.988362312 0.003212417 -0.152084380 1.509236693 -0.003419757 0.999993563 -0.001101774 0.022755509 0.152079865 0.001609044 0.988366902 -2.383795500
0.988160253 0.003684347 -0.153381228 1.517429948 -0.003936230 0.999991357 -0.001338569 0.023126926 0.153374970 0.001926464 0.988166213 -2.439438581
0.988047242 0.003412631 -0.154113770 1.525703192 -0.003652568 0.999992490 -0.001273756 0.023252938 0.154108271 0.001821442 0.988052309 -2.496694088
0.987917244 0.003409610 -0.154944822 1.534580946 -0.003660252 0.999992430 -0.001332356 0.023905275 0.154939115 0.001883394 0.987922251 -2.553337574
0.988003910 0.003922244 -0.154378980 1.543061137 -0.004090230 0.999991357 -0.000770528 0.023756547 0.154374629 0.001392730 0.988011420 -2.610335588
0.987915635 0.003300663 -0.154957354 1.551636934 -0.003658725 0.999991238 -0.002025573 0.025346810 0.154949322 0.002568042 0.987919092 -2.667748690
0.987937629 0.003428809 -0.154814228 1.561240673 -0.003742954 0.999991477 -0.001737729 0.025738619 0.154806957 0.002296231 0.987942100 -2.727063179
0.987909615 0.003629234 -0.154988632 1.570494533 -0.003957679 0.999990523 -0.001810652 0.025916332 0.154980600 0.002402155 0.987914622 -2.785983562
0.987801790 0.002812148 -0.155690983 1.580794334 -0.003193777 0.999992490 -0.002201105 0.026847275 0.155683622 0.002671497 0.987803340 -2.844039917
0.987821817 0.003407010 -0.155552059 1.589950562 -0.003919577 0.999987841 -0.002988550 0.028057998 0.155539989 0.003561853 0.987823188 -2.902312040
0.987872422 0.003079273 -0.155237377 1.599143505 -0.003542971 0.999990046 -0.002710442 0.028351869 0.155227482 0.003227572 0.987873495 -2.960703373
0.987850785 0.002840802 -0.155379444 1.608543277 -0.003477492 0.999986649 -0.003825984 0.029553602 0.155366495 0.004319832 0.987847447 -3.019441605
0.987879813 0.003334831 -0.155184999 1.617817879 -0.003877959 0.999987364 -0.003197272 0.029675078 0.155172378 0.003760321 0.987880230 -3.078215599
0.987779021 0.003068345 -0.155830577 1.628133178 -0.003548799 0.999989748 -0.002805068 0.029676003 0.155820370 0.003323799 0.987779796 -3.138356447
0.988253057 0.002990581 -0.152796954 1.638155222 -0.003398751 0.999991298 -0.002410199 0.029454866 0.152788416 0.002901205 0.988254666 -3.198275328
0.993495584 0.003061285 -0.113829389 1.652889848 -0.003361591 0.999991357 -0.002446360 0.029579995 0.113820918 0.002813095 0.993497312 -3.254072428
0.999008954 0.003064514 -0.044404574 1.671334147 -0.003220953 0.999988854 -0.003451927 0.030538930 0.044393498 0.003591531 0.999007642 -3.308169365
0.999254465 0.002639898 0.038517240 1.690111160 -0.002475743 0.999987662 -0.004308935 0.031134162 -0.038528141 0.004210363 0.999248624 -3.348978996
0.992036164 0.003363209 0.125908554 1.707759857 -0.002917244 0.999988794 -0.003726194 0.030100010 -0.125919670 0.003329214 0.992034853 -3.378270388
0.983314693 0.003024623 0.181887627 1.720188022 -0.002390855 0.999990284 -0.003703556 0.029618878 -0.181897059 0.003206894 0.983312368 -3.401710033
0.977765143 0.002865735 0.209683403 1.727310061 -0.002336002 0.999993443 -0.002773965 0.029526075 -0.209689975 0.002222465 0.977765381 -3.417190552
0.973991871 0.003086672 0.226561964 1.731786489 -0.002290194 0.999990225 -0.003778267 0.029810840 -0.226571411 0.003161131 0.973989427 -3.429315090
0.961942196 0.002861816 0.273238003 1.740467787 -0.002113677 0.999993145 -0.003032381 0.029392203 -0.273244828 0.002339439 0.961941659 -3.437609196
0.939890623 0.002500985 0.341466486 1.752889156 -0.001623973 0.999994636 -0.002854203 0.029144375 -0.341471791 0.002128106 0.939889610 -3.443368435
0.907154679 0.002366288 0.420790642 1.767324090 -0.001139141 0.999994338 -0.003167602 0.028787168 -0.420795739 0.002394165 0.907152236 -3.449359417
0.865167797 0.002278986 0.501477301 1.782554865 -0.000689534 0.999994159 -0.003354908 0.028611675 -0.501482010 0.002556772 0.865164280 -3.454634905
0.812194586 0.002133121 0.583382845 1.797960043 -0.000153756 0.999994040 -0.003442387 0.028646560 -0.583386719 0.002706189 0.812190056 -3.459997654
0.751825035 0.002069046 0.659359396 1.812028050 -0.000085555 0.999995351 -0.003040396 0.027789563 -0.659362614 0.002229434 0.751821756 -3.467436790
0.684992194 0.001506084 0.728548884 1.826571584 0.001144353 0.999994397 -0.003143164 0.027807022 -0.728549540 0.002986760 0.684986651 -3.474750996
0.640675485 0.001264064 0.767810762 1.835894942 0.001167495 0.999995887 -0.002620495 0.027585907 -0.767810941 0.002575302 0.640671372 -3.480728388
0.617197156 0.001317680 0.786807477 1.840555191 0.001759355 0.999993801 -0.003054802 0.027599774 -0.786806643 0.003269689 0.617191017 -3.484568834
0.604145944 0.001388923 0.796872497 1.842876196 0.001543593 0.999994576 -0.002913227 0.027661324 -0.796872199 0.002990061 0.604140520 -3.486257076
0.598330140 0.000772978 0.801249325 1.844848871 0.001926886 0.999995232 -0.002403607 0.027470909 -0.801247418 0.002982066 0.598325849 -3.487964869
0.592009187 0.001090977 0.805930495 1.845888495 0.001910424 0.999994397 -0.002757011 0.027584897 -0.805929005 0.003171845 0.592003763 -3.488712549
0.557921886 0.001076236 0.829892814 1.851521015 0.002018349 0.999994457 -0.002653730 0.027902534 -0.829891086 0.003155587 0.557916641 -3.492048025
0.499654412 0.000418165 0.866224825 1.860409141 0.003543556 0.999990523 -0.002526729 0.027343219 -0.866217673 0.004332008 0.499648154 -3.499926567
0.425077021 0.000195259 0.905157149 1.870614529 0.004144765 0.999989092 -0.002162167 0.027421661 -0.905147672 0.004670752 0.425071597 -3.508904934
0.339658082 -0.000113774 0.940549016 1.880394220 0.004160309 0.999990404 -0.001381437 0.027283270 -0.940539837 0.004382190 0.339655280 -3.519589424
0.250563204 0.001270876 0.968099535 1.889461040 0.003566078 0.999991119 -0.002235713 0.028229859 -0.968093812 0.004012506 0.250556469 -3.530515671
0.194205582 0.000841839 0.980960608 1.880973577 0.003900241 0.999991059 -0.001630321 0.027831677 -0.980953217 0.004142600 0.194200575 -3.542760849
0.163934350 0.001247162 0.986470580 1.857312918 0.003488475 0.999992192 -0.001843982 0.028063804 -0.986465216 0.003743569 0.163928688 -3.552698612
0.148707092 0.001839910 0.988879740 1.824585676 0.003857510 0.999989569 -0.002440672 0.029072303 -0.988873959 0.004177558 0.148698449 -3.561656952
0.141057014 0.000143258 0.990001559 1.782239199 0.004098572 0.999991357 -0.000728676 0.027188139 -0.989993095 0.004160377 0.141055226 -3.570769310
0.137104154 0.000354952 0.990556657 1.735383749 0.004239592 0.999990582 -0.000945140 0.028295731 -0.990547597 0.004329138 0.137101352 -3.579570055
0.134431243 0.000889724 0.990922630 1.686173677 0.003925842 0.999991298 -0.001430457 0.028622305 -0.990915239 0.004082504 0.134426594 -3.587518692
0.133460045 0.000520815 0.991054118 1.634116888 0.004582081 0.999988854 -0.001142556 0.028352205 -0.991043627 0.004693576 0.133456171 -3.595483780
0.132822633 -0.000986805 0.991139412 1.578068018 0.004807862 0.999988377 0.000351313 0.026750665 -0.991128266 0.004718598 0.132825792 -3.603954315
0.132325292 -0.001934053 0.991204500 1.519721985 0.004575679 0.999988616 0.001340342 0.025577009 -0.991195858 0.004358072 0.132332623 -3.612679243
0.132024944 -0.001198577 0.991245687 1.464627504 0.004664675 0.999988973 0.000587856 0.026811577 -0.991235435 0.004546227 0.132029057 -3.620285511
0.132494628 -0.000575666 0.991183579 1.407582045 0.005036838 0.999987304 -0.000092511 0.027203271 -0.991171002 0.005004689 0.132495880 -3.629538059
0.128655255 -0.000045418 0.991689503 1.349729061 0.004202849 0.999991059 -0.000499452 0.027507981 -0.991680622 0.004232178 0.128654301 -3.636294365
0.089696169 0.000402291 0.995969236 1.308369398 0.004251071 0.999990642 -0.000786764 0.028247569 -0.995960236 0.004304505 0.089693606 -3.647421837
0.021738112 -0.000062223 0.999763727 1.279051542 0.003887581 0.999992430 -0.000022291 0.027540844 -0.999756157 0.003887147 0.021738172 -3.662589788
-0.061975360 -0.000521629 0.998077691 1.259224653 0.004196580 0.999990880 0.000783214 0.027239831 -0.998068988 0.004237052 -0.061972618 -3.678300142
-0.152714610 -0.000037314 0.988270462 1.244777203 0.004232110 0.999990821 0.000691732 0.027616644 -0.988261402 0.004288106 -0.152713060 -3.694574833
-0.244995236 -0.000220037 0.969524205 1.222146511 0.003794844 0.999992073 0.001185895 0.027443156 -0.969516814 0.003969733 -0.244992495 -3.707711220
-0.299372792 -0.000558172 0.954136074 1.187832832 0.003754109 0.999991417 0.001762898 0.026946483 -0.954128861 0.004109694 -0.299368024 -3.714259386
-0.328183413 -0.000155353 0.944614172 1.146771908 0.003669408 0.999992251 0.001439308 0.027075810 -0.944607079 0.003938532 -0.328180194 -3.710253239
-0.341506839 -0.000401590 0.939879417 1.101405144 0.003958960 0.999990404 0.001865768 0.026549708 -0.939871192 0.004358117 -0.341501951 -3.701152563
-0.330093861 -0.000454165 0.943948030 1.065719128 0.003861351 0.999990880 0.001831424 0.026869923 -0.943940282 0.004249456 -0.330089092 -3.690381527
-0.301116109 -0.000890187 0.953587353 1.039005756 0.003928465 0.999989927 0.002174003 0.026276346 -0.953579664 0.004400760 -0.301109552 -3.681042910
-0.263097048 -0.001342829 0.964768469 1.020103455 0.004145532 0.999988198 0.002522357 0.025358748 -0.964760482 0.004663104 -0.263088346 -3.668879509
-0.219557047 -0.001165272 0.975598931 1.006528854 0.003450399 0.999992132 0.001970915 0.026043467 -0.975593507 0.003798933 -0.219551325 -3.658454418
-0.175359607 -0.000530874 0.984504342 0.997791290 0.003445775 0.999993384 0.001152987 0.027466778 -0.984498441 0.003594568 -0.175356627 -3.648717880
-0.146941423 -0.000897681 0.989144802 0.988692284 0.003222267 0.999993861 0.001386208 0.027093686 -0.989139974 0.003390980 -0.146937609 -3.642434120
-0.132134557 -0.000531704 0.991231799 0.969939947 0.003523408 0.999993265 0.001006086 0.027306916 -0.991225660 0.003625453 -0.132131815 -3.636594296
-0.124566913 -0.000168098 0.992211163 0.939645052 0.003851072 0.999992371 0.000652898 0.027984072 -0.992203712 0.003902406 -0.124565244 -3.630974054
-0.120724201 -0.000077192 0.992686212 0.902121305 0.003489173 0.999993801 0.000502090 0.028268158 -0.992680073 0.003524269 -0.120723248 -3.624186993
-0.118369460 -0.000586502 0.992969573 0.858056784 0.003385052 0.999993801 0.000994174 0.027837055 -0.992963970 0.003478932 -0.118366718 -3.619195461
-0.117906451 -0.000141099 0.993024707 0.823904037 0.003339477 0.999994278 0.000538601 0.028497597 -0.993019104 0.003379687 -0.117905259 -3.613901854
-0.115450382 -0.000421285 0.993313253 0.798243523 0.003637850 0.999993026 0.000846937 0.027994748 -0.993306696 0.003711304 -0.115447998 -3.610479832
-0.096037626 -0.000263367 0.995377839 0.780290127 0.003219146 0.999994636 0.000575183 0.028083727 -0.995372653 0.003259505 -0.096036315 -3.604932785
-0.061816096 -0.001020989 0.998087049 0.764768600 0.003024640 0.999994695 0.001210270 0.027417351 -0.998082995 0.003093668 -0.061812639 -3.597914219
-0.019366980 0.000184773 0.999812484 0.753088236 0.003592817 0.999993563 -0.000115211 0.028091554 -0.999806046 0.003589912 -0.019367456 -3.590391397
0.026828408 -0.000077042 0.999640226 0.742843866 0.003499114 0.999993861 -0.000016841 0.028155945 -0.999634087 0.003498306 0.026828527 -3.583288670
0.072911024 -0.000186614 0.997338474 0.721299410 0.002815054 0.999996066 -0.000018685 0.028211247 -0.997334540 0.002808923 0.072911263 -3.576350451
0.102133751 -0.000220284 0.994770765 0.690119267 0.004180049 0.999991238 -0.000207729 0.028299782 -0.994762003 0.004179406 0.102133811 -3.574008942
0.117174506 -0.000556351 0.993111193 0.649982929 0.003466819 0.999993980 0.000151166 0.027586361 -0.993105292 0.003425224 0.117175758 -3.574410200
0.124727905 -0.000429419 0.992190897 0.606142759 0.003827497 0.999992669 -0.000048357 0.027864259 -0.992183626 0.003803639 0.124728680 -3.576956034
0.128391922 -0.000995540 0.991723120 0.569844484 0.003599040 0.999993384 0.000537898 0.027343260 -0.991717100 0.003500189 0.128394604 -3.578965425
0.130676448 -0.000229999 0.991425097 0.531148672 0.003051675 0.999995351 -0.000170244 0.028972633 -0.991420388 0.003047754 0.130676568 -3.582846403
0.131511927 -0.000464294 0.991314590 0.486347675 0.002918891 0.999995708 0.000081128 0.028847314 -0.991310358 0.002882870 0.131512702 -3.588028908
0.132171810 -0.000279552 0.991226912 0.437235117 0.002606147 0.999996603 -0.000065483 0.029125554 -0.991223514 0.002591938 0.132172108 -3.594188690
0.132172406 -0.000598810 0.991226673 0.383688211 0.002105036 0.999997735 0.000323418 0.028441094 -0.991224647 0.002043820 0.132173359 -3.601553440
0.131786764 0.000882235 0.991277695 0.336564541 0.003728350 0.999992073 -0.001385662 0.031200804 -0.991271079 0.003878443 0.131782413 -3.603797197
0.131118059 0.000858347 0.991366506 0.281307936 0.003270706 0.999993801 -0.001298401 0.031501450 -0.991361499 0.003412712 0.131114483 -3.610577822
0.131010294 0.000095882 0.991380990 0.223814487 0.002376360 0.999997079 -0.000410750 0.030675780 -0.991378129 0.002409691 0.131009638 -3.618353128
0.130738020 -0.000947820 0.991416395 0.165688276 0.002670549 0.999996245 0.000603857 0.029839100 -0.991413295 0.002568679 0.130740106 -3.625730276
0.131088316 -0.000857796 0.991370320 0.108107567 0.002700601 0.999996245 0.000508161 0.029956290 -0.991367042 0.002610682 0.131090164 -3.633752823
0.130809367 -0.001236410 0.991406739 0.049907207 0.002795868 0.999995708 0.000878226 0.030138623 -0.991403580 0.002656963 0.130812228 -3.640716791
0.130677819 -0.000736232 0.991424620 -0.008126497 0.002798330 0.999996006 0.000373754 0.030749137 -0.991420925 0.002725492 0.130679309 -3.648502588
0.130504251 -0.000465562 0.991447628 -0.066650629 0.002880793 0.999995828 0.000090378 0.030864304 -0.991443574 0.002844361 0.130505085 -3.655922890
0.130288780 -0.000083719 0.991476059 -0.122889757 0.002743191 0.999996185 -0.000276041 0.032218572 -0.991472304 0.002755773 0.130288541 -3.663357735
0.127392232 -0.000712552 0.991852164 -0.182571173 0.003104234 0.999995112 0.000319698 0.030894864 -0.991847575 0.003038215 0.127393842 -3.671090603
0.088316500 -0.000543950 0.996092379 -0.239977360 0.002851133 0.999995887 0.000293292 0.030587029 -0.996088445 0.002814089 0.088317692 -3.685075283
0.019276202 -0.000259370 0.999814153 -0.294230700 0.002269421 0.999997377 0.000215664 0.030805560 -0.999811649 0.002264842 0.019276738 -3.701783180
-0.063650131 -0.000125486 0.997972310 -0.351246357 0.002528432 0.999996781 0.000287002 0.031349856 -0.997969091 0.002541572 -0.063649535 -3.720505953
-0.154469609 -0.000306045 0.987997711 -0.392913342 0.002414044 0.999996841 0.000687188 0.031415712 -0.987994790 0.002491219 -0.154468417 -3.737772465
-0.248163700 -0.000465278 0.968718171 -0.423864365 0.002531237 0.999996185 0.001128746 0.031217866 -0.968714952 0.002732169 -0.248161554 -3.756003857
-0.339244604 -0.000269624 0.940698206 -0.446647167 0.003679481 0.999991953 0.001613553 0.031410225 -0.940691054 0.004008670 -0.339240909 -3.774008751
-0.430261493 -0.000158856 0.902704358 -0.464350700 0.003276282 0.999993145 0.001737571 0.031406507 -0.902698457 0.003705123 -0.430258036 -3.791023731
-0.517125726 -0.000027460 0.855909467 -0.479251862 0.003103453 0.999993384 0.001907135 0.031459015 -0.855903864 0.003642503 -0.517122149 -3.807960272
-0.599914670 0.000286715 0.800064147 -0.491055965 0.002848274 0.999994338 0.001777367 0.031966694 -0.800059140 0.003345070 -0.599912167 -3.824731350
-0.675213575 0.000844696 0.737622142 -0.502997398 0.003533376 0.999991596 0.002089273 0.031914409 -0.737614214 0.004017001 -0.675210834 -3.840992451
-0.746223807 0.001248415 0.665693879 -0.514105320 0.003450991 0.999992073 0.001993119 0.032393087 -0.665686071 0.003784616 -0.746222258 -3.855740309
-0.809121013 0.000829889 0.587641835 -0.524703979 0.003164691 0.999990642 0.002945223 0.032391537 -0.587633908 0.004242746 -0.809116006 -3.870412827
-0.863545060 0.000789002 0.504271567 -0.536815882 0.002981214 0.999989271 0.003540590 0.032062098 -0.504263401 0.004560799 -0.863538146 -3.883746624
-0.909548283 0.001283333 0.415596932 -0.548864603 0.002859636 0.999990880 0.003170514 0.032307789 -0.415589094 0.004072190 -0.909543633 -3.895320892
-0.946244478 0.001439575 0.323448896 -0.561704397 0.003064358 0.999985099 0.004514094 0.031619895 -0.323437572 0.005262600 -0.946234822 -3.906044722
-0.973787069 0.001758092 0.227454692 -0.575521708 0.002896806 0.999984860 0.004672608 0.031813774 -0.227443039 0.005209017 -0.973777413 -3.915856123
-0.991523147 0.002512374 0.129907519 -0.590142250 0.003251036 0.999979734 0.005474311 0.031111170 -0.129891127 0.005850239 -0.991511226 -3.923421621
-0.999522328 0.002965747 0.030766010 -0.605667949 0.003145305 0.999978304 0.005789475 0.031113796 -0.030748172 0.005883477 -0.999509931 -3.931344271
-0.997538328 0.003037277 -0.070061065 -0.621207237 0.002635517 0.999979556 0.005826152 0.031139893 0.070077330 0.005627161 -0.997525930 -3.935797453
-0.986190915 0.003587384 -0.165575102 -0.635766983 0.002510438 0.999974310 0.006713094 0.030492801 0.165594921 0.006204725 -0.986174583 -3.925658703
-0.974532485 0.003835407 -0.224213362 -0.642912984 0.002722901 0.999982417 0.005270799 0.032012373 0.224229634 0.004526054 -0.974525809 -3.902332306
-0.967141151 0.003336645 -0.254217744 -0.641919911 0.001748376 0.999977529 0.006473359 0.030457161 0.254233629 0.005816184 -0.967125297 -3.866769552
-0.962899566 0.003370144 -0.269839406 -0.636498272 0.001622741 0.999976277 0.006698531 0.029932907 0.269855559 0.006012132 -0.962882161 -3.824878216
-0.960498214 0.003129356 -0.278268397 -0.627037764 0.001250373 0.999975204 0.006929631 0.029613383 0.278283179 0.006307960 -0.960478425 -3.779009104
-0.959811091 0.003080525 -0.280630350 -0.619893193 0.001458690 0.999980986 0.005987949 0.030608753 0.280643463 0.005337947 -0.959797382 -3.744809389
-0.964405656 0.002985174 -0.264410049 -0.609972596 0.001280703 0.999977291 0.006618465 0.029767854 0.264423788 0.006044255 -0.964387536 -3.717075348
-0.972531796 0.002109443 -0.232760161 -0.599313259 0.000574387 0.999977648 0.006662593 0.029143823 0.232768998 0.006345890 -0.972511292 -3.698352098
-0.981226921 0.002392171 -0.192842528 -0.589089751 0.001075768 0.999975383 0.006930732 0.028873874 0.192854360 0.006593167 -0.981205344 -3.682909966
-0.989040136 0.002729512 -0.147620946 -0.580933571 0.001789052 0.999977231 0.006503176 0.029462138 0.147635341 0.006167801 -0.989022613 -3.673151731
-0.994716406 0.002199894 -0.102636665 -0.570877910 0.001666095 0.999984622 0.005286298 0.030846136 0.102646716 0.005087366 -0.994704843 -3.664628506
-0.997298479 0.001594353 -0.073440559 -0.565859556 0.001218799 0.999985933 0.005158245 0.030429024 0.073447749 0.005054800 -0.997286320 -3.659351826
-0.998293161 0.001926831 -0.058369730 -0.562555432 0.001574059 0.999980211 0.006089136 0.030051902 0.058380309 0.005986866 -0.998276472 -3.654838085
-0.998708129 0.002709434 -0.050742768 -0.560808301 0.002419673 0.999980450 0.005770940 0.030416682 0.050757412 0.005640704 -0.998695135 -3.651632786
-0.998911500 0.002427332 -0.046581600 -0.559835553 0.002194735 0.999984860 0.005043823 0.031349726 0.046593137 0.004936099 -0.998901725 -3.649745703
-0.998996973 0.001961685 -0.044737678 -0.557578206 0.001719108 0.999983609 0.005460015 0.030863430 0.044747654 0.005377630 -0.998983979 -3.646501541
-0.999079943 0.002199348 -0.042834885 -0.560332656 0.001961546 0.999982417 0.005592846 0.030710291 0.042846434 0.005503677 -0.999066710 -3.645406723
-0.999087572 0.002176944 -0.042656716 -0.558184803 0.001926177 0.999980628 0.005918941 0.029791528 0.042668775 0.005831376 -0.999072433 -3.631458998
-0.999076843 0.001541034 -0.042934977 -0.555037856 0.001334910 0.999987423 0.004829093 0.031344812 0.042941879 0.004767320 -0.999066353 -3.603243113
-0.999112844 0.001813523 -0.042073362 -0.555640578 0.001593388 0.999984860 0.005265115 0.030600470 0.042082272 0.005193405 -0.999100566 -3.567130804
-0.999110460 0.002550524 -0.042094298 -0.553053081 0.002338164 0.999984324 0.005093346 0.030430332 0.042106628 0.004990391 -0.999100685 -3.526228666
-0.999105096 0.002781327 -0.042209581 -0.550754428 0.002552190 0.999981701 0.005481476 0.029794637 0.042224057 0.005368843 -0.999093890 -3.477575302
-0.999095201 0.002724762 -0.042447273 -0.548277020 0.002494915 0.999981940 0.005466926 0.029382719 0.042461403 0.005356076 -0.999083996 -3.427939892
-0.999087214 0.002283804 -0.042657200 -0.546097159 0.002043001 0.999981761 0.005687808 0.028856702 0.042669412 0.005595467 -0.999073625 -3.373039484
-0.999082923 0.001943986 -0.042774975 -0.542894125 0.001692966 0.999981165 0.005903813 0.028122015 0.042785645 0.005825981 -0.999067426 -3.317938566
-0.999077082 0.002538026 -0.042878255 -0.541025758 0.002307429 0.999982595 0.005426567 0.029462926 0.042891283 0.005322620 -0.999065638 -3.261413097
-0.999142170 0.003247368 -0.041283906 -0.543190241 0.002965536 0.999971867 0.006886098 0.026311796 0.041305106 0.006757762 -0.999123693 -3.203605413
-0.999171019 0.002576215 -0.040629510 -0.539741516 0.002289081 0.999972105 0.007112063 0.025908956 0.040646698 0.007013163 -0.999149084 -3.146162033
-0.999775887 0.002424335 -0.021042619 -0.535199761 0.002297741 0.999979138 0.006038169 0.027033307 0.021056818 0.005988463 -0.999760509 -3.101784468
-0.999892831 0.003691366 0.014175539 -0.529949069 0.003780752 0.999973118 0.006284088 0.025889160 -0.014151961 0.006337008 -0.999879956 -3.065559149
-0.998460174 0.002956242 0.055397727 -0.522412717 0.003329100 0.999972403 0.006639497 0.024895914 -0.055376571 0.006813697 -0.998442411 -3.041705608
-0.994897604 0.002595258 0.100857683 -0.515235186 0.003303093 0.999971092 0.006851796 0.024705224 -0.100836977 0.007149976 -0.994877458 -3.020637035
-0.989076138 0.002186181 0.147391364 -0.509349227 0.003160347 0.999974668 0.006375522 0.024815645 -0.147373691 0.006771682 -0.989058018 -2.991330624
-0.984528184 0.002098638 0.175214246 -0.508876801 0.003295464 0.999973178 0.006539967 0.024160592 -0.175195828 0.007016193 -0.984508753 -2.953860521
-0.981702089 0.002688100 0.190404713 -0.512130618 0.004041164 0.999969244 0.006718328 0.023909567 -0.190380797 0.007364853 -0.981682777 -2.912133932
-0.980258584 0.002663291 0.197702482 -0.517404079 0.003896911 0.999975264 0.005850990 0.024331558 -0.197682023 0.006505912 -0.980244756 -2.865834713
-0.979494214 0.002656767 0.201455861 -0.521994352 0.003957129 0.999973834 0.006052375 0.024283221 -0.201434508 0.006725452 -0.979479074 -2.829627037
-0.979178071 0.002308980 0.202989668 -0.525614738 0.003542614 0.999977410 0.005714197 0.024301175 -0.202971891 0.006314331 -0.979164124 -2.801882505
-0.978851080 0.002108019 0.204564705 -0.531535029 0.003425120 0.999975622 0.006084696 0.024038646 -0.204546899 0.006656668 -0.978834391 -2.769567490
-0.978783607 0.002326379 0.204883993 -0.538417459 0.003529125 0.999978602 0.005505165 0.024250649 -0.204866812 0.006111426 -0.978770852 -2.731009722
-0.978812337 0.002455477 0.204744533 -0.547287226 0.003829189 0.999972761 0.006313465 0.023660516 -0.204723448 0.006963703 -0.978795052 -2.685112000
-0.979354858 0.002804644 0.202128977 -0.557286501 0.004172144 0.999971211 0.006339744 0.023657667 -0.202105388 0.007052170 -0.979338408 -2.636982203
-0.986455321 0.002620418 0.164010167 -0.573319793 0.003638910 0.999975920 0.005909794 0.022964954 -0.163990721 0.006426565 -0.986441016 -2.589653730
-0.995384097 0.003067294 0.095922321 -0.590878725 0.003714001 0.999971569 0.006564166 0.022736801 -0.095899463 0.006890122 -0.995367169 -2.554774761
-0.999898553 0.003854020 0.013738777 -0.608727217 0.003952207 0.999966800 0.007126746 0.022301029 -0.013710855 0.007180318 -0.999880552 -2.530624390
-0.997118711 0.004009367 -0.075754933 -0.627334774 0.003464029 0.999967158 0.007328745 0.021932308 0.075781830 0.007045209 -0.997099876 -2.498996019
-0.991341829 0.003533237 -0.131258816 -0.637626231 0.002433299 0.999960601 0.008539361 0.021344889 0.131283820 0.008146034 -0.991311312 -2.458968639
-0.987268806 0.003817609 -0.159015611 -0.642135859 0.002534011 0.999962568 0.008274132 0.021150716 0.159041241 0.007765844 -0.987241507 -2.413318634
-0.984783649 0.004024848 -0.173738137 -0.641073346 0.002781080 0.999968767 0.007401714 0.021693042 0.173762485 0.006805908 -0.984764099 -2.364784002
-0.983552694 0.004985897 -0.180552974 -0.637806654 0.003489794 0.999956906 0.008602937 0.020523084 0.180588096 0.007831349 -0.983527660 -2.312133312
-0.982890725 0.003264748 -0.184161112 -0.629773974 0.001691638 0.999960721 0.008698495 0.019733822 0.184182286 0.008238135 -0.982857704 -2.257887602
-0.986075044 0.003526677 -0.166264310 -0.619785488 0.002046064 0.999956727 0.009075621 0.019098915 0.166289121 0.008609055 -0.986039639 -2.200946569
-0.991103768 0.004136863 -0.133028194 -0.606556952 0.002955027 0.999954402 0.009080302 0.018895295 0.133059695 0.008606419 -0.991070867 -2.143330812
-0.995749474 0.003580827 -0.092035815 -0.591914713 0.002829817 0.999961615 0.008289179 0.018844716 0.092061967 0.007993499 -0.995721340 -2.083448887
-0.998909712 0.003905954 -0.046522770 -0.576886296 0.003506096 0.999956250 0.008673384 0.017481551 0.046554610 0.008500814 -0.998879790 -2.022808552
-0.999993682 0.003522304 -0.000546442 -0.564916193 0.003517436 0.999956250 0.008666988 0.017268296 0.000576946 0.008665012 -0.999962330 -1.975313663
-0.999631643 0.003352529 0.026940316 -0.555343509 0.003606797 0.999949336 0.009395145 0.017103104 -0.026907453 0.009488851 -0.999593139 -1.928541780
-0.999107242 0.003759827 0.042082105 -0.550045311 0.004117943 0.999956012 0.008426494 0.016452082 -0.042048573 0.008592262 -0.999078751 -1.875995398
-0.998780012 0.002970352 0.049298573 -0.547315955 0.003411693 0.999954820 0.008870684 0.016219039 -0.049269997 0.009028049 -0.998745084 -1.822287202
-0.998572230 0.003573609 0.053301625 -0.546626270 0.004052791 0.999952316 0.008884635 0.015863381 -0.053267334 0.009087969 -0.998539090 -1.767081261
-0.998491764 0.003556794 0.054790437 -0.546654224 0.004055539 0.999951303 0.008994266 0.015284385 -0.054755781 0.009202903 -0.998457670 -1.711810708
-0.998410463 0.003757243 0.056235649 -0.547694087 0.004217493 0.999958575 0.008067875 0.015261569 -0.056203004 0.008292225 -0.998384953 -1.668261170
-0.998381734 0.003777177 0.056743976 -0.548870146 0.004249132 0.999957383 0.008198924 0.015010425 -0.056710590 0.008426769 -0.998355269 -1.623293757
-0.998357177 0.003840799 0.057168458 -0.552016854 0.004274848 0.999962926 0.007472108 0.016003039 -0.057137638 0.007704219 -0.998336554 -1.573613048
-0.998319387 0.003916531 0.057818938 -0.554516852 0.004361957 0.999961734 0.007579606 0.015708243 -0.057787042 0.007819072 -0.998298287 -1.522026300
-0.998348713 0.003340212 0.057348620 -0.556520641 0.003804837 0.999960780 0.007994481 0.014916219 -0.057319667 0.008199482 -0.998322368 -1.468708396
-0.998318672 0.003817655 0.057840161 -0.559266090 0.004263723 0.999962091 0.007590628 0.015026016 -0.057808988 0.007824480 -0.998297215 -1.424996972
-0.998351574 0.002803391 0.057326850 -0.560667872 0.003277347 0.999961197 0.008175267 0.014408046 -0.057301708 0.008349670 -0.998322010 -1.380670071
-0.998385787 0.003410761 0.056694373 -0.563055456 0.003891733 0.999957383 0.008375356 0.013748719 -0.056663390 0.008582475 -0.998356462 -1.332662821
-0.998348594 0.003580791 0.057338476 -0.566502988 0.004059329 0.999957860 0.008231549 0.013866829 -0.057306584 0.008450709 -0.998321056 -1.280929327
-0.998389959 0.002771928 0.056658462 -0.568440199 0.003260103 0.999958336 0.008525469 0.013302464 -0.056632470 0.008696455 -0.998357415 -1.227412462
-0.998401403 0.002493735 0.056469426 -0.570785522 0.002989592 0.999957681 0.008698196 0.012793421 -0.056445349 0.008853110 -0.998366714 -1.185084462
-0.998365045 0.003403701 0.057060204 -0.573204398 0.003889593 0.999957085 0.008406527 0.012994488 -0.057029143 0.008614723 -0.998335481 -1.154929399
-0.998376250 0.002635600 0.056904987 -0.574911058 0.003167053 0.999952197 0.009251147 0.012212342 -0.056877881 0.009416345 -0.998336792 -1.131816268
-0.998392344 0.002673507 0.056620426 -0.576271415 0.003193183 0.999953568 0.009089742 0.012049739 -0.056593500 0.009255927 -0.998354554 -1.103006244
-0.998402834 0.002701613 0.056436937 -0.578024387 0.003184811 0.999959052 0.008473553 0.012115389 -0.056411732 0.008639757 -0.998370528 -1.065722227
-0.998558164 0.002571254 0.053621013 -0.581724644 0.003049241 0.999956310 0.008834277 0.011631947 -0.053595956 0.008985042 -0.998522401 -1.020766973
-0.999883294 0.002786353 0.015028633 -0.590294957 0.002907525 0.999963403 0.008046946 0.011995569 -0.015005661 0.008089704 -0.999854803 -0.975821674
-0.998505473 0.003268002 -0.054554671 -0.602102160 0.002744765 0.999949515 0.009663224 0.010691374 0.054583497 0.009499041 -0.998464108 -0.928482413
-0.990594625 0.003100847 -0.136793837 -0.616331339 0.001862350 0.999956131 0.009180803 0.011126031 0.136816308 0.008839697 -0.990556955 -0.891561985
-0.974590302 0.003537179 -0.223967373 -0.631218672 0.001540052 0.999957502 0.009091100 0.010900750 0.223990008 0.008515175 -0.974554300 -0.865096569
-0.959823966 0.003454529 -0.280582100 -0.641977668 0.000969831 0.999959111 0.008993877 0.010874731 0.280601680 0.008360419 -0.959788084 -0.844997048
-0.938735485 0.003576350 -0.344620079 -0.653675318 0.000179588 0.999951124 0.009887962 0.010415835 0.344638586 0.009220291 -0.938690186 -0.830962539
-0.906554580 0.003393336 -0.422075570 -0.667010307 -0.000579012 0.999956727 0.009282925 0.010649624 0.422088802 0.008659863 -0.906513453 -0.819561958
-0.864478827 0.004119860 -0.502652526 -0.682274520 -0.000578942 0.999957561 0.009191575 0.011115719 0.502669036 0.008236929 -0.864439726 -0.810800076
-0.812781453 0.003701389 -0.582557499 -0.697617829 -0.001686799 0.999960661 0.008706853 0.011356047 0.582566798 0.008059423 -0.812743306 -0.802170157
-0.752093434 0.003954693 -0.659044683 -0.712451816 -0.002543084 0.999957144 0.008902523 0.010817138 0.659051657 0.008371535 -0.752051115 -0.793364167
-0.683951259 0.004938627 -0.729511023 -0.727813303 -0.002082735 0.999959767 0.008722167 0.010827260 0.729524732 0.007484915 -0.683913469 -0.784287453
-0.608813167 0.005049742 -0.793297768 -0.742109358 -0.002258764 0.999964654 0.008098761 0.010976458 0.793310583 0.006722503 -0.608780265 -0.774078190
-0.526857376 0.004675651 -0.849941015 -0.755571067 -0.003214176 0.999966741 0.007493353 0.011273528 0.849947810 0.006679787 -0.526824832 -0.763929844
-0.439937234 0.005497784 -0.898011684 -0.768156290 -0.004025890 0.999959111 0.008094212 0.010617583 0.898019493 0.007176241 -0.439897060 -0.752267182
-0.346810699 0.005827909 -0.937917113 -0.778623462 -0.004033072 0.999962211 0.007704733 0.010262856 0.937926590 0.006454770 -0.346774101 -0.739462018
-0.252355814 0.005555051 -0.967618763 -0.788463593 -0.004973575 0.999962866 0.007037850 0.010123741 0.967621922 0.006588565 -0.252318859 -0.726672769
-0.154407144 0.006881133 -0.987983465 -0.796336532 -0.005182079 0.999956369 0.007774404 0.009320807 0.987993836 0.006320230 -0.154364705 -0.711851597
-0.056268930 0.006529054 -0.998394430 -0.790542901 -0.005796462 0.999959648 0.006865975 0.009509282 0.998398960 0.006173494 -0.056228757 -0.696275830
0.041982055 0.005307374 -0.999104321 -0.770772278 -0.006234715 0.999967813 0.005049980 0.010119244 0.999098957 0.006017122 0.042013764 -0.679573476
0.098988175 0.008508694 -0.995052218 -0.737492025 -0.006338602 0.999948561 0.007919996 0.007458964 0.995068431 0.005523255 0.099036992 -0.666294456
0.130562246 0.008241252 -0.991405964 -0.696667612 -0.006574939 0.999950647 0.007446401 0.007183698 0.991418421 0.005546213 0.130609989 -0.662332058
0.146777332 0.008213080 -0.989135385 -0.650372446 -0.007295357 0.999947309 0.007220299 0.007035172 0.989142597 0.006156320 0.146829545 -0.662601829
0.154882789 0.007859106 -0.987901568 -0.601019561 -0.006584316 0.999954343 0.006922704 0.006759173 0.987910926 0.005432449 0.154927492 -0.665420771
0.159030557 0.007523150 -0.987245083 -0.547935486 -0.006644599 0.999956489 0.006549668 0.006761914 0.987251401 0.005518249 0.159073591 -0.670500398
0.161489189 0.008155094 -0.986840844 -0.493228197 -0.006612942 0.999952376 0.007181285 0.006377545 0.986852348 0.005366220 0.161535442 -0.677199543
0.163212121 0.008188950 -0.986557126 -0.437353194 -0.006890150 0.999950647 0.007160244 0.005711768 0.986567020 0.005628886 0.163260520 -0.685327291
0.164285958 0.007449039 -0.986384690 -0.382122338 -0.007605669 0.999951303 0.006284741 0.006131415 0.986383438 0.006469620 0.164334595 -0.693920612
0.164514780 0.007793380 -0.986343920 -0.324664414 -0.007270819 0.999951184 0.006688178 0.005568400 0.986347914 0.006071223 0.164563417 -0.702302158
0.165370762 0.009413702 -0.986186683 -0.265092492 -0.007315455 0.999938667 0.008318266 0.003319093 0.986204445 0.005838804 0.165429473 -0.712088704
0.168069422 0.008701193 -0.985736728 -0.208257973 -0.007029950 0.999946177 0.007628005 0.003824376 0.985750079 0.005647645 0.168121576 -0.720723450
0.207003057 0.008432379 -0.978303969 -0.150749147 -0.006682776 0.999951720 0.007204935 0.003749811 0.978317499 0.005046342 0.207049429 -0.724388182
0.272385180 0.008093056 -0.962154329 -0.094650090 -0.006869534 0.999955475 0.006466257 0.003932646 0.962163806 0.004848239 0.272428632 -0.722471952
0.353804767 0.009015088 -0.935275912 -0.048631340 -0.008303505 0.999944389 0.006497298 0.002038149 0.935282528 0.005467292 0.353859961 -0.719273865
0.434325576 0.009284573 -0.900708139 -0.015594125 -0.009106928 0.999941051 0.005916072 0.001541504 0.900709927 0.005633181 0.434384525 -0.711232126
0.485825479 0.008899841 -0.874010563 0.009513468 -0.008923366 0.999946535 0.005222095 0.001296520 0.874010324 0.005262088 0.485878944 -0.705814362
0.544623375 0.009152909 -0.838630855 0.029668197 -0.008711291 0.999948263 0.005256260 0.000195990 0.838635564 0.004442873 0.544674933 -0.697889328
0.612470090 0.010795745 -0.790420055 0.046784520 -0.010701450 0.999928355 0.005365063 -0.002111197 0.790421367 0.005172700 0.612541735 -0.688331842
0.681873381 0.010720014 -0.731391728 0.060694754 -0.010995615 0.999929845 0.004404814 -0.002466085 0.731387615 0.005038575 0.681943417 -0.676224828
0.748077810 0.010317256 -0.663530886 0.073604479 -0.010674726 0.999936879 0.003513142 -0.002790780 0.663525224 0.004454906 0.748140693 -0.662871718
0.808647573 0.010190198 -0.588205099 0.086560883 -0.010843403 0.999938309 0.002415956 -0.003228841 0.588193417 0.004424487 0.808708191 -0.650233030
0.862702310 0.009596965 -0.505621016 0.099031493 -0.010222868 0.999946535 0.001537041 -0.003235495 0.505608737 0.003842888 0.862754345 -0.637833714
0.908335090 0.009305764 -0.418139666 0.112620875 -0.010108514 0.999948859 0.000295044 -0.003609569 0.418121040 0.003958771 0.908382714 -0.626414478
0.945391655 0.009269988 -0.325804740 0.125490233 -0.010052973 0.999949217 -0.000719693 -0.003224392 0.325781524 0.003955698 0.945436835 -0.614981234
0.973321140 0.008544425 -0.229288056 0.140398234 -0.009035896 0.999958575 -0.001093630 -0.004390595 0.229269221 0.003136276 0.973357975 -0.606571496
0.991233945 0.008562242 -0.131840646 0.153676808 -0.009132832 0.999951363 -0.003723796 -0.002613998 0.131802350 0.004895232 0.991263926 -0.596409440
0.999435127 0.008609750 -0.032484692 0.169073835 -0.008765237 0.999950767 -0.004647107 -0.003052311 0.032443084 0.004929218 0.999461412 -0.589912474
0.997565806 0.008567397 0.069202721 0.184252560 -0.008175976 0.999948978 -0.005937430 -0.002828414 -0.069250062 0.005357177 0.997584939 -0.584104300
0.986551762 0.007598401 0.163272366 0.200833678 -0.006684844 0.999958754 -0.006143987 -0.002890346 -0.163312316 0.004969911 0.986561894 -0.579798758
0.974761665 0.007834653 0.223110542 0.211063132 -0.006687674 0.999960244 -0.005895974 -0.004231591 -0.223147869 0.004255079 0.974775314 -0.579824865
0.967481613 0.007283505 0.252836585 0.216555297 -0.005894464 0.999963105 -0.006250876 -0.004371038 -0.252872765 0.004557271 0.967488825 -0.579472005
0.963633716 0.007235499 0.267128646 0.219510913 -0.005932668 0.999966264 -0.005683915 -0.005005820 -0.267160743 0.003892427 0.963644147 -0.579394579
0.966610491 0.007505727 0.256140232 0.218163520 -0.006193296 0.999963224 -0.005930134 -0.004665461 -0.256175309 0.004145777 0.966621459 -0.579385161
0.973868072 0.007350599 0.226995423 0.213623703 -0.006278824 0.999965489 -0.005443279 -0.004788485 -0.227027595 0.003875772 0.973880589 -0.580187321
0.981925428 0.008116777 0.189094231 0.207392693 -0.007227053 0.999959350 -0.005394245 -0.004356507 -0.189130321 0.003930153 0.981944144 -0.581017077
0.989350617 0.008100534 0.145326138 0.200719580 -0.007367572 0.999957263 -0.005581074 -0.004276186 -0.145365134 0.004450939 0.989368081 -0.582334995
0.995005488 0.008082546 0.099492364 0.193807125 -0.007576739 0.999956369 -0.005460689 -0.003835234 -0.099532165 0.004679588 0.995023370 -0.583995640
0.997476935 0.007830513 0.070558384 0.189835563 -0.007494995 0.999959290 -0.005018679 -0.003568352 -0.070594810 0.004477182 0.997495055 -0.584172487
0.998397827 0.008277645 0.055975676 0.187183276 -0.007997127 0.999954343 -0.005233571 -0.003416894 -0.056016441 0.004777541 0.998418391 -0.585089922
0.998812377 0.007953423 0.048068184 0.185756668 -0.007744701 0.999959767 -0.004526914 -0.003965192 -0.048102256 0.004149264 0.998833776 -0.585717499
0.998964131 0.008736964 0.044657901 0.184808403 -0.008520889 0.999951065 -0.005026519 -0.003517610 -0.044699632 0.004640787 0.998989701 -0.585762084
0.999124587 0.008272099 0.041007701 0.184290871 -0.008102122 0.999957919 -0.004309491 -0.004098571 -0.041041624 0.003973469 0.999149561 -0.586161494
0.999763668 0.007953671 0.020232450 0.181439757 -0.007875700 0.999961257 -0.003930479 -0.004210728 -0.020262929 0.003770205 0.999787569 -0.587149799
0.999856055 0.008652994 -0.014592646 0.175883546 -0.008713846 0.999953568 -0.004111604 -0.003506921 0.014556391 0.004238171 0.999885082 -0.589241445
0.998335660 0.008497663 -0.057041027 0.169524878 -0.008759191 0.999952257 -0.004336476 -0.003057001 0.057001453 0.004828892 0.998362422 -0.591415942
0.994651020 0.008599194 -0.102934144 0.162908748 -0.009062813 0.999950767 -0.004037194 -0.002655387 0.102894358 0.004948472 0.994679987 -0.594464183
0.988878250 0.009000557 -0.148454681 0.156113133 -0.009647659 0.999946833 -0.003639368 -0.002593280 0.148414031 0.005031132 0.988912523 -0.597021818
0.984061241 0.008014016 -0.177649200 0.150794983 -0.008712346 0.999957085 -0.003151210 -0.002955127 0.177616313 0.004648725 0.984088838 -0.588404000
0.981226206 0.008472960 -0.192674041 0.144393444 -0.009310807 0.999950707 -0.003443467 -0.002172233 0.192635372 0.005172771 0.981256783 -0.566734910
0.979805946 0.008402624 -0.199774086 0.137696743 -0.009325527 0.999949753 -0.003679179 -0.002069949 0.199733138 0.005467880 0.979835093 -0.538371265
0.978932858 0.008597409 -0.204001322 0.130628511 -0.009369647 0.999952137 -0.002819871 -0.003090600 0.203967318 0.004671884 0.978966534 -0.503596008
0.978556871 0.008887180 -0.205784902 0.122674294 -0.009741451 0.999947608 -0.003138470 -0.002847173 0.205746233 0.005075815 0.978592217 -0.466373384
0.978327990 0.008966725 -0.206867099 0.116236746 -0.009632831 0.999951184 -0.002212923 -0.004337251 0.206837147 0.004157680 0.978366554 -0.436650515
0.977910459 0.009165360 -0.208823323 0.111388236 -0.009835115 0.999949276 -0.002169134 -0.004231049 0.208792850 0.004175020 0.977950990 -0.414533347
0.973601043 0.009220690 -0.228070244 0.105634876 -0.009904298 0.999949217 -0.001852991 -0.004586678 0.228041574 0.004062949 0.973642945 -0.400701433
0.965110958 0.009542691 -0.261667281 0.098425716 -0.010365445 0.999944746 -0.001764231 -0.004434416 0.261635989 0.004414976 0.965156555 -0.393107504
0.953334570 0.009208390 -0.301775455 0.091988184 -0.010132088 0.999947548 -0.001495691 -0.004036821 0.301745862 0.004483509 0.953377843 -0.388507664
0.938548625 0.009549626 -0.345014989 0.085182488 -0.010493191 0.999944568 -0.000867420 -0.003988814 0.344987571 0.004434424 0.938596785 -0.386847079
0.921504140 0.010246970 -0.388233393 0.078351133 -0.011054483 0.999938905 0.000153493 -0.004112015 0.388211221 0.004150275 0.921561062 -0.387426883
0.910706997 0.009107202 -0.412952542 0.075741090 -0.009924438 0.999950767 0.000165874 -0.004530257 0.412933707 0.003947258 0.910752535 -0.387928426
0.920473814 0.009813168 -0.390680969 0.077565499 -0.010849823 0.999941051 -0.000446372 -0.004130648 0.390653551 0.004649693 0.920526028 -0.383042932
0.942625105 0.009554432 -0.333716452 0.083836727 -0.010071272 0.999949276 0.000181330 -0.005638115 0.333701253 0.003190023 0.942673504 -0.374931067
0.966187537 0.009511762 -0.257664889 0.093791105 -0.010157369 0.999947727 -0.001174621 -0.005245013 0.257640272 0.003752101 0.966233611 -0.366135836
0.985252976 0.008698132 -0.170882657 0.104973972 -0.009164924 0.999956131 -0.001942958 -0.005469247 0.170858264 0.003480432 0.985289454 -0.357504427
0.996816397 0.008523962 -0.079274528 0.118168287 -0.008858673 0.999953270 -0.003871437 -0.004250662 0.079237819 0.004561379 0.996845305 -0.349344939
0.999728262 0.008629206 -0.021656264 0.125983089 -0.008721938 0.999953151 -0.004191195 -0.004954708 0.021619081 0.004378941 0.999756694 -0.345911235
0.999930441 0.008562179 0.008112348 0.130823955 -0.008522921 0.999951839 -0.004861566 -0.004547644 -0.008153582 0.004792087 0.999955297 -0.342770696
0.999700487 0.008639295 0.022898784 0.133530125 -0.008534011 0.999952555 -0.004691517 -0.004546001 -0.022938229 0.004494693 0.999726772 -0.341572672
0.999529600 0.008127231 0.029572321 0.134528220 -0.008004338 0.999958813 -0.004271724 -0.005057823 -0.029605821 0.004033007 0.999553502 -0.341720819
0.999868870 0.008594297 0.013723053 0.132412255 -0.008538295 0.999954998 -0.004134252 -0.005145601 -0.013757966 0.004016539 0.999897301 -0.342234701
0.999809742 0.008611012 -0.017502785 0.127723992 -0.008679798 0.999954879 -0.003857806 -0.005267495 0.017468775 0.004008992 0.999839365 -0.344208121
0.998247504 0.008421860 -0.058574703 0.121985033 -0.008619398 0.999957979 -0.003120577 -0.005231296 0.058545958 0.003619987 0.998278141 -0.347019106
0.994498610 0.008983099 -0.104364082 0.115386225 -0.009419392 0.999948859 -0.003688365 -0.004354612 0.104325607 0.004651120 0.994532347 -0.349555224
0.988657236 0.008350630 -0.149956957 0.109859385 -0.008849668 0.999957323 -0.002660864 -0.004977652 0.149928331 0.003957752 0.988688946 -0.352947772
0.983938158 0.008941324 -0.178285658 0.105319224 -0.009564911 0.999950767 -0.002638442 -0.005023798 0.178253293 0.004301351 0.983975232 -0.355815351
0.981293201 0.008908445 -0.192313075 0.102564789 -0.009498697 0.999952555 -0.002147458 -0.005255530 0.192284822 0.003934010 0.981331289 -0.357070655
0.979699254 0.009133604 -0.200264573 0.101985373 -0.009681129 0.999951601 -0.001754843 -0.005349999 0.200238854 0.003658005 0.979740262 -0.357861370
0.978958070 0.009362819 -0.203846723 0.101219498 -0.009743785 0.999952137 -0.000865291 -0.006164283 0.203828871 0.002833322 0.979002416 -0.358760446
0.978557944 0.009011178 -0.205774441 0.100576535 -0.009624714 0.999951720 -0.001980799 -0.004565808 0.205746651 0.003918847 0.978597462 -0.357947409
0.978259087 0.008969566 -0.207192466 0.100800142 -0.009604435 0.999951780 -0.002058439 -0.004521518 0.207164004 0.004003653 0.978298068 -0.358242691
0.978156328 0.008638836 -0.207690984 0.100489743 -0.009225027 0.999955714 -0.001854026 -0.004869800 0.207665771 0.003729482 0.978192747 -0.358333558
0.978128254 0.008801077 -0.207816333 0.100386523 -0.009384506 0.999954283 -0.001821691 -0.004896375 0.207790807 0.003732101 0.978166163 -0.358442634
0.978087604 0.008823181 -0.208006799 0.100581765 -0.009382090 0.999954522 -0.001700548 -0.005030688 0.207982346 0.003614824 0.978125930 -0.358381301
0.978088617 0.008885700 -0.207999378 0.100445628 -0.009472920 0.999953449 -0.001827257 -0.005097110 0.207973465 0.003757581 0.978127241 -0.358493507
0.978085279 0.009006512 -0.208009839 0.100520857 -0.009626953 0.999951720 -0.001970596 -0.005073625 0.207982048 0.003929912 0.978124738 -0.358700544
0.978086710 0.008875757 -0.208008662 0.100495644 -0.009504419 0.999952793 -0.002023028 -0.004965889 0.207980886 0.003955699 0.978124917 -0.358531922
0.978080809 0.008895282 -0.208035633 0.100546002 -0.009572732 0.999951661 -0.002249877 -0.004852734 0.208005562 0.004192031 0.978118658 -0.358696371
