1 -0 0 -0 -0 1 -0 0 0 -0 1 0
1 0.000122962 -0.00027041 -0.000104618 -0.00012285 1 0.000415234 -0.000373024 0.000270461 -0.000415201 1 -0.000207603
0.999999 0.00095353 0.000926448 -0.000271478 -0.000955927 0.999996 0.00258959 -0.00238637 -0.000923975 -0.00259047 0.999996 -0.00207623
1 0.000152285 -0.000342977 0.000686331 -0.00015289 0.999998 -0.00176289 0.00208073 0.000342708 0.00176294 0.999998 0.00135504
1 0.000345544 0.000119056 -0.000463122 -0.000345665 0.999999 0.00101419 -0.00090055 -0.000118705 -0.00101423 0.999999 -0.000203384
1 0.000488787 0.000206312 -0.000373134 -0.00048897 0.999999 0.000887822 -0.000731897 -0.000205878 -0.000887923 1 -0.000188121
1 -0.000368313 -0.000268739 0.000387222 0.000368055 0.999999 -0.000958964 0.00125401 0.000269092 0.000958865 1 0.000715821
1 0.00025434 7.78834e-05 -0.000150352 -0.000254378 1 0.000494423 -0.000458968 -7.77577e-05 -0.000494442 1 0.000180864
1 9.15154e-05 0.000498825 -0.000377246 -9.17588e-05 1 0.000488106 -0.000284249 -0.00049878 -0.000488151 1 -8.35533e-05
1 0.000282598 0.000302147 -0.000295552 -0.000282694 1 0.000317504 -0.000203096 -0.000302057 -0.000317589 1 6.64165e-06
1 -0.000360866 0.000171317 -0.000130684 0.000360881 1 -8.85563e-05 0.000125242 -0.000171285 8.86181e-05 1 0.000123638
1 -0.000148272 -0.00013546 0.000113026 0.000148308 1 0.000268175 -5.36047e-05 0.00013542 -0.000268195 1 0.000581267
1 -0.000167252 -0.000783248 0.00145747 0.000168014 1 0.000972964 -0.00114617 0.000783085 -0.000973096 0.999999 0.0138994
1 0.00026738 -0.00035374 0.000257786 -0.000267062 1 0.000898041 -0.000376019 0.00035398 -0.000897947 1 0.0409811
1 6.70137e-05 -0.00023254 0.000297486 -6.68608e-05 1 0.00065745 -0.00010582 0.000232584 -0.000657434 1 0.0763312
1 -0.000140503 -9.11833e-05 -0.000353378 0.000140541 1 0.0004263 0.000218723 9.11234e-05 -0.000426313 1 0.118182
1 0.000122506 -0.000574034 -9.60509e-05 -0.000121348 0.999998 0.00201611 -0.000668933 0.00057428 -0.00201604 0.999998 0.152859
1 0.00068215 -0.000554401 7.54488e-05 -0.000681753 1 0.000715631 -5.69259e-05 0.000554889 -0.000715253 1 0.190321
1 0.00053773 -0.00081651 0.000327011 -0.00053685 0.999999 0.00107703 -0.000592479 0.000817088 -0.0010766 0.999999 0.234222
0.999999 0.00052183 -0.00150829 0.00105161 -0.000519256 0.999998 0.00170641 -0.00133382 0.00150918 -0.00170563 0.999997 0.28174
0.999999 9.59105e-05 -0.00103245 5.11772e-05 -9.4532e-05 0.999999 0.00133518 -0.00116398 0.00103257 -0.00133508 0.999999 0.334075
0.999999 0.000594945 -0.00117583 0.000288272 -0.000592395 0.999997 0.00216764 -0.0015053 0.00117712 -0.00216694 0.999997 0.38721
0.999999 0.00133778 -0.000960171 -0.000198107 -0.00133652 0.999998 0.00130929 -0.00136072 0.000961921 -0.00130801 0.999999 0.442278
1 0.000370267 -0.000444792 -0.000299557 -0.000369311 0.999998 0.00214767 -0.00186854 0.000445586 -0.00214751 0.999998 0.499211
1 0.00024714 0.000133502 -0.000936752 -0.000247384 0.999998 0.00182796 -0.00182332 -0.00013305 -0.001828 0.999998 0.557177
1 0.000176546 0.000193048 -0.000655648 -0.000177116 0.999996 0.00295659 -0.00227887 -0.000192526 -0.00295663 0.999996 0.615263
1 0.000200764 4.32106e-05 -0.000662265 -0.000200892 0.999996 0.00298429 -0.00173148 -4.26113e-05 -0.0029843 0.999996 0.673588
1 0.00046614 0.000276535 -0.000965507 -0.000467162 0.999993 0.00370759 -0.00232074 -0.000274805 -0.00370772 0.999993 0.733452
1 0.000501456 0.000277902 -0.00100023 -0.000502451 0.999993 0.00358962 -0.00199793 -0.000276101 -0.00358976 0.999994 0.792148
1 -0.00010919 -0.000408209 -0.000331866 0.000110467 0.999995 0.00312989 -0.00154395 0.000407866 -0.00312994 0.999995 0.852716
1 9.09754e-05 -0.000437254 3.56127e-05 -8.95226e-05 0.999994 0.00332148 -0.00200159 0.000437554 -0.00332144 0.999994 0.911157
1 0.00034324 -0.000490614 -0.000258291 -0.000341692 0.999995 0.0031518 -0.00176231 0.000491693 -0.00315163 0.999995 0.972486
1 0.000135714 -0.000784093 7.38625e-06 -0.000133301 0.999995 0.00307564 -0.00171647 0.000784507 -0.00307554 0.999995 1.03088
0.999999 0.000721693 -0.00108891 0.000295792 -0.000717696 0.999993 0.00366631 -0.00236763 0.00109154 -0.00366552 0.999993 1.09148
0.999999 0.000388662 -0.00146369 0.000895388 -0.000382807 0.999992 0.00399876 -0.0023289 0.00146524 -0.0039982 0.999991 1.15103
0.999999 -0.000418794 -0.00146397 0.00121696 0.000421804 0.999998 0.00205581 -0.00141688 0.0014631 -0.00205643 0.999997 1.21147
0.999999 -0.000394728 -0.0012996 0.000663971 0.000398274 0.999996 0.00272928 -0.0024304 0.00129852 -0.0027298 0.999995 1.2706
0.999999 -0.00125122 -0.000420498 0.000339716 0.00125289 0.999991 0.00398339 -0.00305084 0.00041551 -0.00398391 0.999992 1.33109
0.999998 -0.00128848 -0.00168635 0.00143331 0.00129204 0.999997 0.00211163 -0.00147448 0.00168363 -0.0021138 0.999996 1.39103
0.999998 -0.000971689 -0.00152712 0.00150214 0.000975951 0.999996 0.00279231 -0.00229733 0.0015244 -0.00279379 0.999995 1.45084
0.999999 -0.000858458 -0.00143479 0.00143827 0.000862882 0.999995 0.00308548 -0.00218768 0.00143213 -0.00308671 0.999994 1.51102
0.999999 -0.000740171 -0.00140191 0.000734409 0.000744342 0.999995 0.00297728 -0.00190286 0.0013997 -0.00297832 0.999995 1.57068
0.999999 -0.000190223 -0.00109694 0.000276114 0.000193947 0.999994 0.00339602 -0.00251212 0.00109628 -0.00339623 0.999994 1.6304
0.999999 0.000432189 -0.00147663 0.000496863 -0.000428018 0.999996 0.00282423 -0.00151457 0.00147784 -0.00282359 0.999995 1.69072
0.999999 -0.000180641 -0.00150636 0.000219135 0.000185566 0.999995 0.00327041 -0.00165842 0.00150576 -0.00327068 0.999994 1.751
0.999998 -0.000521526 -0.00165954 -6.75408e-05 0.000525665 0.999997 0.00249424 -0.000956897 0.00165824 -0.00249511 0.999996 1.81002
0.999999 -0.000361228 -0.00112692 -0.000994811 0.000364468 0.999996 0.00287651 -0.00118768 0.00112587 -0.00287692 0.999995 1.86989
1 0.000208387 -0.00057043 -0.00220265 -0.000207134 0.999998 0.00219508 -0.000319615 0.000570886 -0.00219496 0.999997 1.931
0.999999 -0.000611655 -0.00132648 -0.00158367 0.000614746 0.999997 0.00233093 -8.22567e-05 0.00132505 -0.00233174 0.999996 1.9894
0.999999 -0.000988474 -0.000569044 -0.00171106 0.000989481 0.999998 0.00177235 0.000471243 0.00056729 -0.00177291 0.999998 2.04752
0.999999 -0.00101822 -0.000832482 -0.00175778 0.00102095 0.999994 0.00327702 -0.000524305 0.000829141 -0.00327787 0.999994 2.10791
0.999999 -0.00127402 -0.000856259 -0.00155746 0.00127599 0.999997 0.0023004 -0.000299569 0.000853325 -0.00230149 0.999997 2.16815
1 -0.000474467 2.69141e-06 -0.00309223 0.000474458 0.999996 0.00267688 -0.000314567 -3.96149e-06 -0.00267688 0.999996 2.22803
0.999999 -0.00146486 -0.000356619 -0.00256554 0.0014661 0.999993 0.00347916 0.000185372 0.00035152 -0.00347968 0.999994 2.28914
0.999998 -0.00176124 -0.000957585 -0.00212522 0.00176399 0.999994 0.00287483 -0.000489908 0.000952517 -0.00287651 0.999995 2.34937
0.999997 -0.00216025 -0.000630727 -0.00186181 0.00216251 0.999991 0.00360063 -0.00129962 0.000622943 -0.00360199 0.999993 2.4087
0.999998 -0.000988443 -0.00179039 -0.00106223 0.000995012 0.999993 0.00367156 -0.00198368 0.00178675 -0.00367333 0.999992 2.46801
0.999999 -0.0010363 -0.00120675 -0.00164939 0.00104038 0.999994 0.00338129 -0.00101053 0.00120324 -0.00338254 0.999994 2.52758
0.999999 0.000364399 -0.00112914 -0.00106791 -0.000360327 0.999993 0.00360451 -0.00185655 0.00113045 -0.0036041 0.999993 2.58748
0.999999 -0.000167743 -0.00132571 -0.00103816 0.000173332 0.999991 0.00421659 -0.00189331 0.00132499 -0.00421682 0.99999 2.64677
0.999998 -0.00131124 -0.00167808 0.000153389 0.00131547 0.999996 0.00251808 -0.000998588 0.00167477 -0.00252028 0.999995 2.71074
0.999996 -0.00134837 -0.00228437 0.000502274 0.00135395 0.999996 0.00244341 -0.00112489 0.00228106 -0.0024465 0.999994 2.76893
0.999998 -0.001449 -0.00126305 -0.00119114 0.00145145 0.999997 0.00194328 -0.000755698 0.00126023 -0.00194511 0.999997 2.83107
0.999999 -0.000949958 -0.000757509 -0.00188653 0.000951636 0.999997 0.00221726 -0.00058976 0.000755401 -0.00221798 0.999997 2.8903
0.999999 -0.00138437 -0.000342542 -0.00181436 0.00138556 0.999993 0.00348954 -0.00230718 0.000337709 -0.00349001 0.999994 2.94937
0.999996 -0.00249084 -0.0011647 -0.0013814 0.00249504 0.99999 0.00361616 -0.00267899 0.00115568 -0.00361906 0.999993 3.00901
0.999999 -0.00110942 -0.00121415 -0.00153716 0.00111573 0.999986 0.00520708 -0.0092375 0.00120835 -0.00520843 0.999986 3.06718
0.999998 -0.00128254 -0.00140152 -0.00245014 0.00129036 0.999984 0.00559387 -0.00835752 0.00139432 -0.00559567 0.999983 3.12723
0.999998 -0.00173385 -0.00103446 -0.00142019 0.00173869 0.999987 0.00469313 -0.00769276 0.00102631 -0.00469492 0.999988 3.1887
0.999998 -0.00070241 -0.0018495 -0.000786227 0.000712072 0.999986 0.00522868 -0.00794286 0.0018458 -0.00522999 0.999985 3.24573
0.999999 -0.00168755 -0.000284353 -0.0046257 0.00168966 0.99997 0.0075951 -0.0120031 0.000271527 -0.00759557 0.999971 3.29976
0.999999 -0.00127592 -0.00068234 -0.0027169 0.00128097 0.999971 0.00745492 -0.0122318 0.000672809 -0.00745578 0.999972 3.36347
0.999999 -0.00156006 -0.000732119 -0.00211091 0.00156631 0.999962 0.00861869 -0.0128845 0.000718645 -0.00861983 0.999963 3.42163
0.999999 -0.00125261 -0.000957112 -0.00224674 0.00125992 0.99997 0.00768117 -0.0113477 0.000947461 -0.00768237 0.99997 3.48304
0.999999 -0.0012312 -0.000744117 -0.00539553 0.00123684 0.99997 0.00762893 -0.0107727 0.000734702 -0.00762984 0.999971 3.52911
0.999998 -0.00180903 -0.0010583 -0.00309161 0.00181779 0.999964 0.00833702 -0.0129268 0.00104318 -0.00833893 0.999965 3.56094
0.999999 -0.000985458 -0.00102446 -0.00596162 0.000991961 0.999979 0.00636677 -0.00985093 0.00101817 -0.00636778 0.999979 3.58663
0.999762 0.000347692 -0.0218092 -0.00523956 -0.00023224 0.999986 0.00529608 -0.00734812 0.0218107 -0.00528976 0.999748 3.60468
0.998481 -0.000260574 -0.0550929 -0.0131738 0.000563397 0.999985 0.00548113 -0.0087978 0.0550906 -0.00550384 0.998466 3.61541
0.995179 -0.000560235 -0.098077 -0.0171909 0.00133189 0.999969 0.00780253 -0.0122144 0.0980696 -0.00789554 0.995148 3.62031
0.989747 -0.000719671 -0.14283 -0.0258014 0.00183448 0.999969 0.00767361 -0.0122468 0.14282 -0.00785695 0.989717 3.6209
0.98188 -0.000579873 -0.189501 -0.0329669 0.00201133 0.999971 0.00736158 -0.0116704 0.189491 -0.00760934 0.981853 3.62219
0.97136 -0.000391349 -0.237614 -0.0395314 0.00234262 0.999966 0.00792962 -0.0120142 0.237603 -0.00825915 0.971327 3.62175
0.958536 -0.000162043 -0.284972 -0.0465295 0.00238596 0.999969 0.00745682 -0.0113242 0.284963 -0.00782756 0.958507 3.61988
0.943196 -0.000448626 -0.332237 -0.0531803 0.00286634 0.999973 0.00678705 -0.0107565 0.332225 -0.00735382 0.943171 3.61726
0.925669 0.000131689 -0.378335 -0.0598165 0.00270109 0.999972 0.00695679 -0.010869 0.378326 -0.0074616 0.925642 3.61287
0.905257 -0.000581073 -0.424864 -0.06489 0.00373407 0.999971 0.00658854 -0.0106475 0.424848 -0.0075508 0.905233 3.60867
0.883261 0.00016668 -0.468882 -0.0703322 0.00330612 0.999973 0.00658341 -0.0114822 0.46887 -0.00736504 0.883236 3.60272
0.859019 0.00028674 -0.511944 -0.0752244 0.00386057 0.999968 0.00703795 -0.0114444 0.51193 -0.00802213 0.85899 3.59711
0.832029 -0.000546108 -0.554732 -0.0810878 0.00428511 0.999976 0.00544271 -0.00968466 0.554715 -0.00690558 0.832011 3.592
0.803452 -0.000339971 -0.59537 -0.0857614 0.00424168 0.999978 0.00515314 -0.00934832 0.595355 -0.00666567 0.803435 3.5855
0.77214 0.000259101 -0.635452 -0.089358 0.00450482 0.999973 0.00588156 -0.0101708 0.635436 -0.00740399 0.772118 3.57896
0.74002 -0.000330054 -0.672585 -0.0931085 0.0051274 0.999974 0.00515077 -0.0095044 0.672565 -0.00726029 0.740002 3.57229
0.706014 -0.000888512 -0.708197 -0.0966777 0.00534962 0.999977 0.00407854 -0.00960034 0.708178 -0.00666809 0.706003 3.5647
0.669344 -2.14656e-05 -0.742953 -0.100791 0.00430501 0.999983 0.00384959 -0.00866531 0.742941 -0.00577512 0.669333 3.55772
0.630037 -0.000301379 -0.776565 -0.102106 0.00497445 0.999981 0.00364775 -0.00945703 0.776549 -0.0061612 0.630027 3.54986
0.591294 0.000377669 -0.806456 -0.104955 0.00451106 0.999983 0.00377581 -0.00905591 0.806444 -0.00587059 0.591282 3.54252
0.549565 -7.23225e-06 -0.835451 -0.106444 0.00530747 0.99998 0.00348264 -0.00895429 0.835434 -0.00634807 0.549554 3.5353
0.507952 0.000649496 -0.861385 -0.109113 0.00469805 0.999983 0.0035244 -0.00849403 0.861373 -0.00583705 0.50794 3.52722
0.464319 0.000635089 -0.885668 -0.110022 0.00388253 0.999989 0.00275252 -0.00864517 0.88566 -0.00471668 0.464311 3.51905
0.419334 0.00142399 -0.907831 -0.110843 0.00441036 0.999984 0.00360572 -0.00914729 0.907821 -0.00551586 0.419321 3.51069
0.373894 0.000187648 -0.927471 -0.111391 0.00475842 0.999986 0.00212059 -0.00831175 0.927459 -0.00520618 0.373888 3.50317
0.326866 8.31439e-05 -0.945071 -0.111655 0.00470734 0.999987 0.00171607 -0.0081137 0.945059 -0.0050097 0.326861 3.49471
0.279099 0.000894427 -0.960262 -0.110804 0.00424601 0.999989 0.00216553 -0.00837234 0.960253 -0.00468168 0.279092 3.48764
0.232766 0.000367339 -0.972533 -0.109816 0.00435228 0.99999 0.00141939 -0.00826965 0.972523 -0.00456312 0.232762 3.47835
0.202534 0.000717511 -0.979275 -0.108698 0.0050703 0.999986 0.00178133 -0.00885556 0.979262 -0.005326 0.202528 3.47439
0.187719 0.00105947 -0.982222 -0.107855 0.00420407 0.999989 0.00188211 -0.00886195 0.982214 -0.00448264 0.187713 3.47149
0.179611 0.0009871 -0.983737 -0.10756 0.00462848 0.999988 0.00184847 -0.0092721 0.983727 -0.00488521 0.179604 3.47088
0.178007 0.00129849 -0.984028 -0.108289 0.00441079 0.999988 0.00211745 -0.0094831 0.984019 -0.00471726 0.177999 3.46869
0.174498 0.00121261 -0.984657 -0.121032 0.005091 0.999985 0.0021337 -0.00937071 0.984644 -0.00538521 0.174489 3.47193
0.172966 -0.000154128 -0.984928 -0.148664 0.00474879 0.999988 0.000677467 -0.00741358 0.984916 -0.0047944 0.172965 3.47694
0.17191 5.93545e-05 -0.985113 -0.183621 0.00614137 0.999981 0.00113197 -0.00815714 0.985094 -0.00624453 0.171906 3.48302
0.171655 0.000512122 -0.985157 -0.225889 0.00480137 0.999988 0.00135643 -0.00833408 0.985145 -0.00496294 0.17165 3.49011
0.171295 -7.07329e-05 -0.98522 -0.260358 0.00546522 0.999985 0.000878418 -0.00766142 0.985205 -0.00553491 0.171293 3.49571
0.171311 0.00024831 -0.985217 -0.298143 0.00510297 0.999986 0.00113934 -0.00795506 0.985204 -0.00522271 0.171307 3.50274
0.169642 0.000384839 -0.985506 -0.341328 0.00536481 0.999985 0.00131397 -0.00801913 0.985491 -0.00550995 0.169637 3.51016
0.151342 0.00126098 -0.988481 -0.38737 0.00438579 0.999988 0.00194715 -0.0101074 0.988472 -0.00462995 0.151334 3.51421
0.117329 0.00165132 -0.993092 -0.436091 0.00426526 0.999989 0.0021667 -0.00965354 0.993084 -0.00449001 0.117321 3.51741
0.0752892 0.000646714 -0.997162 -0.476954 0.00498901 0.999987 0.00102523 -0.0092981 0.997149 -0.00505203 0.075285 3.51673
0.0313042 0.000419781 -0.99951 -0.516746 0.00552931 0.999985 0.000593156 -0.00861988 0.999495 -0.00554517 0.0313014 3.51529
0.0036997 0.000653812 -0.999993 -0.562463 0.00491604 0.999988 0.000671997 -0.00862835 0.999981 -0.00491849 0.00369644 3.51621
-0.0108145 0.000268632 -0.999941 -0.612546 0.00521964 0.999986 0.000212193 -0.00878729 0.999928 -0.00521704 -0.0108157 3.51649
-0.0179773 0.00116357 -0.999838 -0.664878 0.00422839 0.99999 0.00108772 -0.00922344 0.999829 -0.00420815 -0.0179821 3.5173
-0.0234449 0.000425636 -0.999725 -0.706105 0.00484681 0.999988 0.000312084 -0.00838742 0.999713 -0.00483816 -0.0234467 3.51962
-0.0452175 0.000203097 -0.998977 -0.734748 0.0050427 0.999987 -2.4949e-05 -0.00864119 0.998964 -0.00503867 -0.0452179 3.51805
-0.0803326 1.39291e-05 -0.996768 -0.754126 0.00495798 0.999988 -0.000385604 -0.00755584 0.996756 -0.00497293 -0.0803317 3.51313
-0.123085 0.000783143 -0.992396 -0.766219 0.00468001 0.999989 0.000208681 -0.00818857 0.992385 -0.00461874 -0.123088 3.50745
-0.169049 0.000147862 -0.985608 -0.774856 0.00461476 0.999989 -0.00064149 -0.00785975 0.985597 -0.00465678 -0.169048 3.50175
-0.21525 4.79365e-05 -0.976559 -0.778071 0.00500357 0.999987 -0.00105378 -0.0082129 0.976546 -0.0051131 -0.215247 3.49455
-0.262824 0.000511324 -0.964844 -0.780088 0.00426118 0.999991 -0.0006308 -0.00881529 0.964834 -0.00427716 -0.262824 3.48859
-0.30936 0.000543348 -0.950945 -0.77905 0.00421668 0.999991 -0.000800396 -0.00904395 0.950936 -0.00425744 -0.30936 3.48228
-0.356403 0.000562028 -0.934332 -0.77723 0.00415748 0.999991 -0.000984354 -0.00888896 0.934323 -0.00423529 -0.356402 3.47623
-0.402944 0.00091473 -0.915224 -0.773743 0.00428741 0.99999 -0.000888163 -0.00903023 0.915214 -0.00428182 -0.402945 3.47097
-0.448305 0.00129406 -0.89388 -0.769289 0.00368639 0.999993 -0.00040114 -0.00955801 0.893873 -0.00347502 -0.448306 3.46552
-0.492067 0.000585151 -0.870557 -0.7644 0.00437224 0.999989 -0.00179918 -0.00887865 0.870546 -0.0046916 -0.492064 3.46033
-0.534922 0.000395742 -0.844902 -0.758077 0.00290311 0.999995 -0.00136962 -0.00925646 0.844897 -0.00318548 -0.53492 3.45617
-0.577135 0.000483451 -0.816649 -0.75315 0.0040571 0.999989 -0.00227521 -0.00866066 0.816639 -0.00462633 -0.577131 3.45043
-0.616936 -9.41914e-05 -0.787013 -0.746527 0.00370202 0.999989 -0.00302168 -0.00844089 0.787004 -0.00477773 -0.616929 3.44646
-0.655499 -0.000151115 -0.755196 -0.740448 0.00301951 0.999991 -0.00282099 -0.00799435 0.75519 -0.00412947 -0.655493 3.44258
-0.692233 0.000606559 -0.721674 -0.732934 0.00353326 0.999991 -0.00254864 -0.00867458 0.721665 -0.00431412 -0.692229 3.43916
-0.727406 0.000571162 -0.686207 -0.725293 0.00331643 0.999991 -0.0026832 -0.00862323 0.686199 -0.00422753 -0.727401 3.4363
-0.760852 0.000416566 -0.648925 -0.718365 0.00329479 0.999989 -0.00322115 -0.00860233 0.648917 -0.0045889 -0.760845 3.43372
-0.792164 -1.42177e-05 -0.610309 -0.70978 0.00267276 0.99999 -0.00349247 -0.00858981 0.610303 -0.00439781 -0.792156 3.43049
-0.822143 -0.000175266 -0.569282 -0.702162 0.00202163 0.999993 -0.00322745 -0.0089457 0.569278 -0.0038043 -0.822136 3.42925
-0.849138 3.59083e-05 -0.528171 -0.694599 0.00183811 0.999994 -0.00288714 -0.00873708 0.528167 -0.00342241 -0.849133 3.42734
-0.874831 0.00066838 -0.484427 -0.68686 0.00253236 0.999992 -0.0031935 -0.00902894 0.484421 -0.00402052 -0.874826 3.42654
-0.897943 0.000951941 -0.440111 -0.678735 0.00202026 0.999996 -0.00195892 -0.00944597 0.440107 -0.00264813 -0.897941 3.42546
-0.918756 0.00047196 -0.394826 -0.670862 0.00152339 0.999996 -0.00234956 -0.00951599 0.394824 -0.00276014 -0.918753 3.42517
-0.937436 0.000726934 -0.348157 -0.661843 0.00152104 0.999997 -0.00200757 -0.00950766 0.348155 -0.00241153 -0.937434 3.42463
-0.953574 -0.000620902 -0.301158 -0.654427 0.000160208 0.999997 -0.00256898 -0.00918589 0.301159 -0.00249796 -0.953571 3.42514
-0.967652 0.000294033 -0.252288 -0.646773 0.000682102 0.999999 -0.00145074 -0.00981469 0.252287 -0.0015759 -0.967651 3.4267
-0.978934 -0.000598166 -0.204176 -0.637797 -0.000153079 0.999998 -0.00219571 -0.00933712 0.204176 -0.0021182 -0.978932 3.42684
-0.987757 -0.000311139 -0.156 -0.630547 0.000217764 0.999994 -0.0033733 -0.00843445 0.156 -0.00336597 -0.987751 3.42826
-0.994356 -0.000381905 -0.106097 -0.622961 7.24184e-05 0.999991 -0.00427825 -0.00787004 0.106098 -0.00426179 -0.994347 3.43024
-0.998345 -0.000153864 -0.0575072 -0.615282 8.7363e-06 0.999996 -0.00282722 -0.00879079 0.0575074 -0.00282305 -0.998341 3.43183
-0.999639 -0.000713755 -0.0268416 -0.611749 -0.000630452 0.999995 -0.00311182 -0.00853493 0.0268437 -0.00309378 -0.999635 3.4198
-0.999919 -0.00130868 -0.0126527 -0.609902 -0.00127132 0.999995 -0.00296043 -0.00850086 0.0126565 -0.00294411 -0.999916 3.39354
-0.999993 -0.000871492 -0.00368037 -0.610395 -0.000861999 0.999996 -0.00258021 -0.00868388 0.00368261 -0.00257702 -0.99999 3.3588
-0.999999 -0.00106472 0.000186362 -0.610139 -0.00106519 0.999996 -0.00251867 -0.00895699 -0.00018368 -0.00251886 -0.999997 3.31645
-0.999998 -0.0016606 0.0014416 -0.609191 -0.00166385 0.999996 -0.00225367 -0.00909354 -0.00143785 -0.00225606 -0.999996 3.26911
-0.999995 -0.00141106 0.00293909 -0.610027 -0.00141541 0.999998 -0.00147786 -0.00963609 -0.002937 -0.00148201 -0.999995 3.21813
-0.999991 -0.00126935 0.0039998 -0.610929 -0.00128 0.999996 -0.00266171 -0.00957392 -0.00399641 -0.0026668 -0.999988 3.1651
-0.999991 -0.000965255 0.00424821 -0.611394 -0.000976398 0.999996 -0.00262164 -0.00928734 -0.00424566 -0.00262576 -0.999988 3.10974
-0.999993 -0.00177727 0.003362 -0.609493 -0.0017864 0.999995 -0.00271228 -0.00963778 -0.00335716 -0.00271827 -0.999991 3.0525
-0.999993 -0.00159413 0.00341258 -0.609322 -0.00160501 0.999994 -0.00318799 -0.00914701 -0.00340748 -0.00319344 -0.999989 2.99479
-0.999992 -0.00151903 0.00380435 -0.609454 -0.00153173 0.999993 -0.00333897 -0.00898423 -0.00379925 -0.00334477 -0.999987 2.93605
-0.999992 -0.0013016 0.00385058 -0.609766 -0.00131 0.999997 -0.00217989 -0.0104071 -0.00384773 -0.00218491 -0.99999 2.87795
-0.99999 -0.00174372 0.00401453 -0.60966 -0.00175436 0.999995 -0.0026502 -0.0103585 -0.00400989 -0.00265722 -0.999988 2.8195
-0.999991 -0.00130429 0.00411807 -0.609619 -0.00131338 0.999997 -0.00220511 -0.0103944 -0.00411518 -0.0022105 -0.999989 2.75939
-0.999991 -0.00157027 0.00400337 -0.609398 -0.00157977 0.999996 -0.00236933 -0.0112339 -0.00399963 -0.00237563 -0.999989 2.69942
-0.99999 -0.0019909 0.00405855 -0.609006 -0.00200356 0.999993 -0.00311906 -0.0105619 -0.00405231 -0.00312716 -0.999987 2.63998
-0.999994 -0.00135596 0.00333035 -0.608252 -0.00136745 0.999993 -0.00345183 -0.0103287 -0.00332565 -0.00345637 -0.999988 2.58022
-0.999993 -0.00212273 0.00320475 -0.607878 -0.00213063 0.999995 -0.00246559 -0.0109884 -0.0031995 -0.0024724 -0.999992 2.51978
-0.999993 -0.00187534 0.00330791 -0.607952 -0.00188345 0.999995 -0.00245052 -0.0113818 -0.0033033 -0.00245673 -0.999992 2.46047
-0.999993 -0.00130752 0.00355546 -0.607784 -0.00131308 0.999998 -0.00156055 -0.012244 -0.00355342 -0.00156521 -0.999992 2.4005
-0.999992 -0.00191947 0.00348993 -0.607839 -0.00192823 0.999995 -0.00250767 -0.0119425 -0.0034851 -0.00251438 -0.999991 2.33969
-0.99999 -0.00237031 0.00387659 -0.607267 -0.00238069 0.999994 -0.00267667 -0.0113575 -0.00387022 -0.00268587 -0.999989 2.27968
-0.999992 -0.00185743 0.00365609 -0.606508 -0.00186865 0.999994 -0.00306772 -0.0110157 -0.00365037 -0.00307452 -0.999989 2.21972
-0.999989 -0.00197046 0.00418127 -0.607762 -0.00197567 0.999997 -0.00124048 -0.0140795 -0.00417882 -0.00124873 -0.99999 2.16004
-0.999989 -0.00223174 0.00404362 -0.607451 -0.00223817 0.999996 -0.00158546 -0.0142719 -0.00404007 -0.0015945 -0.999991 2.10132
-0.99999 -0.00162752 0.00422976 -0.606985 -0.00163354 0.999998 -0.001418 -0.014891 -0.00422744 -0.00142489 -0.99999 2.04191
-0.999991 -0.00275066 0.00320254 -0.605524 -0.00275012 0.999996 0.00017394 -0.0165817 -0.00320301 0.000165131 -0.999995 1.98114
-0.999991 -0.00238437 0.00347832 -0.605342 -0.00238937 0.999996 -0.00143292 -0.0160482 -0.00347489 -0.00144122 -0.999993 1.92063
-0.999991 -0.00250308 0.00351151 -0.605768 -0.00250429 0.999997 -0.00034023 -0.0163485 -0.00351065 -0.000349021 -0.999994 1.8604
-0.999988 -0.00254749 0.00417662 -0.605425 -0.00254874 0.999997 -0.000293632 -0.016673 -0.00417586 -0.000304273 -0.999991 1.80094
-0.99999 -0.00273247 0.00355113 -0.604458 -0.00273453 0.999996 -0.000575173 -0.0168508 -0.00354954 -0.000584878 -0.999994 1.74102
-0.99999 -0.00276656 0.0034097 -0.603932 -0.00276704 0.999996 -0.000134914 -0.0175362 -0.00340932 -0.000144347 -0.999994 1.68175
-0.999989 -0.0028109 0.0037541 -0.60356 -0.00280865 0.999996 0.0006042 -0.0187678 -0.00375578 0.000593649 -0.999993 1.62256
-0.999989 -0.00281541 0.00373469 -0.604172 -0.00281613 0.999996 -0.000186585 -0.0180218 -0.00373415 -0.0001971 -0.999993 1.56217
-0.99999 -0.00243628 0.00373522 -0.602979 -0.00243752 0.999997 -0.000325622 -0.0182865 -0.00373442 -0.000334724 -0.999993 1.50293
-0.99999 -0.00247047 0.00382618 -0.604055 -0.00246943 0.999997 0.000278698 -0.0191896 -0.00382686 0.000269246 -0.999993 1.44264
-0.999989 -0.00237454 0.00403894 -0.603507 -0.00237286 0.999997 0.000421188 -0.0189592 -0.00403993 0.0004116 -0.999992 1.38219
-0.999988 -0.00258565 0.00411319 -0.603475 -0.00258359 0.999997 0.000505209 -0.0194754 -0.00411448 0.000494576 -0.999991 1.323
-0.999988 -0.00290903 0.00382082 -0.603056 -0.00290458 0.999995 0.00116948 -0.0205046 -0.0038242 0.00115837 -0.999992 1.26288
-0.999986 -0.00283586 0.0043846 -0.603203 -0.00283095 0.999995 0.00112634 -0.0200527 -0.00438777 0.00111391 -0.99999 1.20334
-0.999987 -0.00350411 0.00379875 -0.601964 -0.00349889 0.999993 0.00138041 -0.0209621 -0.00380357 0.0013671 -0.999992 1.14415
-0.999981 -0.00387867 0.00469875 -0.601713 -0.00387387 0.999992 0.00102969 -0.0201801 -0.0047027 0.00101147 -0.999988 1.0847
-0.999986 -0.00261447 0.00459316 -0.602306 -0.00261116 0.999996 0.00072634 -0.0202619 -0.00459504 0.000714336 -0.999989 1.02268
-0.999984 -0.0028923 0.00483912 -0.601394 -0.00288387 0.999994 0.00174784 -0.0209323 -0.00484414 0.00173386 -0.999987 0.961583
-0.999985 -0.00259222 0.00491695 -0.601968 -0.00258516 0.999996 0.00144133 -0.0215156 -0.00492066 0.0014286 -0.999987 0.902367
-0.999984 -0.00213772 0.00526309 -0.6017 -0.00213972 0.999998 -0.000374431 -0.01949 -0.00526228 -0.000385687 -0.999986 0.841545
-0.999983 -0.00310532 0.00499641 -0.60227 -0.00310183 0.999995 0.000706828 -0.0195107 -0.00499858 0.000691318 -0.999987 0.779448
-0.999982 -0.00320287 0.00513732 -0.601889 -0.00320651 0.999995 -0.000700861 -0.0177696 -0.00513505 -0.000717321 -0.999987 0.719754
-0.999983 -0.00325402 0.0048498 -0.600384 -0.00325778 0.999994 -0.000767364 -0.0170564 -0.00484727 -0.000783151 -0.999988 0.656878
-0.999983 -0.00348408 0.00463686 -0.599475 -0.00347875 0.999993 0.00115768 -0.018918 -0.00464086 0.00114153 -0.999989 0.598562
-0.999982 -0.00317115 0.00499866 -0.600503 -0.00316299 0.999994 0.00163917 -0.0221241 -0.00500383 0.00162333 -0.999986 0.537969
-0.999979 -0.00283672 0.00583434 -0.602373 -0.00282503 0.999994 0.00200963 -0.0224873 -0.00584001 0.00199311 -0.999981 0.477833
-0.999981 -0.0029937 0.00546265 -0.601119 -0.00298351 0.999994 0.0018722 -0.0226019 -0.00546822 0.00185587 -0.999983 0.430675
-0.999995 -0.00246068 0.00216048 -0.598916 -0.00245899 0.999997 0.000785897 -0.0204549 -0.0021624 0.00078058 -0.999997 0.398711
-0.999253 -0.00360204 -0.0384876 -0.601866 -0.00362945 0.999993 0.000642456 -0.0204659 0.038485 0.000781665 -0.999259 0.372086
-0.994296 -0.00223502 -0.106632 -0.614338 -0.00250687 0.999994 0.00241538 -0.0238788 0.106626 0.00266892 -0.994296 0.351738
-0.981923 -0.00201878 -0.189271 -0.626913 -0.00250775 0.999994 0.00234401 -0.0236596 0.189265 0.00277628 -0.981922 0.336718
-0.960852 -0.000975176 -0.277059 -0.643774 -0.00137283 0.999998 0.0012413 -0.0231765 0.277058 0.00157306 -0.960852 0.326045
-0.928345 -0.0012742 -0.371718 -0.658024 -0.00202751 0.999997 0.00163574 -0.0248066 0.371714 0.00227219 -0.928344 0.319775
-0.889396 -0.00183146 -0.457133 -0.673063 -0.00264488 0.999996 0.00113947 -0.0240777 0.457129 0.0022225 -0.889397 0.315574
-0.840162 -0.00123538 -0.542335 -0.68971 -0.00183307 0.999998 0.00056181 -0.0243522 0.542333 0.00146615 -0.840162 0.315491
-0.781903 -0.00161799 -0.623399 -0.705399 -0.00237535 0.999997 0.000383872 -0.0240989 0.623396 0.00178094 -0.781904 0.31718
-0.716873 -0.00170571 -0.697201 -0.720415 -0.0019116 0.999998 -0.00048096 -0.0237895 0.697201 0.000987985 -0.716875 0.321059
-0.643686 -0.00142594 -0.765288 -0.734574 -0.00175016 0.999998 -0.00039121 -0.0241489 0.765287 0.00108756 -0.643688 0.327482
-0.564181 -0.000833639 -0.825651 -0.747237 -0.000934434 0.999999 -0.000371161 -0.0247967 0.825651 0.000562114 -0.564181 0.336201
-0.479436 -0.000808762 -0.877577 -0.761172 -0.000425434 1 -0.000689163 -0.0244781 0.877577 4.29417e-05 -0.479436 0.345039
-0.390748 -0.000941784 -0.920497 -0.78403 -0.00099851 0.999999 -0.00059926 -0.0248567 0.920497 0.000684967 -0.390748 0.348725
-0.334615 -0.00106938 -0.942354 -0.815372 -0.000611159 0.999999 -0.000917784 -0.0249423 0.942355 0.000268825 -0.334615 0.343857
-0.3061 -0.00173749 -0.951998 -0.851182 -0.000529145 0.999998 -0.00165495 -0.0231306 0.951999 -2.83627e-06 -0.3061 0.333939
-0.29049 -0.000731122 -0.956878 -0.890619 -0.000279271 1 -0.000679289 -0.0240337 0.956878 6.9902e-05 -0.29049 0.320874
-0.282053 0.000349333 -0.959399 -0.920286 -0.000318095 1 0.000457633 -0.0268126 0.959399 0.000434257 -0.282053 0.31017
-0.2775 -0.00023287 -0.960725 -0.943314 -0.000766317 1 -2.10435e-05 -0.0259252 0.960725 0.000730381 -0.277501 0.301666
-0.272921 0.000325274 -0.962036 -0.959636 -0.000510762 1 0.000483008 -0.0271174 0.962036 0.000623195 -0.272921 0.295683
-0.233707 0.000906215 -0.972307 -0.974519 -0.000606819 0.999999 0.00107788 -0.0277209 0.972307 0.000841923 -0.233707 0.297218
-0.165494 -0.000427929 -0.986211 -0.989812 -0.000491358 1 -0.000351458 -0.0258581 0.986211 0.000426419 -0.165494 0.304446
-0.0829072 -0.000187382 -0.996557 -1.00287 -0.000221772 1 -0.000169579 -0.0259247 0.996557 0.000206949 -0.0829072 0.312922
0.00523952 0.00145549 -0.999985 -1.00975 -0.000562738 0.999999 0.00145256 -0.0293513 0.999986 0.000555119 0.00524033 0.329032
0.0619081 0.00177133 -0.99808 -1.02921 -0.000213358 0.999998 0.0017615 -0.0298999 0.998082 0.000103897 0.0619083 0.335843
0.0906417 0.00170826 -0.995882 -1.05669 0.000525384 0.999998 0.00176314 -0.0292511 0.995883 -0.000683034 0.0906406 0.340545
0.105217 0.00148661 -0.994448 -1.09597 -0.000376444 0.999999 0.00145508 -0.0299902 0.994449 0.000221255 0.105217 0.344352
0.11384 0.00330585 -0.993494 -1.14023 -0.000111262 0.999995 0.00331474 -0.0326447 0.993499 -0.000266813 0.11384 0.345386
0.118097 0.00118906 -0.993001 -1.1882 -0.000978356 0.999999 0.00108108 -0.0293309 0.993002 0.000843837 0.118098 0.350566
0.120883 0.00122781 -0.992666 -1.22918 -0.000459809 0.999999 0.00118089 -0.0285372 0.992667 0.000313686 0.120884 0.350916
0.121169 0.0030337 -0.992627 -1.26653 -0.000738697 0.999995 0.00296604 -0.0327812 0.992632 0.000373857 0.121171 0.357708
0.121439 0.00365554 -0.992592 -1.3128 -0.000355394 0.999993 0.00363931 -0.0336153 0.992599 -8.91931e-05 0.121439 0.361858
0.122328 0.00226873 -0.992487 -1.3664 -0.000124451 0.999997 0.00227056 -0.0312991 0.99249 -0.000154238 0.122328 0.366744
0.123922 0.000901557 -0.992291 -1.41596 -0.000539348 1 0.000841203 -0.0285357 0.992292 0.000430946 0.123923 0.376536
0.164826 0.00542481 -0.986308 -1.45493 -0.00129403 0.999985 0.00528379 -0.0367272 0.986322 0.000405412 0.16483 0.381963
0.231685 0.00413082 -0.972782 -1.48573 -0.000990408 0.999991 0.00401048 -0.0346746 0.97279 3.4282e-05 0.231687 0.399743
0.311536 0.00317174 -0.950229 -1.50704 -0.00114231 0.999995 0.00296335 -0.0329439 0.950234 0.000162267 0.311538 0.414255
0.399205 0.00451161 -0.916851 -1.52396 -0.0012692 0.99999 0.0043681 -0.0356626 0.916861 -0.000580104 0.399206 0.430371
0.480194 0.00204466 -0.87716 -1.53354 -0.000753899 0.999998 0.00191828 -0.030827 0.877162 -0.000259856 0.480194 0.447437
0.53062 0.00354124 -0.847603 -1.53832 -0.000809463 0.999993 0.00367117 -0.0336615 0.84761 -0.00126189 0.530619 0.455539
0.556361 0.00428868 -0.830929 -1.54305 -0.000236817 0.999987 0.00500268 -0.03552 0.83094 -0.00258652 0.556355 0.459805
0.572471 0.00509705 -0.819909 -1.5446 -0.00155689 0.999986 0.00512947 -0.0360986 0.819924 -0.00165997 0.572471 0.459833
0.610288 0.00532151 -0.792162 -1.54523 -0.00246384 0.999985 0.00481944 -0.0371365 0.792176 -0.000989489 0.610292 0.470636
0.666022 0.00467672 -0.745918 -1.54117 -0.00149255 0.999987 0.00493698 -0.0352946 0.745931 -0.00217481 0.66602 0.478436
0.727157 0.00439736 -0.686457 -1.53721 -0.00179362 0.999988 0.00450585 -0.0360303 0.686469 -0.00204522 0.727156 0.494706
0.787328 0.00555855 -0.616509 -1.53208 -0.00346587 0.999983 0.00458986 -0.0387064 0.616524 -0.00147698 0.787334 0.507038
0.843081 0.00554351 -0.537757 -1.52334 -0.0035992 0.999983 0.00466567 -0.0391349 0.537774 -0.00199804 0.843087 0.520032
0.891825 0.00533766 -0.452349 -1.51525 -0.0041599 0.999985 0.00359827 -0.0389196 0.452362 -0.0013273 0.891834 0.529918
0.932652 0.00585303 -0.360731 -1.50584 -0.00500376 0.999982 0.00328823 -0.0384448 0.360744 -0.00126177 0.932664 0.540204
0.963219 0.00472912 -0.268676 -1.4913 -0.00407461 0.999987 0.00299364 -0.0392549 0.268687 -0.00178878 0.963226 0.552459
0.984719 0.00467917 -0.174086 -1.48123 -0.00418424 0.999986 0.00320994 -0.0392958 0.174098 -0.00243248 0.984725 0.574222
0.993403 0.0048745 -0.114572 -1.47882 -0.00458223 0.999986 0.0028142 -0.0400794 0.114584 -0.00227064 0.993411 0.604146
0.996582 0.00501689 -0.0824584 -1.48177 -0.00478337 0.999984 0.00302917 -0.0402412 0.0824723 -0.00262439 0.99659 0.640502
0.997704 0.00437245 -0.0675781 -1.48411 -0.00423489 0.999989 0.0021788 -0.0391726 0.0675868 -0.00188761 0.997712 0.68366
0.998258 0.00351483 -0.0589007 -1.48718 -0.00334083 0.99999 0.00305238 -0.040055 0.0589108 -0.00285028 0.998259 0.719697
0.998503 0.0044108 -0.0545145 -1.49194 -0.00429463 0.999988 0.0022479 -0.0392444 0.0545237 -0.00201042 0.99851 0.756381
0.998614 0.00451572 -0.0524399 -1.49613 -0.00441385 0.999988 0.00205817 -0.0388662 0.0524485 -0.00182385 0.998622 0.799695
0.998681 0.00452995 -0.0511351 -1.49969 -0.00440615 0.999987 0.00253355 -0.038926 0.0511459 -0.0023049 0.998689 0.846987
0.998683 0.00414079 -0.051142 -1.50263 -0.00399422 0.999988 0.00296795 -0.0400129 0.0511536 -0.00275977 0.998687 0.898871
0.998748 0.00401051 -0.04986 -1.50694 -0.0038788 0.999989 0.00273812 -0.0393313 0.0498704 -0.0025413 0.998752 0.952279
0.998711 0.00427716 -0.0505729 -1.50915 -0.00413026 0.999987 0.003009 -0.0401965 0.0505851 -0.00279624 0.998716 1.0086
0.998686 0.00430687 -0.0510622 -1.51203 -0.00414834 0.999986 0.00321028 -0.0401789 0.0510753 -0.00299424 0.99869 1.06514
0.998713 0.00445585 -0.0505219 -1.51591 -0.0043345 0.999987 0.00251115 -0.0393738 0.0505325 -0.00228893 0.99872 1.12362
0.998715 0.00430636 -0.0504945 -1.51882 -0.00416646 0.999987 0.00287551 -0.0390965 0.0505062 -0.00266143 0.99872 1.17991
0.998708 0.00349857 -0.0506879 -1.52156 -0.00335747 0.99999 0.0028686 -0.0387197 0.0506975 -0.00269471 0.99871 1.23888
0.998697 0.00369331 -0.0508902 -1.52515 -0.00353887 0.999989 0.0031246 -0.0384616 0.0509011 -0.00294044 0.998699 1.29744
0.998691 0.00328133 -0.0510455 -1.52794 -0.00312278 0.99999 0.00318547 -0.038348 0.0510554 -0.00302189 0.998691 1.35739
0.998701 0.0033442 -0.0508497 -1.53127 -0.00313762 0.999987 0.0041418 -0.0386618 0.0508628 -0.00397687 0.998698 1.4166
0.99871 0.00383094 -0.0506395 -1.53597 -0.00368969 0.999989 0.00288258 -0.0390754 0.0506499 -0.00269201 0.998713 1.47539
0.99872 0.00394588 -0.0504263 -1.53891 -0.00376747 0.999986 0.00363263 -0.0394436 0.05044 -0.003438 0.998721 1.53447
0.998711 0.00392344 -0.050609 -1.54203 -0.00381212 0.99999 0.00229613 -0.0379369 0.0506175 -0.00210024 0.998716 1.59474
0.998679 0.00441607 -0.0511939 -1.54515 -0.00427648 0.999987 0.00283593 -0.0382339 0.0512058 -0.00261325 0.998685 1.65217
0.998846 0.00412863 -0.0478535 -1.54699 -0.00407995 0.999991 0.00111487 -0.0358917 0.0478577 -0.00091834 0.998854 1.69974
0.99995 0.00428656 -0.00898572 -1.54273 -0.00426982 0.999989 0.00188148 -0.0359256 0.00899369 -0.00184302 0.999958 1.7359
0.99825 0.00261431 0.0590756 -1.53205 -0.00275844 0.999993 0.00235836 -0.0379507 -0.059069 -0.00251719 0.998251 1.76308
0.989816 0.00180257 0.14234 -1.51937 -0.00225325 0.999993 0.00300508 -0.0382386 -0.142333 -0.0032952 0.989813 1.7842
0.973418 0.00128632 0.229034 -1.50416 -0.00182923 0.999996 0.00215815 -0.0383285 -0.22903 -0.00251974 0.973416 1.81231
0.958957 0.0014278 0.283547 -1.49026 -0.00204978 0.999996 0.00189692 -0.0384828 -0.283543 -0.00240027 0.958957 1.84795
0.950642 0.00133183 0.310288 -1.47695 -0.00203714 0.999996 0.00194903 -0.0383565 -0.310285 -0.00248493 0.95064 1.88905
0.946454 0.00133124 0.322836 -1.46471 -0.00212852 0.999995 0.00211659 -0.0395511 -0.322831 -0.00269042 0.946453 1.93432
0.950181 0.00154892 0.311694 -1.4544 -0.00218209 0.999996 0.00168262 -0.0390345 -0.31169 -0.00227894 0.950181 1.98115
0.959283 0.00195181 0.282439 -1.44828 -0.00248743 0.999996 0.00153784 -0.0382026 -0.282435 -0.00217777 0.959284 2.02159
0.969798 3.87475e-06 0.243909 -1.44683 -0.000984915 0.999992 0.0039002 -0.0398259 -0.243907 -0.00402263 0.96979 2.04731
0.979586 0.0022611 0.201011 -1.44951 -0.0027583 0.999994 0.00219346 -0.0383432 -0.201004 -0.00270313 0.979587 2.06701
0.987962 0.00185497 0.154683 -1.45343 -0.00224823 0.999995 0.0023675 -0.0380367 -0.154678 -0.00268676 0.987961 2.08116
0.99436 0.00155174 0.106046 -1.4581 -0.00182936 0.999995 0.00252067 -0.0376023 -0.106042 -0.00270045 0.994358 2.09078
0.99838 0.0002452 0.0568991 -1.46361 -0.000476462 0.999992 0.0040509 -0.0383343 -0.0568977 -0.00407144 0.998372 2.09498
0.999961 0.00276496 0.00840704 -1.47006 -0.00278163 0.999994 0.00197249 -0.0372329 -0.00840153 -0.00199579 0.999963 2.0987
0.999134 0.00313214 -0.0415015 -1.47691 -0.00304262 0.999993 0.00222003 -0.0371399 0.0415082 -0.00209184 0.999136 2.11281
0.996012 0.0031923 -0.0891606 -1.48417 -0.00300013 0.999993 0.00228919 -0.0368196 0.0891673 -0.00201257 0.996015 2.1388
0.992723 0.00178132 -0.12041 -1.48811 -0.00135455 0.999993 0.00362608 -0.0377209 0.120415 -0.0034366 0.992718 2.17378
0.990852 0.00277761 -0.134924 -1.4931 -0.00246293 0.999994 0.00249911 -0.0370573 0.13493 -0.00214394 0.990853 2.21664
0.989763 0.00264893 -0.142694 -1.49915 -0.00230375 0.999994 0.00258417 -0.0363658 0.1427 -0.00222899 0.989764 2.26425
0.989189 0.00243363 -0.146625 -1.50472 -0.00219617 0.999996 0.00178136 -0.0364182 0.146629 -0.00144009 0.989191 2.31474
0.988879 0.00251979 -0.148701 -1.51156 -0.00212005 0.999994 0.00284668 -0.0372754 0.148708 -0.00249976 0.988878 2.36646
0.988821 0.00219699 -0.14909 -1.51976 -0.00178103 0.999994 0.00292342 -0.0366927 0.149096 -0.0026252 0.988819 2.4209
0.988654 0.00276531 -0.150186 -1.5271 -0.00222163 0.99999 0.00378771 -0.0393418 0.150195 -0.00341108 0.98865 2.47766
0.988617 0.00246152 -0.150431 -1.53535 -0.00201348 0.999993 0.00313055 -0.0380955 0.150438 -0.00279203 0.988616 2.53453
0.988644 0.0035989 -0.150233 -1.54488 -0.00304429 0.999988 0.00392147 -0.0393391 0.150246 -0.00341958 0.988643 2.59101
0.988541 0.00278756 -0.150925 -1.55205 -0.00234465 0.999992 0.00311251 -0.0384056 0.150933 -0.00272298 0.98854 2.65142
0.988514 0.00289498 -0.151103 -1.56138 -0.0025679 0.999994 0.00235967 -0.0378768 0.151109 -0.00194455 0.988515 2.71023
0.988347 0.00192665 -0.152205 -1.56762 -0.00148769 0.999994 0.00299782 -0.0361156 0.15221 -0.00273645 0.988344 2.76996
0.988482 0.00256262 -0.151317 -1.57674 -0.00219732 0.999994 0.00258129 -0.0360971 0.151323 -0.00221906 0.988482 2.82749
0.988498 0.00250144 -0.151213 -1.58616 -0.00208792 0.999994 0.00289342 -0.0364842 0.15122 -0.00254442 0.988497 2.88587
0.988495 0.00230117 -0.151237 -1.59464 -0.0018388 0.999993 0.00319706 -0.0374237 0.151244 -0.00288218 0.988492 2.94459
0.988473 0.00259929 -0.151374 -1.6035 -0.0022528 0.999994 0.00246044 -0.0367294 0.151379 -0.00209107 0.988474 3.00335
0.988476 0.00248844 -0.151358 -1.61142 -0.00201006 0.999992 0.0033135 -0.0369923 0.151366 -0.00297107 0.988473 3.06092
0.988364 0.00247484 -0.152085 -1.61811 -0.00226778 0.999996 0.00153487 -0.0335463 0.152088 -0.00117212 0.988366 3.11987
0.988776 0.00367533 -0.149361 -1.62449 -0.00327997 0.99999 0.00289326 -0.0370933 0.149371 -0.00237088 0.988778 3.17947
0.994641 -0.00203632 -0.10337 -1.65605 0.00185183 0.999997 -0.00188072 -0.0246577 0.103374 0.00167922 0.994641 3.23786
0.999266 0.00264526 -0.0382189 -1.63636 -0.00255145 0.999994 0.00250315 -0.0366304 0.0382253 -0.0024038 0.999266 3.30424
0.99901 0.00278673 0.0443986 -1.6294 -0.0028936 0.999993 0.00234301 -0.0370137 -0.0443918 -0.00246916 0.999011 3.35365
0.991199 0.00163172 0.132367 -1.62102 -0.00197672 0.999995 0.00247503 -0.0372864 -0.132363 -0.00271491 0.991198 3.39046
0.982151 0.00229521 0.188083 -1.61677 -0.00293296 0.999991 0.00311255 -0.0388669 -0.188074 -0.00360863 0.982148 3.41284
0.976422 0.00235078 0.215858 -1.61382 -0.0029829 0.999992 0.00260268 -0.0374325 -0.21585 -0.0031852 0.976421 3.43091
0.972469 0.00247245 0.233018 -1.61368 -0.00321093 0.999991 0.00278992 -0.0383563 -0.233009 -0.00346132 0.972468 3.44278
0.960146 0.00189785 0.279492 -1.60921 -0.0027932 0.999992 0.00280527 -0.0382611 -0.279484 -0.00347414 0.960144 3.45267
0.937759 0.00219282 0.34728 -1.59717 -0.00319891 0.999992 0.00232378 -0.0391054 -0.347273 -0.00329007 0.937758 3.45651
0.904057 0.00193881 0.427407 -1.58366 -0.00338102 0.999991 0.00261542 -0.0398171 -0.427398 -0.00380956 0.904056 3.46264
0.860954 0.00183357 0.508679 -1.57061 -0.00359711 0.99999 0.00248368 -0.0404381 -0.508669 -0.00396811 0.860953 3.4622
0.808348 0.000216175 0.588706 -1.55357 -0.00234398 0.999993 0.0028513 -0.0404801 -0.588701 -0.00368476 0.808343 3.461
0.748445 -0.000189058 0.663197 -1.53952 -0.00299656 0.999989 0.00366681 -0.0422678 -0.66319 -0.00473172 0.748436 3.45543
0.679945 0.00162619 0.733261 -1.52527 -0.00361414 0.999993 0.00113361 -0.0396093 -0.733254 -0.0034209 0.679946 3.45452
0.634444 0.00109283 0.772968 -1.51751 -0.00374869 0.999992 0.00166309 -0.0397893 -0.772959 -0.00395276 0.634443 3.45074
0.610807 0.0017542 0.791778 -1.51394 -0.00331324 0.999994 0.000340454 -0.0393016 -0.791773 -0.0028313 0.610809 3.44891
0.598209 0.00097456 0.80134 -1.51181 -0.00359251 0.999992 0.0014657 -0.0400528 -0.801332 -0.00375562 0.598208 3.44729
0.591146 0.00217443 0.806562 -1.51079 -0.0045708 0.999989 0.000654135 -0.0391377 -0.806552 -0.00407332 0.59115 3.44821
0.585507 0.000990323 0.810666 -1.50977 -0.00304557 0.999995 0.000978065 -0.0403004 -0.810661 -0.0030416 0.585507 3.44702
0.551494 0.00120927 0.834178 -1.5041 -0.00300208 0.999995 0.000535097 -0.0404913 -0.834173 -0.00279937 0.551495 3.44333
0.492254 0.00204738 0.870449 -1.49608 -0.00455699 0.99999 0.000224976 -0.0404308 -0.87044 -0.00407737 0.492258 3.43509
0.416729 0.00101651 0.90903 -1.48614 -0.00266847 0.999996 0.000105084 -0.0403103 -0.909027 -0.00246951 0.41673 3.42756
0.332176 0.000523523 0.943217 -1.47609 -0.00279422 0.999996 0.000429013 -0.0406699 -0.943213 -0.00277806 0.332176 3.41573
0.243186 0.000485856 0.96998 -1.46617 -0.00217722 0.999998 4.49643e-05 -0.0409956 -0.969977 -0.0021228 0.243186 3.40441
0.186291 0.000646056 0.982494 -1.44731 -0.00170926 0.999998 -0.000333473 -0.0406816 -0.982493 -0.00161721 0.186292 3.3996
0.156433 0.000190481 0.987689 -1.41909 -0.00184157 0.999998 9.88178e-05 -0.0411582 -0.987687 -0.00183435 0.156433 3.40095
0.140986 0.000799429 0.990011 -1.38218 -0.00150735 0.999999 -0.000592835 -0.0402947 -0.99001 -0.00140872 0.140987 3.40599
0.132914 0.0010167 0.991127 -1.34023 -0.00226527 0.999997 -0.000722019 -0.0404539 -0.991125 -0.00214921 0.132916 3.41232
0.128707 0.00167447 0.991681 -1.29304 -0.00248472 0.999996 -0.00136602 -0.0400521 -0.99168 -0.00228824 0.128711 3.41903
0.126827 0.00139922 0.991924 -1.24229 -0.00249493 0.999996 -0.0010916 -0.0396387 -0.991922 -0.00233634 0.12683 3.4259
0.12472 0.00140525 0.992191 -1.19253 -0.00227344 0.999997 -0.00113053 -0.041164 -0.992189 -0.00211468 0.124723 3.43471
0.123726 0.000338739 0.992316 -1.13755 -0.00188223 0.999998 -0.000106678 -0.0416064 -0.992315 -0.00185456 0.123727 3.44278
0.124435 0.000673185 0.992228 -1.08213 -0.00221988 0.999997 -0.000400061 -0.04194 -0.992225 -0.00215285 0.124436 3.44923
0.123643 0.000774883 0.992326 -1.02534 -0.0017554 0.999998 -0.000562153 -0.0403283 -0.992325 -0.00167242 0.123644 3.45731
0.123562 0.000679954 0.992337 -0.968776 -0.00173327 0.999998 -0.000469383 -0.0405382 -0.992335 -0.00166199 0.123563 3.46436
0.120989 0.00052832 0.992654 -0.912173 -0.00156539 0.999999 -0.000341433 -0.0407089 -0.992653 -0.00151258 0.120989 3.47093
0.0812984 0.000775274 0.99669 -0.866304 -0.00164356 0.999998 -0.000643785 -0.0407691 -0.996688 -0.00158578 0.0812996 3.47174
0.012073 0.000791634 0.999927 -0.829898 -0.0016794 0.999998 -0.000771414 -0.0404263 -0.999926 -0.00166996 0.0120743 3.46759
-0.0715821 0.00143613 0.997434 -0.802043 -0.00244152 0.999996 -0.00161504 -0.0401676 -0.997432 -0.00255086 -0.0715782 3.45684
-0.161648 0.00114623 0.986848 -0.780708 -0.00144132 0.999998 -0.00139759 -0.0401638 -0.986847 -0.00164828 -0.161646 3.4433
-0.252932 0.000371566 0.967484 -0.753159 -0.00153625 0.999999 -0.000785677 -0.0413374 -0.967483 -0.00168502 -0.252931 3.42772
-0.30948 -5.97943e-05 0.950906 -0.719662 -0.00223128 0.999997 -0.000663308 -0.0419182 -0.950903 -0.00232702 -0.309479 3.41528
-0.335902 0.000971448 0.941896 -0.67742 -0.00176944 0.999997 -0.0016624 -0.041253 -0.941895 -0.00222503 -0.3359 3.40098
-0.349223 -0.000117406 0.93704 -0.633032 -0.00105572 0.999999 -0.000268161 -0.0428018 -0.937039 -0.0010829 -0.349223 3.38799
-0.337929 0.000819154 0.941171 -0.597409 -0.00081362 0.999999 -0.00116249 -0.042077 -0.941171 -0.00115859 -0.337928 3.38074
-0.309862 -0.000276796 0.950782 -0.57193 -0.00174398 0.999998 -0.000277242 -0.0425874 -0.95078 -0.00174405 -0.309862 3.37948
-0.271882 -0.000520644 0.96233 -0.55559 -0.00155495 0.999999 0.000101713 -0.043438 -0.962329 -0.00146872 -0.271883 3.38189
-0.228302 0.000338655 0.97359 -0.541477 -0.00185431 0.999998 -0.000782667 -0.0423377 -0.973589 -0.00198402 -0.228301 3.38503
-0.184053 0.00102441 0.982916 -0.532389 -0.00117538 0.999999 -0.0012623 -0.0413314 -0.982916 -0.00138763 -0.184051 3.38955
-0.15539 0.000620252 0.987853 -0.525124 -0.00224344 0.999997 -0.000980772 -0.0415534 -0.987851 -0.0023686 -0.155388 3.39257
-0.14081 0.000102457 0.990037 -0.507817 -0.00181696 0.999998 -0.000361908 -0.0425965 -0.990035 -0.00184981 -0.140809 3.39105
-0.133496 0.000210315 0.991049 -0.47807 -0.00224436 0.999997 -0.000514533 -0.0421225 -0.991047 -0.00229296 -0.133495 3.38769
-0.129591 8.49165e-05 0.991567 -0.441278 -0.00211743 0.999998 -0.000362372 -0.0429118 -0.991565 -0.00214653 -0.129591 3.38282
-0.127353 -0.000654487 0.991857 -0.39864 -0.00157731 0.999999 0.000457334 -0.0438514 -0.991856 -0.00150623 -0.127354 3.37672
-0.126571 -0.000698443 0.991957 -0.36392 -0.00149225 0.999999 0.000513699 -0.0435181 -0.991956 -0.00141523 -0.126572 3.3725
-0.124739 -0.000622277 0.992189 -0.338229 -0.0015703 0.999999 0.000429755 -0.0437726 -0.992188 -0.00150443 -0.12474 3.36812
-0.104316 -0.000155862 0.994544 -0.31986 -0.00226202 0.999997 -8.05419e-05 -0.0441892 -0.994542 -0.00225808 -0.104316 3.36904
-0.0700989 -0.000249355 0.99754 -0.307856 -0.0021943 0.999998 9.57717e-05 -0.043699 -0.997538 -0.00218219 -0.0700993 3.37289
-0.028097 0.000152791 0.999605 -0.299868 -0.00254959 0.999997 -0.000224515 -0.0437206 -0.999602 -0.0025549 -0.0280966 3.37795
0.0176323 -0.00104591 0.999844 -0.295601 -0.00220211 0.999997 0.00108491 -0.0445278 -0.999842 -0.00222089 0.0176299 3.38429
0.0629071 -0.000390789 0.998019 -0.280197 -0.0018014 0.999998 0.000505109 -0.0441755 -0.998018 -0.00182961 0.0629063 3.3921
0.0911307 -0.000293852 0.995839 -0.252183 -0.00235008 0.999997 0.000510139 -0.0432716 -0.995836 -0.0023868 0.0911298 3.3973
0.105829 1.02527e-05 0.994384 -0.21464 -0.00199261 0.999998 0.000201757 -0.043628 -0.994382 -0.00200277 0.105829 3.40139
0.113603 0.000496749 0.993526 -0.170585 -0.00200726 0.999998 -0.000270467 -0.0428227 -0.993524 -0.00196354 0.113604 3.40586
0.11806 0.00126308 0.993006 -0.134298 -0.00235536 0.999997 -0.000991943 -0.0420339 -0.993004 -0.00222177 0.118063 3.41027
0.120457 0.000491337 0.992718 -0.0959115 -0.00217151 0.999998 -0.000231447 -0.0424545 -0.992716 -0.00212782 0.120458 3.41388
0.121044 0.000883021 0.992647 -0.0519038 -0.00311869 0.999995 -0.000509264 -0.042652 -0.992642 -0.00303411 0.121046 3.41813
0.121357 0.00228147 0.992606 -0.00154999 -0.00267296 0.999994 -0.00197165 -0.0412386 -0.992605 -0.00241393 0.121362 3.42445
0.121238 0.00238399 0.992621 0.0496015 -0.00270504 0.999994 -0.0020713 -0.0403018 -0.99262 -0.00243396 0.121244 3.43113
0.121511 0.00236845 0.992587 0.104101 -0.0024896 0.999995 -0.00208135 -0.0411515 -0.992587 -0.00221824 0.121516 3.43766
0.122038 0.00175147 0.992524 0.157963 -0.00302351 0.999994 -0.00139289 -0.0419454 -0.992521 -0.00283092 0.122043 3.44212
0.122021 0.0027958 0.992524 0.215602 -0.00286156 0.999993 -0.00246504 -0.0404407 -0.992523 -0.00253938 0.122028 3.4502
0.122181 0.00310066 0.992503 0.273998 -0.00245506 0.999993 -0.00282183 -0.0402742 -0.992505 -0.00209188 0.122188 3.45751
0.12199 0.00234988 0.992529 0.329933 -0.00287152 0.999994 -0.00201463 -0.0411489 -0.992527 -0.0026043 0.121996 3.46382
0.122274 0.00491361 0.992484 0.390563 -0.00314863 0.999985 -0.00456283 -0.0378559 -0.992491 -0.00256705 0.122287 3.4704
0.122716 0.00355945 0.992435 0.448424 -0.00358447 0.999989 -0.00314331 -0.0398121 -0.992435 -0.00317162 0.122728 3.47648
0.121929 0.0037491 0.992532 0.508143 -0.00300123 0.99999 -0.00340858 -0.0405811 -0.992534 -0.00256321 0.121939 3.48548
0.12233 0.00319856 0.992484 0.566241 -0.0031243 0.999991 -0.00283767 -0.0415802 -0.992485 -0.00275368 0.122339 3.49219
0.120377 0.00383231 0.992721 0.626925 -0.00303945 0.999989 -0.00349181 -0.0405916 -0.992724 -0.002597 0.120387 3.49712
0.0800121 0.00448217 0.996784 0.688786 -0.00291652 0.999987 -0.00426247 -0.0413043 -0.99679 -0.00256609 0.0800241 3.50145
0.0117368 0.00326385 0.999926 0.752323 -0.0026873 0.999991 -0.00323252 -0.0421848 -0.999928 -0.00264916 0.0117455 3.49755
-0.0705805 0.00581101 0.997489 0.816186 -0.00228404 0.999979 -0.00598713 -0.0412713 -0.997503 -0.00270088 -0.0705658 3.4876
-0.162272 0.00305961 0.986741 0.864616 -0.00195902 0.999992 -0.00342286 -0.04318 -0.986744 -0.00248849 -0.162265 3.47866
-0.256258 0.00291221 0.966604 0.899882 -0.000950134 0.999994 -0.0032647 -0.0436609 -0.966608 -0.00175501 -0.256254 3.4657
-0.347794 0.00342518 0.937565 0.924553 -0.000209664 0.999993 -0.00373103 -0.0434305 -0.937571 -0.0014942 -0.34779 3.45131
-0.438807 0.00269346 0.898577 0.941621 -0.000579006 0.999994 -0.0032802 -0.0439392 -0.898581 -0.00195966 -0.438803 3.43733
-0.525749 0.00252414 0.850636 0.951722 -0.000202543 0.999995 -0.00309253 -0.0440819 -0.85064 -0.00179818 -0.525746 3.42277
-0.60775 0.0026283 0.794124 0.955809 0.000786651 0.999996 -0.00270765 -0.0447355 -0.794128 -0.00102088 -0.60775 3.40773
-0.683974 0.00207249 0.729503 0.957739 3.50793e-05 0.999996 -0.00280806 -0.0445182 -0.729506 -0.00189505 -0.683972 3.39433
-0.753537 0.00305352 0.657398 0.955635 0.00139027 0.999994 -0.00305125 -0.0444862 -0.657404 -0.00138527 -0.753537 3.37891
-0.814895 0.00298066 0.5796 0.950112 0.00170878 0.999995 -0.0027401 -0.0442555 -0.579605 -0.00124249 -0.814896 3.36522
-0.868778 0.00279449 0.495194 0.943456 0.00140142 0.999994 -0.00318451 -0.0435851 -0.4952 -0.00207266 -0.868776 3.35307
-0.913625 0.00364914 0.406542 0.933441 0.00278447 0.999992 -0.00271841 -0.0444016 -0.406548 -0.0013516 -0.913628 3.3413
-0.949353 0.00423353 0.314182 0.92305 0.00348199 0.99999 -0.00295323 -0.0440707 -0.314191 -0.00170968 -0.949358 3.3311
-0.97601 0.00355972 0.217697 0.91058 0.00323021 0.999993 -0.00186946 -0.0449536 -0.217702 -0.00112141 -0.976015 3.32241
-0.992885 0.00375817 0.11902 0.897423 0.00364654 0.999993 -0.00115572 -0.0453989 -0.119024 -0.000713481 -0.992891 3.31458
-0.999786 0.00382525 0.0203533 0.883016 0.00380496 0.999992 -0.00103579 -0.0453443 -0.0203571 -0.000958123 -0.999792 3.3078
-0.99673 0.00393736 -0.0807051 0.868729 0.00395176 0.999992 -1.87011e-05 -0.045656 0.0807044 -0.000337567 -0.996738 3.30175
-0.984408 0.00342167 -0.175867 0.851435 0.00375053 0.999992 -0.0015376 -0.0443331 0.17586 -0.00217322 -0.984413 3.2842
-0.971983 0.00345342 -0.235025 0.8389 0.00390997 0.999991 -0.00147661 -0.0442588 0.235018 -0.00235418 -0.971988 3.25692
-0.964172 0.00373811 -0.265252 0.8279 0.00416292 0.999991 -0.00103934 -0.0445789 0.265246 -0.00210633 -0.964179 3.22142
-0.959742 0.00317329 -0.280864 0.816046 0.00357078 0.999993 -0.000903494 -0.0450801 0.28086 -0.00187003 -0.959747 3.18046
-0.957441 0.00281647 -0.288615 0.803401 0.00344342 0.999993 -0.00166457 -0.0446528 0.288609 -0.00258755 -0.957444 3.13378
-0.956736 0.0030986 -0.290942 0.793627 0.00334723 0.999994 -0.000356902 -0.0458991 0.29094 -0.00131531 -0.956741 3.09895
-0.961773 0.00321669 -0.273829 0.79055 0.00381584 0.999991 -0.00165546 -0.0445955 0.273821 -0.00263706 -0.961777 3.07235
-0.970312 0.00354425 -0.241829 0.790944 0.00390601 0.999992 -0.00101655 -0.0447283 0.241823 -0.00193095 -0.970318 3.05439
-0.979633 0.00526174 -0.200727 0.793055 0.00541933 0.999985 -0.000235603 -0.0450562 0.200723 -0.00131861 -0.979647 3.04171
-0.987608 0.00409911 -0.15689 0.79967 0.00421576 0.999991 -0.000410789 -0.0450988 0.156886 -0.00106711 -0.987616 3.03336
-0.993804 0.00362353 -0.111084 0.804682 0.00378532 0.999992 -0.00124557 -0.0448876 0.111079 -0.00165834 -0.99381 3.02762
-0.996584 0.00384643 -0.0824953 0.807892 0.00392764 0.999992 -0.000822047 -0.0453981 0.0824915 -0.00114325 -0.996591 3.02403
-0.997759 0.00377826 -0.0668018 0.809157 0.00383316 0.999992 -0.000693642 -0.0452571 0.0667987 -0.000948149 -0.997766 3.02105
-0.998192 0.0033918 -0.060006 0.809722 0.00342957 0.999994 -0.000526472 -0.0460893 0.0600038 -0.000731315 -0.998198 3.01941
-0.998462 0.00398988 -0.0552999 0.80911 0.00403137 0.999992 -0.000638713 -0.0454413 0.0552969 -0.000860664 -0.99847 3.01733
-0.998551 0.00428308 -0.0536477 0.809527 0.004349 0.99999 -0.00111205 -0.0450386 0.0536424 -0.00134375 -0.998559 3.01583
-0.998646 0.00449467 -0.0518297 0.80908 0.00462134 0.999987 -0.00232432 -0.0432057 0.0518186 -0.00256069 -0.998653 3.01229
-0.998635 0.00427234 -0.0520584 0.808427 0.00435044 0.99999 -0.00138692 -0.0454522 0.0520519 -0.0016115 -0.998643 3.00023
-0.998652 0.00369072 -0.0517777 0.807291 0.00376895 0.999992 -0.00141325 -0.0450032 0.0517721 -0.00160649 -0.998658 2.97278
-0.998648 0.00426211 -0.0518108 0.804889 0.00434094 0.99999 -0.00140893 -0.0449492 0.0518043 -0.00163193 -0.998656 2.93679
-0.998659 0.00346315 -0.0516508 0.803331 0.003557 0.999992 -0.0017253 -0.0448128 0.0516444 -0.00190671 -0.998664 2.8929
-0.998686 0.00374619 -0.0511031 0.800115 0.00380144 0.999992 -0.000984034 -0.0458765 0.051099 -0.00117701 -0.998693 2.8455
-0.998689 0.00338579 -0.0510849 0.797496 0.00344889 0.999993 -0.0011471 -0.0459685 0.0510807 -0.00132178 -0.998694 2.79517
-0.998704 0.00412491 -0.0507318 0.793913 0.00418218 0.999991 -0.00102264 -0.0462321 0.0507271 -0.00123348 -0.998712 2.7422
-0.998681 0.00337982 -0.0512255 0.792108 0.00348352 0.999992 -0.00193522 -0.0455864 0.0512186 -0.00211111 -0.998685 2.68641
-0.998689 0.00347266 -0.0510739 0.788575 0.00353233 0.999993 -0.00107812 -0.0463054 0.0510698 -0.00125712 -0.998694 2.62947
-0.99866 0.00354752 -0.0516268 0.787464 0.00365719 0.999991 -0.00202989 -0.0458521 0.0516191 -0.00221598 -0.998664 2.57219
-0.998745 0.00321882 -0.0499902 0.784335 0.00332203 0.999993 -0.00198162 -0.0462242 0.0499834 -0.0021452 -0.998748 2.51458
-0.999523 0.00460079 -0.0305458 0.786807 0.00468744 0.999985 -0.00276569 -0.0443749 0.0305326 -0.00290755 -0.99953 2.47019
-0.999983 0.00404484 0.00409352 0.790854 0.0040303 0.999986 -0.00355289 -0.0438206 -0.00410783 -0.00353634 -0.999985 2.43896
-0.998919 0.00507533 0.0462132 0.795217 0.00496752 0.999985 -0.00244754 -0.0448613 -0.0462249 -0.00221532 -0.998929 2.41887
-0.995844 0.00487843 0.0909496 0.801311 0.00463958 0.999985 -0.00283747 -0.0449074 -0.0909621 -0.00240371 -0.995851 2.40402
-0.990215 0.0053042 0.139446 0.807603 0.00512708 0.999986 -0.00162938 -0.0462694 -0.139453 -0.000898486 -0.990228 2.38076
-0.985885 0.00333797 0.167389 0.811992 0.00307295 0.999994 -0.00184222 -0.0473727 -0.167394 -0.00130185 -0.985889 2.34769
-0.983267 0.00349141 0.182137 0.818796 0.00324717 0.999993 -0.00163916 -0.0472257 -0.182141 -0.0010203 -0.983272 2.3076
-0.981879 0.00408481 0.189463 0.826452 0.00379031 0.999991 -0.0019167 -0.0472268 -0.189469 -0.00116384 -0.981886 2.26301
-0.981393 0.00298857 0.191984 0.834278 0.0028361 0.999995 -0.00106896 -0.0485585 -0.191986 -0.000504581 -0.981397 2.22768
-0.980872 0.00265572 0.194635 0.838294 0.00262236 0.999996 -0.000429039 -0.0489617 -0.194635 8.95705e-05 -0.980876 2.19978
-0.98065 0.00358882 0.195738 0.843841 0.00329556 0.999993 -0.00182389 -0.0479654 -0.195743 -0.00114353 -0.980655 2.16655
-0.980402 0.00329697 0.19698 0.850518 0.00328861 0.999995 -0.000369553 -0.0486436 -0.19698 0.00028548 -0.980407 2.12742
-0.980316 0.00376569 0.197399 0.856647 0.00345942 0.999992 -0.00189636 -0.0476242 -0.197405 -0.00117615 -0.980321 2.08256
-0.980623 0.00488706 0.195845 0.865393 0.0044826 0.999987 -0.00250841 -0.0468954 -0.195855 -0.00158191 -0.980632 2.03299
-0.987974 0.00241644 0.1546 0.870799 0.00207476 0.999995 -0.0023714 -0.0487957 -0.154605 -0.00202212 -0.987974 1.97952
-0.996237 0.00298237 0.0866176 0.868187 0.00278332 0.999993 -0.00241869 -0.0480089 -0.0866242 -0.0021685 -0.996239 1.93381
-0.999987 0.00330296 0.00383824 0.861246 0.00329753 0.999994 -0.0014209 -0.0489942 -0.0038429 -0.00140823 -0.999992 1.89974
-0.996296 0.00343379 -0.0859196 0.851593 0.00352554 0.999993 -0.0009161 -0.0491472 0.0859159 -0.00121562 -0.996302 1.86019
-0.990058 0.00340737 -0.140617 0.843997 0.00373753 0.999991 -0.00208392 -0.0481536 0.140609 -0.00258877 -0.990062 1.81739
-0.985657 0.00416024 -0.168709 0.837413 0.00454576 0.999988 -0.00189901 -0.0482293 0.168699 -0.00263868 -0.985664 1.76994
-0.983175 0.00372863 -0.182626 0.831681 0.00420221 0.999989 -0.00220626 -0.0473355 0.182616 -0.00293657 -0.98318 1.71899
-0.981804 0.00371705 -0.18986 0.824025 0.00418517 0.999989 -0.00206472 -0.0476451 0.189851 -0.00282174 -0.981809 1.6674
-0.981374 0.0036528 -0.19207 0.817123 0.00424476 0.999987 -0.00267058 -0.0475987 0.192058 -0.00343613 -0.981378 1.61236
-0.984715 0.00425839 -0.17412 0.811 0.00472944 0.999986 -0.00229051 -0.047213 0.174108 -0.00307899 -0.984722 1.55701
-0.990012 0.00375109 -0.140936 0.807637 0.00419963 0.999987 -0.00288528 -0.0471655 0.140924 -0.00344834 -0.990014 1.50154
-0.9949 0.0040275 -0.100785 0.80738 0.00434391 0.999986 -0.00292017 -0.0474101 0.100772 -0.00334308 -0.994904 1.44472
-0.998425 0.00392597 -0.0559592 0.808089 0.00404082 0.99999 -0.00193939 -0.0476316 0.0559511 -0.00216246 -0.998431 1.38913
-0.99994 0.00393274 -0.0102328 0.808668 0.00395352 0.99999 -0.00201177 -0.0485781 0.0102248 -0.0020521 -0.999946 1.34625
-0.999802 0.00400711 0.0195006 0.80565 0.00395837 0.999989 -0.00253739 -0.0489212 -0.0195105 -0.0024597 -0.999807 1.30264
-0.99943 0.00405452 0.0335051 0.805401 0.00397207 0.999989 -0.00252675 -0.0492817 -0.033515 -0.00239223 -0.999435 1.25389
-0.99912 0.004412 0.0417176 0.80457 0.00429467 0.999987 -0.00290173 -0.0485722 -0.0417299 -0.00272001 -0.999125 1.20142
-0.99895 0.00471325 0.0455806 0.806526 0.00455705 0.999983 -0.00353036 -0.0477347 -0.0455965 -0.00331894 -0.998954 1.14585
-0.998874 0.00454856 0.0472305 0.807768 0.00442009 0.999986 -0.00282417 -0.0491528 -0.0472427 -0.00261223 -0.99888 1.09216
-0.998816 0.00345345 0.0485254 0.80771 0.0033096 0.99999 -0.0030445 -0.0487947 -0.0485354 -0.00288029 -0.998817 1.04741
-0.998846 0.00403549 0.0478587 0.811263 0.00390175 0.999988 -0.00288764 -0.0497425 -0.0478698 -0.00269757 -0.99885 1.00344
-0.998788 0.00497366 0.0489687 0.811463 0.00480407 0.999982 -0.00358039 -0.0490319 -0.0489856 -0.0033408 -0.998794 0.954862
-0.998796 0.00408529 0.0488845 0.81374 0.00395174 0.999988 -0.0028282 -0.0507222 -0.0488955 -0.00263162 -0.9988 0.903037
-0.998843 0.00415348 0.0479068 0.817596 0.00399042 0.999986 -0.00349895 -0.0493421 -0.0479207 -0.00330373 -0.998846 0.846747
-0.99881 0.00367435 0.0486234 0.818147 0.00351478 0.999988 -0.00336687 -0.0494013 -0.0486352 -0.00319197 -0.998812 0.803982
-0.998831 0.00336708 0.048215 0.820077 0.00321617 0.99999 -0.0032073 -0.049845 -0.0482253 -0.00304848 -0.998832 0.758801
-0.998831 0.00355231 0.0482018 0.823071 0.00343048 0.999991 -0.00260985 -0.0518745 -0.0482106 -0.00244144 -0.998834 0.71106
-0.998837 0.00345529 0.0480974 0.826421 0.00331483 0.99999 -0.00299973 -0.0504219 -0.0481073 -0.00283681 -0.998838 0.659611
-0.998802 0.00372193 0.048792 0.82807 0.00356901 0.999988 -0.00322098 -0.0505979 -0.0488035 -0.00304298 -0.998804 0.60533
-0.99881 0.0040127 0.0486019 0.830398 0.00384655 0.999986 -0.00351157 -0.050371 -0.0486153 -0.00332044 -0.998812 0.56244
-0.998836 0.00378613 0.0480959 0.832506 0.00363058 0.999988 -0.00332114 -0.0504004 -0.0481079 -0.00314266 -0.998837 0.53272
-0.998807 0.00318385 0.0487241 0.832146 0.00307356 0.999993 -0.00233824 -0.0518765 -0.0487311 -0.00218569 -0.99881 0.510774
-0.998869 0.00265063 0.0474809 0.835026 0.00256893 0.999995 -0.00178151 -0.0517808 -0.0474854 -0.00165752 -0.998871 0.481697
-0.998842 0.00337383 0.0479865 0.836142 0.00326524 0.999992 -0.00234119 -0.0517493 -0.047994 -0.00218179 -0.998845 0.444288
-0.998982 0.00265863 0.0450385 0.837865 0.00259392 0.999996 -0.00149509 -0.0525912 -0.0450423 -0.00137675 -0.998984 0.399051
-0.999981 0.00223674 0.00581125 0.835571 0.00223348 0.999997 -0.000568188 -0.0538604 -0.00581251 -0.000555198 -0.999983 0.35163
-0.998016 0.00375106 -0.0628515 0.826071 0.00384505 0.999992 -0.00137466 -0.0547268 0.0628458 -0.0016136 -0.998022 0.297682
-0.989384 0.0037442 -0.145274 0.81443 0.00383944 0.999993 -0.000375215 -0.0554145 0.145272 -0.000929005 -0.989391 0.255465
-0.972571 0.00401896 -0.23257 0.801876 0.00423945 0.999991 -0.000448207 -0.0551677 0.232566 -0.00142188 -0.97258 0.224739
-0.957314 0.00518474 -0.289002 0.792244 0.00550467 0.999985 -0.000294256 -0.0545212 0.288996 -0.00187256 -0.957328 0.201752
-0.93543 0.00390247 -0.353489 0.782817 0.00395209 0.999992 0.000581437 -0.055628 0.353489 -0.000853129 -0.935438 0.187225
-0.902625 0.00492846 -0.430399 0.770797 0.00478659 0.999988 0.00141242 -0.0567145 0.430401 -0.000785259 -0.902638 0.179247
-0.859656 0.0048356 -0.510851 0.757111 0.00405256 0.999988 0.00264605 -0.0575525 0.510858 0.000204442 -0.859665 0.173605
-0.807254 0.00509903 -0.590182 0.741485 0.00473222 0.999986 0.00216689 -0.0564582 0.590186 -0.00104364 -0.807267 0.171345
-0.745534 0.00509314 -0.666448 0.727702 0.00450414 0.999986 0.00260347 -0.0568646 0.666452 -0.00106079 -0.745547 0.172486
-0.676669 0.00601596 -0.736263 0.713322 0.00487938 0.999981 0.00368634 -0.0575798 0.736271 -0.00109807 -0.676686 0.177084
-0.600538 0.00615046 -0.799572 0.699328 0.00428816 0.999981 0.00447131 -0.0571561 0.799584 -0.0007435 -0.600553 0.182909
-0.517765 0.00640202 -0.855499 0.686903 0.00406644 0.999979 0.00502212 -0.057775 0.855513 -0.000878557 -0.51778 0.191215
-0.430687 0.00574496 -0.902483 0.674731 0.0039828 0.999982 0.00446493 -0.0569367 0.902492 -0.00167142 -0.430702 0.200734
-0.337797 0.00626134 -0.941198 0.663456 0.00410097 0.999978 0.00518053 -0.0568287 0.94121 -0.00210986 -0.337816 0.211947
-0.242975 0.00554061 -0.970017 0.653509 0.00378144 0.999981 0.00476457 -0.0561863 0.970025 -0.00251039 -0.242991 0.223769
-0.143873 0.00504926 -0.989583 0.643533 0.00353507 0.999983 0.00458837 -0.0552228 0.98959 -0.0028381 -0.143888 0.236542
-0.0452298 0.00567214 -0.998961 0.624695 0.00285057 0.999981 0.00554887 -0.0563829 0.998973 -0.00259663 -0.0452451 0.249231
0.0523297 0.00606506 -0.998611 0.594748 0.00270596 0.999977 0.00621515 -0.0574135 0.998626 -0.00302744 0.0523121 0.262054
0.111841 0.0056917 -0.99371 0.554765 0.00296792 0.999977 0.00606164 -0.0555462 0.993722 -0.00362718 0.111821 0.270589
0.142542 0.00620944 -0.989769 0.511883 0.00289492 0.999973 0.00669037 -0.055235 0.989785 -0.00381896 0.14252 0.276781
0.15898 0.00515635 -0.987268 0.464906 0.0023297 0.999982 0.0055979 -0.054671 0.987279 -0.00318999 0.158965 0.281323
0.167153 0.00501571 -0.985918 0.415196 0.00259069 0.999981 0.00552648 -0.0547824 0.985928 -0.00347797 0.167137 0.287188
0.170953 0.00509771 -0.985266 0.361115 0.00206044 0.999983 0.00553136 -0.0543134 0.985277 -0.00297568 0.17094 0.294843
0.17325 0.00547704 -0.984863 0.307769 0.00257434 0.999979 0.00601396 -0.0546986 0.984875 -0.00357729 0.173232 0.301661
0.174402 0.00521731 -0.984661 0.251294 0.0022144 0.999981 0.0056907 -0.0544357 0.984672 -0.00317291 0.174387 0.310095
0.174883 0.00574786 -0.984572 0.19562 0.00216357 0.999978 0.0062221 -0.0547346 0.984587 -0.00321833 0.174867 0.31793
0.175311 0.0050135 -0.9845 0.137005 0.00235463 0.999982 0.00551163 -0.0528874 0.98451 -0.00328438 0.175296 0.327356
0.17533 0.0047395 -0.984498 0.0791606 0.00286932 0.999982 0.00532504 -0.0524775 0.984506 -0.00375848 0.175313 0.336564
0.177918 0.00513921 -0.984032 0.0206414 0.00212305 0.999982 0.00560637 -0.0531895 0.984043 -0.00308662 0.177904 0.34752
0.216498 0.00512999 -0.97627 -0.0384929 0.00291032 0.999978 0.00589996 -0.0526262 0.976279 -0.00411858 0.216478 0.364423
0.282297 0.00588214 -0.959309 -0.0974172 0.00258338 0.999973 0.00689169 -0.0535925 0.959324 -0.00442376 0.282274 0.386526
0.362554 0.00583072 -0.931944 -0.143356 0.00173006 0.999974 0.0069294 -0.0532817 0.931961 -0.00412461 0.362535 0.408273
0.441974 0.00609563 -0.897007 -0.174323 0.00166451 0.99997 0.00761546 -0.0532578 0.897026 -0.00485891 0.44195 0.428441
0.494138 0.00540898 -0.869367 -0.195849 0.00175618 0.999972 0.00721977 -0.0529911 0.869382 -0.00509433 0.494115 0.441984
0.55258 0.00497062 -0.833445 -0.211536 0.00127169 0.999976 0.00680694 -0.0522907 0.833459 -0.00482126 0.55256 0.45685
0.619691 0.00514763 -0.784829 -0.219747 0.00194122 0.999965 0.00809146 -0.0526349 0.784844 -0.00653772 0.619659 0.47175
0.688637 0.00512253 -0.725089 -0.223778 0.000171077 0.999974 0.00722699 -0.0520729 0.725107 -0.00510082 0.688618 0.487117
0.754577 0.00478774 -0.656194 -0.22333 -0.000419587 0.999977 0.00681356 -0.0518774 0.656211 -0.00486602 0.754561 0.502032
0.814788 0.0042124 -0.579744 -0.219227 -0.000294603 0.999976 0.00685175 -0.05182 0.579759 -0.00541193 0.81477 0.516189
0.86807 0.00427548 -0.496423 -0.212934 -0.000724516 0.999973 0.00734541 -0.052426 0.496441 -0.00601667 0.86805 0.52897
0.913214 0.00434427 -0.407458 -0.204618 -0.00120251 0.999968 0.00796643 -0.053163 0.407479 -0.00678508 0.913189 0.540484
0.949315 0.00472267 -0.31429 -0.194935 -0.00238317 0.999967 0.00782762 -0.0528045 0.314316 -0.00668188 0.949295 0.551093
0.976007 0.0040201 -0.2177 -0.182498 -0.00251305 0.999971 0.00719902 -0.0526086 0.217723 -0.0064792 0.975989 0.561123
0.992672 0.00373057 -0.120783 -0.169626 -0.00286135 0.999969 0.00736915 -0.0527325 0.120807 -0.00696955 0.992652 0.569502
0.99978 0.00366868 -0.0206449 -0.155609 -0.00351579 0.999966 0.00743723 -0.0530087 0.0206714 -0.00736301 0.999759 0.576264
0.996756 0.00365063 0.0804 -0.140717 -0.0042215 0.999967 0.00693163 -0.0526355 -0.0803721 -0.00724856 0.996739 0.581662
0.984421 0.00349949 0.175794 -0.126038 -0.00445705 0.999977 0.0050525 -0.0517568 -0.175773 -0.0057573 0.984414 0.585376
0.971927 0.00361765 0.235255 -0.116742 -0.00494755 0.999975 0.005063 -0.0524154 -0.235231 -0.0060848 0.97192 0.586562
0.964365 0.00302332 0.26456 -0.112153 -0.00490587 0.999967 0.00645536 -0.053163 -0.264531 -0.00752322 0.964348 0.586557
0.959917 0.00348723 0.280264 -0.110876 -0.00502603 0.999976 0.004772 -0.0521319 -0.280241 -0.00598934 0.959911 0.587286
0.963259 0.00308912 0.268555 -0.112796 -0.00470385 0.999975 0.00536944 -0.0524181 -0.268532 -0.00643541 0.963249 0.587266
0.970925 0.00348044 0.239358 -0.117839 -0.00493385 0.999973 0.00547317 -0.0523742 -0.239333 -0.006495 0.970916 0.586734
0.979487 0.00402984 0.201469 -0.125252 -0.00516254 0.999974 0.00509711 -0.0521329 -0.201443 -0.00603265 0.979482 0.586162
0.98754 0.0039696 0.157319 -0.132093 -0.00496604 0.99997 0.00594129 -0.0522974 -0.157291 -0.00664851 0.98753 0.584687
0.993766 0.0037068 0.111424 -0.138876 -0.00450554 0.999966 0.0069175 -0.0527334 -0.111394 -0.0073764 0.993749 0.582802
0.996464 0.00423795 0.083913 -0.144503 -0.0048444 0.999964 0.00702475 -0.0526286 -0.0838802 -0.00740642 0.996448 0.582226
0.997614 0.00413455 0.0689097 -0.146728 -0.00455832 0.999972 0.0059936 -0.0524353 -0.0688829 -0.00629342 0.997605 0.580747
0.998152 0.00425336 0.0606242 -0.147272 -0.00461655 0.999972 0.00585202 -0.0517938 -0.0605976 -0.00612107 0.998144 0.580639
0.998415 0.00370628 0.0561649 -0.147681 -0.00411074 0.999966 0.00708746 -0.0528677 -0.0561368 -0.0073071 0.998396 0.579973
0.998544 0.00287036 0.0538596 -0.148409 -0.00320672 0.999976 0.00615979 -0.0522024 -0.0538406 -0.00632354 0.99853 0.580489
0.999458 0.00427101 0.032629 -0.151893 -0.00446215 0.999973 0.00578758 -0.0517619 -0.0326034 -0.00593004 0.999451 0.578964
0.999988 0.00399516 -0.0029209 -0.156614 -0.00397536 0.999969 0.00675394 -0.052491 0.0029478 -0.00674224 0.999973 0.57712
0.998977 0.00463551 -0.0449732 -0.164014 -0.00432491 0.999966 0.00700106 -0.0526635 0.0450041 -0.0067994 0.998964 0.574296
0.995807 0.00419852 -0.0913806 -0.170246 -0.00356105 0.999968 0.00713785 -0.0524754 0.0914077 -0.00678251 0.99579 0.571226
0.990563 0.00384667 -0.137001 -0.176598 -0.00284292 0.999968 0.00752149 -0.052896 0.137026 -0.00706102 0.990542 0.566972
0.986259 0.00421851 -0.165154 -0.179487 -0.00298585 0.999966 0.0077113 -0.052565 0.165181 -0.00711222 0.986238 0.553607
0.983494 0.00416724 -0.180895 -0.177512 -0.00276417 0.999964 0.00800771 -0.0529501 0.180922 -0.0073755 0.98347 0.530541
0.982037 0.00411591 -0.188645 -0.173299 -0.00273941 0.999968 0.00755694 -0.0527556 0.18867 -0.00690442 0.982016 0.500609
0.981266 0.00444107 -0.192606 -0.167414 -0.00304291 0.999967 0.00755436 -0.0529988 0.192633 -0.00682675 0.981247 0.465214
0.980866 0.00408367 -0.194643 -0.160504 -0.00272581 0.99997 0.00724348 -0.0528428 0.194667 -0.00657432 0.980847 0.427275
0.980659 0.00423953 -0.195678 -0.155216 -0.00273687 0.999965 0.00794904 -0.0535394 0.195704 -0.00725975 0.980636 0.397088
0.98036 0.00434688 -0.19717 -0.151996 -0.00274461 0.999961 0.00839884 -0.0535585 0.197198 -0.00769273 0.980333 0.375005
0.976196 0.00421361 -0.216847 -0.151283 -0.00255912 0.999965 0.00790999 -0.0535816 0.216873 -0.00716677 0.976174 0.357359
0.967833 0.00401697 -0.25156 -0.153251 -0.00220647 0.99997 0.00747871 -0.0533504 0.251583 -0.00668309 0.967813 0.342275
0.956528 0.00437542 -0.291609 -0.15747 -0.00214854 0.999966 0.00795633 -0.0535331 0.291633 -0.00698392 0.956505 0.33037
0.942383 0.0039172 -0.334514 -0.162115 -0.00154192 0.999972 0.00736595 -0.0533508 0.334533 -0.00642576 0.942362 0.319582
0.925704 0.00375272 -0.378231 -0.167059 -0.00121168 0.999975 0.006956 -0.05279 0.378248 -0.0059809 0.925685 0.310819
0.915508 0.0042149 -0.402278 -0.16949 -0.00114853 0.999968 0.0078634 -0.053274 0.402299 -0.00673698 0.915484 0.304532
0.925116 0.0042844 -0.379659 -0.166085 -0.00136766 0.999967 0.00795189 -0.0533103 0.379681 -0.00683718 0.925092 0.305361
0.9466 0.00514481 -0.32237 -0.15854 -0.00241911 0.999958 0.00885527 -0.0542494 0.322402 -0.00760255 0.946572 0.309281
0.969153 0.00441376 -0.246421 -0.147468 -0.00261776 0.999968 0.00761545 -0.0535747 0.246447 -0.00673547 0.969133 0.31656
0.987346 0.00436595 -0.158521 -0.135417 -0.00320679 0.999966 0.00756739 -0.0535112 0.158549 -0.00696329 0.987327 0.323935
0.997695 0.00381555 -0.0677564 -0.120723 -0.00332149 0.999967 0.00740299 -0.0537447 0.0677824 -0.00716087 0.997674 0.32993
0.999941 0.00319008 -0.0104177 -0.112314 -0.00312561 0.999976 0.00619858 -0.0530831 0.0104372 -0.00616565 0.999927 0.33279
0.999816 0.00370681 0.0188065 -0.108105 -0.00385174 0.999963 0.00767623 -0.0541725 -0.0187773 -0.00774726 0.999794 0.334355
0.999388 0.00316556 0.0348256 -0.106122 -0.00343464 0.999965 0.00766915 -0.0543996 -0.0348001 -0.00778408 0.999364 0.334887
0.999156 0.00334631 0.0409379 -0.104506 -0.00367003 0.999963 0.00783494 -0.0542389 -0.0409102 -0.00797857 0.999131 0.335401
0.999671 0.00387027 0.0253507 -0.107324 -0.00406132 0.999964 0.00748909 -0.0539001 -0.0253208 -0.00758958 0.999651 0.333931
0.999969 0.00364553 -0.00692806 -0.112212 -0.00359629 0.999968 0.00710677 -0.0536948 0.00695375 -0.00708164 0.999951 0.332222
0.998861 0.00345501 -0.0475912 -0.118476 -0.00311657 0.999969 0.00718384 -0.0537957 0.0476146 -0.00702734 0.998841 0.329457
0.995661 0.00345096 -0.0929949 -0.125826 -0.00265765 0.999959 0.00865311 -0.0540033 0.093021 -0.00836842 0.995629 0.327199
0.99042 0.00399306 -0.13803 -0.132448 -0.00285204 0.99996 0.00846332 -0.0543374 0.138058 -0.00798858 0.990392 0.323027
0.985901 0.0039825 -0.167284 -0.136286 -0.00262974 0.999962 0.00830742 -0.0538973 0.16731 -0.00775038 0.985874 0.320897
0.98346 0.00368705 -0.181087 -0.138778 -0.00238137 0.99997 0.00742713 -0.0537638 0.181109 -0.00687305 0.983439 0.319364
0.982062 0.0035842 -0.188522 -0.139708 -0.00232229 0.999973 0.00691416 -0.0533466 0.188542 -0.00635234 0.982045 0.318895
0.981385 0.00427228 -0.192001 -0.140517 -0.00291958 0.999969 0.00732766 -0.0532489 0.192027 -0.00663069 0.981367 0.318762
0.980944 0.00380416 -0.194254 -0.140651 -0.00247965 0.999972 0.00706114 -0.0530653 0.194275 -0.0064449 0.980926 0.318317
0.98073 0.00383794 -0.195333 -0.140577 -0.0024574 0.99997 0.00730951 -0.0534412 0.195355 -0.00668864 0.98071 0.317939
0.980574 0.00381841 -0.196114 -0.140541 -0.00254264 0.999974 0.00675663 -0.0529783 0.196135 -0.00612673 0.980558 0.318195
0.980567 0.00368936 -0.196152 -0.140627 -0.00231771 0.999971 0.0072219 -0.0531768 0.196173 -0.00662693 0.980547 0.318312
0.980402 0.00350715 -0.196977 -0.140139 -0.0020511 0.999969 0.00759549 -0.0533986 0.196998 -0.00704262 0.980379 0.318374
0.980443 0.00376555 -0.196767 -0.140492 -0.00233779 0.999969 0.0074879 -0.0531938 0.196789 -0.00688147 0.980422 0.318523
0.980482 0.00400101 -0.196567 -0.140622 -0.00258105 0.999969 0.00747944 -0.0531859 0.196591 -0.00682611 0.980462 0.318526
0.980409 0.00365389 -0.196939 -0.140262 -0.00226142 0.999971 0.00729503 -0.0530206 0.196959 -0.00670675 0.980389 0.31865
0.980461 0.00396844 -0.196672 -0.140513 -0.00259968 0.999971 0.00721727 -0.0531104 0.196695 -0.00656497 0.980443 0.318483
