1 -0 0 -0 -0 1 -0 0 0 -0 1 0
1 -3.96579e-05 1.36185e-05 9.42176e-05 3.96574e-05 1 3.46042e-05 1.22333e-05 -1.36199e-05 -3.46037e-05 1 4.53415e-05
1 -7.73106e-05 2.40744e-05 2.16285e-06 7.73111e-05 1 -2.12031e-05 1.17275e-05 -2.40728e-05 2.12049e-05 1 -1.06945e-05
1 -8.17443e-05 2.14566e-05 6.83845e-06 8.17448e-05 1 -2.12468e-05 7.42629e-06 -2.14549e-05 2.12486e-05 1 -2.05986e-05
1 -5.28854e-05 2.39868e-05 3.47036e-05 5.2885e-05 1 1.71611e-05 1.98495e-05 -2.39877e-05 -1.71598e-05 1 2.45038e-05
1 -6.51002e-05 5.78738e-05 9.85324e-05 6.50999e-05 1 5.68611e-06 2.17477e-05 -5.78742e-05 -5.68235e-06 1 7.65911e-05
1 -7.66362e-05 2.3654e-05 1.66431e-06 7.66368e-05 1 -2.12965e-05 1.1588e-05 -2.36523e-05 2.12983e-05 1 -1.05243e-05
1 -6.65154e-05 3.28955e-05 2.54779e-05 6.65149e-05 1 1.73216e-05 2.74534e-05 -3.28967e-05 -1.73194e-05 1 5.14529e-05
1 -6.23144e-05 4.81577e-05 6.83109e-05 6.23132e-05 1 2.4192e-05 2.67836e-05 -4.81592e-05 -2.4189e-05 1 8.83105e-05
1 -7.78124e-05 2.46313e-05 1.75949e-06 7.7813e-05 1 -2.15911e-05 1.16224e-05 -2.46297e-05 2.1593e-05 1 -1.09935e-05
1 -7.62375e-05 3.58344e-05 4.29957e-05 7.62366e-05 1 2.67513e-05 2.62643e-05 -3.58365e-05 -2.67486e-05 1 4.33333e-05
1 -2.16695e-05 9.44146e-06 7.02185e-05 2.16695e-05 1 -3.05481e-07 -7.58365e-06 -9.44146e-06 3.05686e-07 1 3.08149e-05
1 -7.66359e-05 2.36555e-05 1.66385e-06 7.66364e-05 1 -2.12941e-05 1.15886e-05 -2.36538e-05 2.1296e-05 1 -1.05224e-05
1 -3.23738e-05 -2.40155e-05 -8.97898e-06 3.23739e-05 1 3.40328e-06 1.5607e-05 2.40154e-05 -3.40406e-06 1 -1.66665e-05
1 -4.26887e-05 2.04557e-05 2.70233e-05 4.26879e-05 1 3.57372e-05 7.99353e-05 -2.04573e-05 -3.57364e-05 1 9.87701e-05
1 -3.53926e-05 2.837e-05 2.55624e-05 3.53922e-05 1 1.51985e-05 1.8981e-05 -2.83706e-05 -1.51975e-05 1 5.48513e-05
1 -3.54686e-05 1.17704e-05 2.44165e-05 3.54684e-05 1 1.60897e-05 5.23516e-05 -1.17709e-05 -1.60892e-05 1 2.09738e-05
1 -3.30879e-05 -1.64952e-05 -1.83201e-05 3.30877e-05 1 -1.49702e-05 9.75068e-06 1.64957e-05 1.49696e-05 1 -2.10978e-05
1 -4.45771e-05 5.26821e-05 6.26863e-05 4.45762e-05 1 1.79507e-05 3.70261e-05 -5.26829e-05 -1.79483e-05 1 0.000112752
1 -4.68357e-05 1.49902e-05 8.84605e-05 4.68354e-05 1 2.51032e-05 1.14934e-05 -1.49914e-05 -2.51025e-05 1 4.92917e-05
1 -7.7957e-05 2.91009e-05 4.44894e-05 7.79565e-05 1 1.88094e-05 2.33944e-05 -2.91024e-05 -1.88072e-05 1 4.40785e-05
1 -7.58464e-05 6.43877e-05 0.000109123 7.58434e-05 1 4.77931e-05 5.03673e-05 -6.43914e-05 -4.77882e-05 1 8.86704e-05
1 -4.78984e-05 -1.08312e-05 2.26302e-05 4.78988e-05 1 4.31802e-05 9.50418e-05 1.08292e-05 -4.31807e-05 1 4.23311e-05
1 -2.96796e-05 -1.53286e-05 3.72157e-05 2.96795e-05 1 -8.49909e-06 -1.17836e-05 1.53288e-05 8.49864e-06 1 1.27611e-05
1 -2.55193e-05 3.79998e-06 4.62119e-05 2.55191e-05 1 4.63859e-05 5.02036e-05 -3.80117e-06 -4.63858e-05 1 1.49522e-05
1 -5.62048e-06 -3.65579e-05 -1.80416e-05 5.62043e-06 1 -1.41861e-06 6.17565e-06 3.65579e-05 1.4184e-06 1 -1.44321e-05
1 -5.99765e-05 2.01998e-05 1.46857e-05 5.99756e-05 1 4.32078e-05 7.15491e-05 -2.02023e-05 -4.32065e-05 1 7.34468e-05
1 -7.81276e-05 2.47359e-05 1.84653e-06 7.81281e-05 1 -2.14683e-05 1.16074e-05 -2.47342e-05 2.14702e-05 1 -1.09292e-05
1 -8.01823e-05 2.00662e-05 6.26306e-06 8.01827e-05 1 -2.08887e-05 7.26126e-06 -2.00645e-05 2.08903e-05 1 -1.9829e-05
1 -8.01823e-05 2.00662e-05 6.26307e-06 8.01827e-05 1 -2.08887e-05 7.26128e-06 -2.00645e-05 2.08903e-05 1 -1.9829e-05
1 -2.65585e-06 4.3456e-05 1.83877e-05 2.65582e-06 1 5.63971e-07 -5.34732e-06 -4.3456e-05 -5.63855e-07 1 4.67457e-05
1 -4.8469e-05 4.42626e-05 4.58152e-06 4.84689e-05 1 3.21152e-06 7.18469e-06 -4.42628e-05 -3.20937e-06 1 4.68199e-05
1 -7.33875e-05 3.62112e-05 4.50101e-05 7.33871e-05 1 1.10976e-05 6.86273e-05 -3.6212e-05 -1.1095e-05 1 4.04452e-05
1 -8.5356e-05 9.51325e-05 9.26262e-06 8.5356e-05 1 -1.44483e-07 8.01538e-05 -9.51325e-05 1.52603e-07 1 0.00046123
1 0.000425738 -3.60201e-05 -0.000286521 -0.000425747 1 -0.000225624 -0.000209213 3.5924e-05 0.000225639 1 0.00986279
1 0.000540289 -0.000114127 -0.000426559 -0.000540304 1 -0.000129049 -0.000113222 0.000114057 0.000129111 1 0.027838
1 0.000401438 -4.29226e-05 -0.00027008 -0.000401447 1 -0.000221573 -0.000185087 4.28336e-05 0.00022159 1 0.0511773
1 0.000543682 -0.000220846 -0.000393659 -0.000543691 1 -4.15742e-05 -1.28718e-05 0.000220824 4.16942e-05 1 0.0792425
1 0.000493363 -0.000353247 -0.000771648 -0.000493418 1 -0.000156674 -0.000199716 0.000353169 0.000156849 1 0.110534
1 -0.000285726 -7.40981e-05 -0.000283806 0.000285659 1 -0.000898629 -0.000263348 7.43548e-05 0.000898607 1 0.143924
1 -7.10778e-05 -8.3947e-05 -0.000459798 7.09971e-05 1 -0.00096104 -0.000271124 8.40153e-05 0.000961034 1 0.179167
1 -0.000252221 -0.000190484 -0.000358166 0.000252018 0.999999 -0.00106216 -0.000589159 0.000190752 0.00106211 0.999999 0.215269
1 -1.00883e-05 -0.000614001 -0.00138486 9.44903e-06 0.999999 -0.00104115 -0.000326416 0.000614011 0.00104114 0.999999 0.264096
1 -0.00014151 -0.000400383 -0.00156967 0.000141209 1 -0.000751471 0.000390938 0.000400489 0.000751415 1 0.278762
1 -5.15909e-05 -0.000505978 -0.00145184 5.11554e-05 1 -0.000860748 -0.00018003 0.000506022 0.000860722 1 0.291622
1 0.000113995 -0.000552624 -0.00175741 -0.000114484 1 -0.000885199 -0.000295615 0.000552523 0.000885263 0.999999 0.299016
1 -0.000127607 -0.000637418 -0.00164823 0.000126989 1 -0.000968517 -0.000721187 0.000637541 0.000968436 0.999999 0.304431
1 -0.000308893 -0.000495489 -0.00158829 0.000308358 0.999999 -0.00107984 -0.000509877 0.000495823 0.00107969 0.999999 0.308843
1 -0.000425955 -0.000429866 -0.00183078 0.00042555 0.999999 -0.000942653 -0.000401744 0.000430267 0.00094247 0.999999 0.312128
1 0.000124966 -9.43707e-05 -0.00198382 -0.000125061 0.999999 -0.00100863 -0.000349495 9.42446e-05 0.00100864 0.999999 0.313933
1 0.000385575 -0.000155397 -0.00252811 -0.000385732 0.999999 -0.00101079 -0.00046947 0.000155007 0.00101085 0.999999 0.315028
1 0.000151257 -0.000195205 -0.00205788 -0.000151457 0.999999 -0.00102604 -0.000778137 0.00019505 0.00102607 0.999999 0.316208
1 0.000367597 -0.00013739 -0.00207007 -0.000367727 0.999999 -0.000947811 -0.000747189 0.000137041 0.000947862 1 0.316902
1 0.000230153 -0.000144411 -0.00215917 -0.000230278 1 -0.000865852 -0.000526389 0.000144211 0.000865886 1 0.317509
1 0.000333211 -3.68113e-05 -0.00226836 -0.000333244 1 -0.000892427 -0.000607251 3.65139e-05 0.000892439 1 0.317688
1 0.000414379 -6.99564e-05 -0.00228815 -0.00041444 1 -0.00087381 -0.000774725 6.95943e-05 0.000873839 1 0.318144
1 0.000313351 -0.000139985 -0.00229657 -0.000313476 1 -0.000899449 -0.000680082 0.000139703 0.000899493 1 0.31838
1 0.000139717 -9.13334e-05 -0.00225112 -0.000139799 1 -0.000903438 -0.000801074 9.12071e-05 0.000903451 1 0.318436
1 -5.10274e-05 -0.000162165 -0.00220164 5.08861e-05 1 -0.000871532 -0.000550064 0.000162209 0.000871524 1 0.318831
1 -7.53035e-05 -0.000139379 -0.00210314 7.51926e-05 1 -0.000795616 -0.000450583 0.000139438 0.000795606 1 0.319139
1 0.000342064 -0.000146977 -0.00279166 -0.000342174 1 -0.000751277 -0.000743639 0.00014672 0.000751327 1 0.31896
1 0.000224137 -8.96754e-05 -0.00284832 -0.00022421 1 -0.000822486 -0.000786235 8.94911e-05 0.000822506 1 0.318813
1 0.0002546 -0.000153873 -0.00280252 -0.000254732 1 -0.000860108 -0.000786548 0.000153654 0.000860147 1 0.318917
1 0.000242842 -0.000112978 -0.00275131 -0.00024293 1 -0.000783233 -0.000757617 0.000112788 0.000783261 1 0.318873
1 0.000215978 -9.91408e-05 -0.00281432 -0.00021606 1 -0.000831972 -0.000784508 9.89611e-05 0.000831994 1 0.318825
1 0.000162454 -0.000123309 -0.00271065 -0.000162555 1 -0.000822177 -0.000776727 0.000123176 0.000822197 1 0.318885
1 0.000348308 -0.000123768 -0.00280955 -0.000348403 1 -0.000771614 -0.000810001 0.000123499 0.000771657 1 0.318886
1 0.00018993 -7.5013e-05 -0.00277738 -0.000189989 1 -0.000781857 -0.000774894 7.48645e-05 0.000781872 1 0.318911
1 0.00036125 -0.000124005 -0.00279357 -0.000361343 1 -0.000755205 -0.000814903 0.000123732 0.000755249 1 0.318926
1 0.000232871 -9.15362e-05 -0.00282863 -0.000232947 1 -0.00083168 -0.000806002 9.13425e-05 0.000831701 1 0.318918
1 0.000249814 -0.000120594 -0.00280372 -0.00024991 1 -0.000799198 -0.000800815 0.000120394 0.000799229 1 0.318941
1 0.000225526 -0.000130751 -0.00279633 -0.00022563 1 -0.000798326 -0.000794407 0.000130571 0.000798355 1 0.318955
1 0.000328485 -0.000125614 -0.00280402 -0.000328584 1 -0.000786848 -0.000767142 0.000125356 0.00078689 1 0.318964
1 0.000302269 -9.87743e-05 -0.00279896 -0.000302345 1 -0.000774993 -0.000792799 9.854e-05 0.000775022 1 0.318959
1 0.000181535 -0.000125867 -0.0027526 -0.000181643 1 -0.000859713 -0.000842856 0.000125711 0.000859736 1 0.318943
1 0.000208778 -8.53728e-05 -0.00275523 -0.000208844 1 -0.000767655 -0.000823047 8.52125e-05 0.000767673 1 0.319
1 0.000131113 -9.94056e-05 -0.00272986 -0.000131191 1 -0.000788252 -0.000767944 9.93022e-05 0.000788265 1 0.318929
1 0.000320142 -0.000100624 -0.00279625 -0.000320219 1 -0.000767514 -0.000793922 0.000100378 0.000767546 1 0.318951
1 0.000272038 -0.000131604 -0.00282435 -0.000272145 1 -0.000817511 -0.00079582 0.000131381 0.000817547 1 0.318924
1 0.000249099 -0.00012552 -0.00280497 -0.000249202 1 -0.000820793 -0.000800006 0.000125316 0.000820825 1 0.318922
1 0.000312709 -9.40928e-05 -0.00278401 -0.00031278 1 -0.000753377 -0.000782961 9.38571e-05 0.000753406 1 0.318975
1 0.0003118 -0.000126976 -0.00279848 -0.000311902 1 -0.000804218 -0.000755027 0.000126725 0.000804257 1 0.318961
1 0.000234293 -0.00016408 -0.00274209 -0.00023443 1 -0.000831335 -0.000763707 0.000163885 0.000831374 1 0.318983
1 0.000371513 -0.00011101 -0.00282254 -0.000371598 1 -0.000770349 -0.000754661 0.000110724 0.000770391 1 0.318981
1 0.000382267 -0.000116264 -0.00282299 -0.00038235 1 -0.000715179 -0.00079776 0.00011599 0.000715223 1 0.318969
1 0.000248157 -0.000106072 -0.00273033 -0.000248242 1 -0.00080777 -0.000788528 0.000105871 0.000807796 1 0.318999
1 0.000380275 -0.000107351 -0.00282493 -0.000380358 1 -0.0007711 -0.000760649 0.000107058 0.000771141 1 0.318961
1 0.000241455 -8.50482e-05 -0.00281475 -0.000241523 1 -0.000791547 -0.000787642 8.48571e-05 0.000791567 1 0.318942
1 0.000241455 -8.50482e-05 -0.00281475 -0.000241523 1 -0.000791547 -0.000787642 8.48571e-05 0.000791567 1 0.318942
1 0.000258732 -8.41551e-05 -0.00276178 -0.000258802 1 -0.000826799 -0.000789061 8.39411e-05 0.000826821 1 0.318982
1 0.000369021 -0.000108935 -0.00281782 -0.000369104 1 -0.000763776 -0.000765326 0.000108653 0.000763816 1 0.318971
1 9.58257e-05 -0.000153024 -0.00259882 -9.59549e-05 1 -0.000844721 -0.000719983 0.000152943 0.000844735 1 0.319445
1 0.000288983 -0.000487049 -0.00253829 -0.000289515 0.999999 -0.00109213 -0.000908076 0.000486733 0.00109227 0.999999 0.328437
1 8.23317e-05 -0.000336193 -0.00288662 -8.2672e-05 0.999999 -0.00101246 -0.000914779 0.00033611 0.00101249 0.999999 0.346698
1 -0.000339193 -0.000427072 -0.00179232 0.000338691 0.999999 -0.00117398 -0.000344232 0.00042747 0.00117383 0.999999 0.370128
1 -0.000436458 -0.000516824 -0.00190669 0.000435939 0.999999 -0.00100246 -0.00034642 0.000517262 0.00100224 0.999999 0.398387
1 -0.000104465 -0.000456971 -0.00199026 0.00010391 0.999999 -0.0012133 -0.000603643 0.000457098 0.00121325 0.999999 0.429809
1 -0.00022231 -0.000426005 -0.00237725 0.000221909 1 -0.000940737 -0.000543228 0.000426214 0.000940642 0.999999 0.455372
1 -0.000222645 -0.000371425 -0.0023425 0.000222158 0.999999 -0.00130972 8.01951e-05 0.000371717 0.00130964 0.999999 0.482757
1 0.000312763 -2.55089e-05 -0.0010922 -0.000312805 0.999999 -0.00166656 -0.00235346 2.49876e-05 0.00166657 0.999999 0.512731
1 0.000343674 0.000186386 -0.000926351 -0.000343378 0.999999 -0.00158276 -0.00213966 -0.00018693 0.0015827 0.999999 0.546177
1 0.000386092 -8.98938e-05 -0.00145602 -0.000386225 0.999999 -0.00148607 -0.00183987 8.93199e-05 0.0014861 0.999999 0.580451
1 0.000401749 -6.3831e-05 -0.00117986 -0.000401865 0.999998 -0.00182592 -0.00274762 6.30973e-05 0.00182594 0.999998 0.608194
1 0.00029686 -7.92559e-05 -0.00218856 -0.000296995 0.999998 -0.00171275 -0.00241219 7.87473e-05 0.00171277 0.999999 0.628736
1 -0.000614016 0.000274137 -0.00151874 0.000614558 0.999998 -0.00197996 -0.00144799 -0.000272921 0.00198013 0.999998 0.652733
1 -0.000498637 0.000462063 -0.00149574 0.000499437 0.999998 -0.00173315 -0.00149917 -0.000461198 0.00173338 0.999998 0.680857
0.999999 -0.000985223 0.000733644 -0.00115882 0.000986914 0.999997 -0.0023088 -0.00200161 -0.000731367 0.00230952 0.999997 0.712812
1 -0.000407368 0.000460953 -0.000764208 0.00040839 0.999997 -0.00221883 -0.00212636 -0.000460048 0.00221901 0.999997 0.746786
1 -0.000484454 0.000515954 -0.00188953 0.000485614 0.999997 -0.00224994 -0.00195256 -0.000514862 0.00225019 0.999997 0.780738
1 -0.00068966 0.000556461 -0.00102982 0.000690763 0.999998 -0.00198378 -0.00152704 -0.000555091 0.00198417 0.999998 0.809835
1 -0.000796521 0.000382663 -0.000861897 0.000797315 0.999998 -0.00207853 -0.00145872 -0.000381006 0.00207884 0.999998 0.830041
1 -0.000372774 0.000449976 -0.00156723 0.000373659 0.999998 -0.001968 -0.00163243 -0.000449241 0.00196817 0.999998 0.844691
1 -0.000541633 0.000379421 -0.00149989 0.000542347 0.999998 -0.00188492 -0.00147738 -0.0003784 0.00188513 0.999998 0.854835
1 -0.000433447 0.000573302 -0.00113871 0.000434504 0.999998 -0.00184504 -0.00141718 -0.000572501 0.00184529 0.999998 0.862468
1 -0.000337292 0.000719084 -0.00100685 0.000338937 0.999997 -0.00228902 -0.00115347 -0.00071831 0.00228926 0.999997 0.867972
1 -0.00052387 0.000712396 -0.00103108 0.000525601 0.999997 -0.00243184 -0.00108215 -0.00071112 0.00243221 0.999997 0.871766
1 -0.000512511 0.000762555 -0.00083974 0.000514271 0.999997 -0.00231039 -0.000964278 -0.000761369 0.00231078 0.999997 0.874409
1 -0.000349113 0.000618805 -0.000912444 0.000350522 0.999997 -0.00227894 -0.00136435 -0.000618008 0.00227915 0.999997 0.876653
1 -0.000464654 0.000525564 -0.000856695 0.000465861 0.999997 -0.002299 -0.00139833 -0.000524494 0.00229925 0.999997 0.878207
1 -0.000204008 0.000683899 -0.0009384 0.000205273 0.999998 -0.00185079 -0.00168088 -0.00068352 0.00185093 0.999998 0.878916
1 -0.000324265 0.000627346 -0.000809472 0.000325439 0.999998 -0.0018712 -0.00162934 -0.000626738 0.00187141 0.999998 0.879821
1 -0.000333044 0.000647952 -0.000928148 0.000334266 0.999998 -0.00188802 -0.00175276 -0.000647322 0.00188823 0.999998 0.880215
1 -0.000726225 0.00045068 -0.00036186 0.00072703 0.999998 -0.00178909 -0.00192178 -0.00044938 0.00178942 0.999998 0.880734
1 -0.000615639 0.000505148 -0.000408286 0.000616533 0.999998 -0.00177106 -0.00193099 -0.000504057 0.00177137 0.999998 0.880812
1 -0.000655532 0.000461148 -0.00038016 0.000656355 0.999998 -0.00178766 -0.00192092 -0.000459975 0.00178796 0.999998 0.88098
1 -0.000623999 0.000448632 -0.000423137 0.000624809 0.999998 -0.00180797 -0.00193164 -0.000447503 0.00180825 0.999998 0.881158
1 -0.000517174 0.000438409 -0.000408254 0.000517927 0.999998 -0.00171837 -0.00182515 -0.00043752 0.00171859 0.999998 0.881395
1 -0.000630231 0.000498333 -0.000405791 0.000631104 0.999998 -0.00175376 -0.001782 -0.000497227 0.00175407 0.999998 0.881433
1 -0.000659602 0.000537799 -0.000451573 0.00066058 0.999998 -0.00182105 -0.00194329 -0.000536597 0.00182141 0.999998 0.881393
1 -0.000572695 0.000506853 -0.000390964 0.000573599 0.999998 -0.00178633 -0.00199047 -0.000505829 0.00178662 0.999998 0.881358
1 -0.000672292 0.000568037 -0.00037089 0.000673322 0.999998 -0.00181531 -0.00193065 -0.000566815 0.00181569 0.999998 0.881367
1 -0.000563512 0.000531529 -0.00041105 0.000564429 0.999998 -0.00172839 -0.00192246 -0.000530555 0.00172869 0.999998 0.88143
1 -0.000657106 0.00053702 -0.000343828 0.000658033 0.999998 -0.00172775 -0.00190363 -0.000535884 0.0017281 0.999998 0.881443
1 -0.000593675 0.000413492 -0.000470323 0.000594328 0.999999 -0.00158163 -0.001861 -0.000412552 0.00158188 0.999999 0.881764
1 -0.000689259 0.000526707 -0.000350504 0.000690172 0.999998 -0.00173608 -0.00190422 -0.00052551 0.00173644 0.999998 0.881489
1 -0.000619532 0.000448582 -0.000461807 0.000620266 0.999998 -0.00163805 -0.00188254 -0.000447566 0.00163832 0.999999 0.881622
1 -0.000524564 0.000454139 -0.000498048 0.000525284 0.999999 -0.00158629 -0.00187681 -0.000453307 0.00158653 0.999999 0.881661
1 -0.000546111 0.000461665 -0.000481424 0.000546853 0.999999 -0.00160726 -0.00185911 -0.000460786 0.00160751 0.999999 0.881653
1 -0.000577088 0.00045943 -0.000471335 0.000577828 0.999999 -0.00161297 -0.00186793 -0.000458499 0.00161324 0.999999 0.881654
1 -0.00068243 0.000497252 -0.000417755 0.000683243 0.999998 -0.00163684 -0.00192867 -0.000496134 0.00163718 0.999999 0.881707
1 -0.000633319 0.000500983 -0.000434944 0.000634133 0.999998 -0.00162537 -0.00192341 -0.000499953 0.00162569 0.999999 0.881739
1 -0.000699264 0.000430428 -0.000371683 0.000699997 0.999998 -0.00170456 -0.00193276 -0.000429235 0.00170486 0.999998 0.881567
1 -0.000787262 0.000463201 -0.000367627 0.000788029 0.999998 -0.00165731 -0.00190973 -0.000461895 0.00165767 0.999999 0.881608
1 -0.000661449 0.000502948 -0.000435145 0.00066231 0.999998 -0.00171395 -0.00187604 -0.000501814 0.00171428 0.999998 0.88171
1 -0.000807113 0.000446737 -0.000340202 0.000807869 0.999998 -0.00169513 -0.00191399 -0.000445368 0.00169549 0.999998 0.881583
1 -0.000687147 0.000517513 -0.000410215 0.000688028 0.999998 -0.00170519 -0.00187204 -0.00051634 0.00170555 0.999998 0.881732
1 -0.000731602 0.000465149 -0.000365092 0.000732401 0.999998 -0.0017199 -0.00192021 -0.00046389 0.00172024 0.999998 0.881528
1 -0.000676077 0.000487669 -0.000414964 0.000676906 0.999998 -0.00170334 -0.00186915 -0.000486517 0.00170367 0.999998 0.88171
1 -0.000737078 0.000458878 -0.000379332 0.000737865 0.999998 -0.00171643 -0.00192164 -0.000457612 0.00171677 0.999998 0.881537
1 -0.000671621 0.00052206 -0.000414649 0.000672519 0.999998 -0.00172184 -0.00187227 -0.000520903 0.00172219 0.999998 0.881725
1 -0.000671018 0.000514633 -0.000400065 0.0006719 0.999998 -0.00171666 -0.00188445 -0.00051348 0.001717 0.999998 0.881713
1 -0.000671536 0.000521808 -0.000414492 0.000672434 0.999998 -0.00172198 -0.00187224 -0.000520651 0.00172233 0.999998 0.881725
1 -0.000671536 0.000521808 -0.000414492 0.000672434 0.999998 -0.00172198 -0.00187224 -0.000520651 0.00172233 0.999998 0.881725
1 -0.000663819 0.000515509 -0.000418314 0.000664705 0.999998 -0.00172052 -0.00187145 -0.000514366 0.00172086 0.999998 0.881711
1 -0.000663819 0.000515509 -0.000418314 0.000664705 0.999998 -0.00172052 -0.00187145 -0.000514366 0.00172086 0.999998 0.881711
1 -0.000663819 0.000515509 -0.000418314 0.000664705 0.999998 -0.00172052 -0.00187145 -0.000514366 0.00172086 0.999998 0.881711
1 -0.000710602 0.000475983 -0.000410831 0.000711415 0.999998 -0.00170899 -0.00190853 -0.000474768 0.00170933 0.999998 0.881595
1 -0.000710602 0.000475983 -0.000410831 0.000711415 0.999998 -0.00170899 -0.00190853 -0.000474768 0.00170933 0.999998 0.881595
1 -0.000663819 0.000515509 -0.000418314 0.000664705 0.999998 -0.00172052 -0.00187145 -0.000514366 0.00172086 0.999998 0.881711
1 -0.000663403 0.000508287 -0.000404043 0.000664274 0.999998 -0.00171536 -0.00188371 -0.000507148 0.0017157 0.999998 0.881698
1 -0.000710416 0.00047701 -0.000410299 0.00071123 0.999998 -0.00170976 -0.00190902 -0.000475794 0.0017101 0.999998 0.881594
1 -0.000663819 0.000515509 -0.000418314 0.000664705 0.999998 -0.00172052 -0.00187145 -0.000514366 0.00172086 0.999998 0.881711
1 -0.000709708 0.000469862 -0.000392487 0.000710507 0.999998 -0.00170313 -0.00191918 -0.000468653 0.00170346 0.999998 0.881595
1 -0.000663819 0.000515509 -0.000418314 0.000664705 0.999998 -0.00172052 -0.00187145 -0.000514366 0.00172086 0.999998 0.881711
1 -0.00071066 0.000475799 -0.00040768 0.000711472 0.999998 -0.00170746 -0.00190692 -0.000474585 0.0017078 0.999998 0.881609
1 -0.000663755 0.000506676 -0.000422855 0.000664625 0.999998 -0.00171892 -0.00187037 -0.000505534 0.00171925 0.999998 0.881717
1 -0.000663253 0.000499529 -0.000408559 0.000664108 0.999998 -0.00171361 -0.00188253 -0.000498391 0.00171394 0.999998 0.881705
1 -0.000839826 0.000451251 -0.000364273 0.000840584 0.999998 -0.00168019 -0.00192068 -0.000449839 0.00168057 0.999998 0.881611
1 -0.000839826 0.000451251 -0.000364273 0.000840584 0.999998 -0.00168019 -0.00192068 -0.000449839 0.00168057 0.999998 0.881611
1 -0.000663755 0.000506676 -0.000422855 0.000664625 0.999998 -0.00171892 -0.00187037 -0.000505534 0.00171925 0.999998 0.881717
1 -0.000844122 0.000455453 -0.000345463 0.000844885 0.999998 -0.00167778 -0.00190851 -0.000454036 0.00167816 0.999998 0.881569
1 -0.00067259 0.000518205 -0.000414208 0.000673481 0.999998 -0.0017213 -0.00187129 -0.000517047 0.00172165 0.999998 0.881726
1 -0.00066017 0.000519456 -0.000397639 0.000661062 0.999998 -0.0017204 -0.00188478 -0.00051832 0.00172074 0.999998 0.881691
1 -0.000660629 0.000526602 -0.000412053 0.000661537 0.999998 -0.00172553 -0.00187245 -0.000525461 0.00172588 0.999998 0.881704
1 -0.000710607 0.00049861 -0.000182968 0.000711527 0.999998 -0.00184724 -0.00176005 -0.000497296 0.00184759 0.999998 0.882225
0.999999 -0.00100381 0.000487304 -0.000719659 0.00100499 0.999997 -0.00242905 -0.0014259 -0.000484864 0.00242954 0.999997 0.89146
0.999999 -0.00113627 0.00064522 -0.000607172 0.00113792 0.999996 -0.00257387 -0.00139659 -0.000642292 0.0025746 0.999996 0.908952
0.999999 -0.00114181 0.000731771 -0.000602863 0.00114366 0.999996 -0.00252945 -0.00165531 -0.00072888 0.00253028 0.999997 0.932854
1 -0.000770414 0.00052226 -0.00212285 0.000771989 0.999995 -0.0030227 -0.00368495 -0.000519929 0.00302311 0.999995 0.95996
0.999999 -0.000872026 0.000631948 -0.00159789 0.000873702 0.999996 -0.00265675 -0.0019169 -0.000629629 0.0026573 0.999996 0.983982
1 -0.000254881 0.000772724 -0.00134308 0.000257188 0.999996 -0.00298699 -0.0010831 -0.000771959 0.00298718 0.999995 1.00959
1 -1.57924e-05 0.000809081 -0.00116222 1.83416e-05 0.999995 -0.00315083 -0.00150341 -0.000809027 0.00315084 0.999995 1.03838
1 -0.000107478 0.000720843 -0.00117556 0.000109603 0.999996 -0.00294844 -0.00122557 -0.000720523 0.00294852 0.999995 1.07089
1 -0.000334994 0.000762285 -0.00114295 0.00033705 0.999996 -0.00269794 -0.00193718 -0.000761378 0.0026982 0.999996 1.10426
0.999999 -0.000418032 0.0011505 -0.00154114 0.000421434 0.999996 -0.00295798 -0.0023562 -0.00114925 0.00295846 0.999995 1.14001
1 -0.000393537 0.000581063 -0.00143877 0.000395065 0.999996 -0.00263201 -0.00262266 -0.000580025 0.00263224 0.999996 1.16955
1 -0.000381395 0.000425839 -0.0013768 0.00038253 0.999996 -0.00266765 -0.00252648 -0.00042482 0.00266782 0.999996 1.19038
1 -0.000677601 0.000605845 -0.00124934 0.00067917 0.999996 -0.00259405 -0.00268757 -0.000604085 0.00259446 0.999996 1.21397
0.999999 -0.000650891 0.000782082 -0.00115461 0.000653191 0.999995 -0.00294311 -0.00273495 -0.000780163 0.00294362 0.999995 1.24202
1 -0.000717877 0.000635919 -0.00119964 0.000719782 0.999995 -0.00300093 -0.00303052 -0.000633762 0.00300139 0.999995 1.27399
0.999999 -0.000936779 0.000779622 -0.00236402 0.000939286 0.999994 -0.00322158 -0.00264582 -0.0007766 0.00322231 0.999995 1.30807
0.999999 -0.00114073 0.000903878 -0.0023519 0.0011438 0.999994 -0.00340682 -0.00266288 -0.000899985 0.00340785 0.999994 1.33512
0.999999 -0.00130312 0.000755409 -0.00240642 0.00130562 0.999994 -0.00331331 -0.00282919 -0.000751086 0.00331429 0.999994 1.35453
0.999999 -0.00134002 0.000785388 -0.00236621 0.00134264 0.999993 -0.0033463 -0.00240053 -0.000780899 0.00334735 0.999994 1.37747
0.999998 -0.00165215 0.000635597 -0.0020259 0.00165427 0.999993 -0.00336036 -0.00358763 -0.000630041 0.00336141 0.999994 1.40452
0.999999 -0.00081591 0.000890974 -0.00307216 0.000818534 0.999995 -0.0029487 -0.00309063 -0.000888564 0.00294942 0.999995 1.43613
0.999999 -0.000474457 0.00106669 -0.00351602 0.000477677 0.999995 -0.00302073 -0.00277436 -0.00106525 0.00302124 0.999995 1.46934
0.999999 -0.000883089 0.00103139 -0.0036207 0.000886528 0.999994 -0.00333896 -0.00280325 -0.00102844 0.00333988 0.999994 1.4955
0.999999 -0.000588249 0.00108398 -0.00347708 0.000591672 0.999995 -0.00316007 -0.00268627 -0.00108212 0.00316071 0.999994 1.51543
0.999999 -0.00106654 0.00120855 -0.00360752 0.00107009 0.999995 -0.00294063 -0.0038965 -0.00120541 0.00294192 0.999995 1.5377
1 -0.000540763 0.000788416 -0.00353232 0.000543074 0.999996 -0.00293447 -0.00367184 -0.000786826 0.0029349 0.999995 1.56666
1 -0.000553411 0.000680205 -0.00391384 0.000555602 0.999995 -0.00322436 -0.00363225 -0.000678417 0.00322473 0.999995 1.59777
0.999999 -0.00104965 0.000787235 -0.00341779 0.00105219 0.999994 -0.00322838 -0.00414428 -0.000783841 0.0032292 0.999994 1.63109
0.999999 -0.00102452 0.000663971 -0.00356773 0.00102682 0.999993 -0.00347279 -0.00461003 -0.000660409 0.00347347 0.999994 1.66626
0.999999 -0.00104675 0.000749599 -0.00404409 0.00104929 0.999994 -0.00339818 -0.00450692 -0.000746037 0.00339896 0.999994 1.70276
1 0.000107604 0.000438103 -0.00416789 -0.000106091 0.999994 -0.00345177 -0.00557197 -0.000438472 0.00345172 0.999994 1.74129
1 1.41235e-05 0.000505935 -0.00436173 -1.24997e-05 0.999995 -0.00320921 -0.00539946 -0.000505978 0.00320921 0.999995 1.77926
1 -4.28714e-05 0.000351442 -0.0044339 4.41118e-05 0.999994 -0.00353003 -0.00520559 -0.000351288 0.00353004 0.999994 1.81712
1 -0.000358001 8.1812e-05 -0.00490725 0.000358247 0.999995 -0.00302912 -0.00490279 -8.07272e-05 0.00302914 0.999995 1.84678
1 -9.02293e-05 0.000101514 -0.00465824 9.05533e-05 0.999995 -0.00319562 -0.00584388 -0.000101225 0.00319563 0.999995 1.86961
0.999999 0.00126187 0.000676395 -0.00460939 -0.00125879 0.999989 -0.00453799 -0.00616421 -0.000682114 0.00453714 0.999989 1.89564
0.999999 0.00132797 0.000532887 -0.00487323 -0.00132562 0.999989 -0.00438738 -0.00611319 -0.000538707 0.00438667 0.99999 1.92457
0.999999 0.00125164 0.000412421 -0.00478553 -0.00124995 0.999991 -0.00405667 -0.00618984 -0.000417494 0.00405615 0.999992 1.95642
0.999999 0.0014374 0.000429796 -0.00504278 -0.0014354 0.999988 -0.00461616 -0.00643428 -0.000436426 0.00461554 0.999989 1.99028
0.999999 0.000942672 0.000445647 -0.00526849 -0.000940753 0.99999 -0.00428645 -0.00622982 -0.000449684 0.00428603 0.999991 2.02549
0.999997 0.00210299 0.000779917 -0.00535693 -0.00209934 0.999987 -0.00464956 -0.00710906 -0.000789685 0.00464791 0.999989 2.0529
0.999997 0.00248008 0.000634069 -0.00597433 -0.00247701 0.999985 -0.00479215 -0.00706409 -0.000645945 0.00479056 0.999988 2.08187
0.999998 0.00187109 0.000380015 -0.00573382 -0.00186923 0.999987 -0.00482234 -0.00737556 -0.000389033 0.00482162 0.999988 2.11462
0.999999 0.00118428 0.000953239 -0.00511413 -0.00117961 0.999987 -0.00488755 -0.00764674 -0.000959015 0.00488642 0.999988 2.14853
0.999998 0.00162957 0.000600428 -0.0052869 -0.00162716 0.999991 -0.0039843 -0.00749581 -0.000606915 0.00398331 0.999992 2.18513
0.999999 0.00112174 0.000599822 -0.00628507 -0.00111903 0.999989 -0.00449861 -0.00810561 -0.000604862 0.00449793 0.99999 2.22105
0.999999 0.00128625 0.000708575 -0.00625827 -0.0012831 0.999989 -0.0044308 -0.00810165 -0.000714267 0.00442989 0.99999 2.25866
0.999999 0.00154854 0.000727458 -0.00636129 -0.00154538 0.999989 -0.00432222 -0.00781005 -0.000734144 0.00432109 0.99999 2.29709
1 0.000761919 0.00064035 -0.00647155 -0.000759061 0.99999 -0.00445187 -0.00841235 -0.000643735 0.00445138 0.99999 2.33611
0.999998 0.00202035 0.000464399 -0.00531054 -0.00201826 0.999988 -0.00444838 -0.00934111 -0.000473381 0.00444744 0.99999 2.37564
0.999997 0.0022369 -1.2127e-05 -0.0056623 -0.00223694 0.999987 -0.00452205 -0.00938574 2.01148e-06 0.00452207 0.99999 2.41443
0.999998 0.00205134 0.000244194 -0.00584374 -0.00205016 0.999987 -0.00476006 -0.00961703 -0.000253955 0.00475955 0.999989 2.44563
0.999997 0.00252468 0.000325151 -0.00607315 -0.00252293 0.999983 -0.00527064 -0.00997483 -0.000338452 0.0052698 0.999986 2.47573
0.999998 0.00194522 0.000413915 -0.00449897 -0.00194296 0.999984 -0.0053869 -0.0100466 -0.000424386 0.00538608 0.999985 2.50962
0.999998 0.00201172 0.00037835 -0.00469809 -0.00200966 0.999984 -0.00537333 -0.0103277 -0.000389154 0.00537256 0.999985 2.54542
0.999998 0.00200799 0.000418967 -0.00508522 -0.00200567 0.999983 -0.00547643 -0.0105533 -0.000429957 0.00547558 0.999985 2.5808
0.999998 0.00187037 -0.000175741 -0.00507901 -0.00187129 0.999984 -0.00540502 -0.0111085 0.000165629 0.00540534 0.999985 2.61776
0.999998 0.0020835 0.000293256 -0.00458469 -0.00208179 0.999982 -0.00570667 -0.0110813 -0.00030514 0.00570604 0.999984 2.64812
0.999998 0.002179 0.000448512 -0.00432617 -0.00217636 0.999981 -0.00580668 -0.0111135 -0.000461156 0.00580569 0.999983 2.67798
0.999998 0.00185962 0.000468666 -0.00450552 -0.00185682 0.999981 -0.00591664 -0.0113043 -0.00047966 0.00591576 0.999982 2.71034
0.999998 0.00197906 0.000157186 -0.00453305 -0.0019781 0.999981 -0.00586294 -0.0119954 -0.000168786 0.00586262 0.999983 2.74581
0.999999 0.001639 0.000146911 -0.00479886 -0.00163813 0.999982 -0.00576544 -0.012034 -0.000156358 0.0057652 0.999983 2.78261
0.999999 0.0015928 9.73601e-05 -0.00428881 -0.00159218 0.999981 -0.00598963 -0.0122654 -0.000106898 0.00598947 0.999982 2.8196
0.999997 0.00232942 0.000647662 -0.00547257 -0.00232559 0.99998 -0.00585629 -0.0132853 -0.000661291 0.00585476 0.999983 2.84778
0.999996 0.00290766 0.000419285 -0.00580269 -0.00290516 0.999979 -0.00585879 -0.0132014 -0.000436311 0.00585755 0.999983 2.86956
0.999996 0.00278219 0.000620881 -0.00588202 -0.00277843 0.999978 -0.00597394 -0.0132677 -0.000637488 0.00597219 0.999982 2.8937
0.999997 0.00221787 0.000634379 -0.00558725 -0.00221413 0.999981 -0.00583355 -0.0138788 -0.000647305 0.00583213 0.999983 2.92165
0.999996 0.0026259 0.000925466 -0.00584722 -0.0026207 0.999981 -0.00557153 -0.0136171 -0.000940078 0.00556908 0.999984 2.95444
0.999998 0.00153524 0.00100724 -0.00633375 -0.00152928 0.999981 -0.00589694 -0.0141064 -0.00101627 0.00589539 0.999982 2.98708
0.999998 0.00153224 0.00146017 -0.00624985 -0.00152392 0.999983 -0.00568699 -0.0141481 -0.00146886 0.00568475 0.999983 3.02258
0.999998 0.00139134 0.00125529 -0.00641876 -0.00138417 0.999983 -0.0056943 -0.0146446 -0.00126319 0.00569255 0.999983 3.05039
0.999998 0.0015419 0.00128884 -0.00669353 -0.00153386 0.999979 -0.00621668 -0.0146517 -0.0012984 0.00621469 0.99998 3.07989
0.999997 0.00216558 0.00139493 -0.00703975 -0.00215716 0.99998 -0.00600584 -0.0147975 -0.00140791 0.00600281 0.999981 3.112
0.999996 0.00237847 0.00137078 -0.00660173 -0.00237004 0.999978 -0.00612231 -0.0158027 -0.00138531 0.00611904 0.99998 3.14425
0.999997 0.00223932 0.00136344 -0.00659551 -0.00223114 0.99998 -0.00597061 -0.016006 -0.00137678 0.00596755 0.999981 3.18031
0.999997 0.00227737 0.000532565 -0.00640352 -0.00227393 0.999977 -0.00638129 -0.0164474 -0.000547085 0.00638006 0.999979 3.21686
0.999997 0.00232401 0.000546803 -0.00658951 -0.00232076 0.99998 -0.00587275 -0.0163692 -0.00056044 0.00587146 0.999983 3.24635
0.999992 0.00391423 0.00122062 -0.00789201 -0.00390662 0.999973 -0.00617057 -0.0166732 -0.00124474 0.00616575 0.99998 3.27603
0.999993 0.00355056 0.00132093 -0.00777033 -0.00354205 0.999973 -0.00639071 -0.0167765 -0.00134358 0.00638598 0.999979 3.30891
0.999992 0.00362407 0.00145876 -0.00778256 -0.00361453 0.999972 -0.00648828 -0.0170661 -0.00148223 0.00648296 0.999978 3.34341
0.999992 0.00374375 0.00162074 -0.00776055 -0.00373397 0.999975 -0.00599425 -0.0170805 -0.00164314 0.00598815 0.999981 3.37995
0.999993 0.00330402 0.00192045 -0.00772106 -0.00329156 0.999974 -0.0064568 -0.0177326 -0.00194173 0.00645043 0.999977 3.41534
0.999993 0.00361237 0.00138708 -0.00810695 -0.00360244 0.999968 -0.00710051 -0.0174601 -0.00141268 0.00709546 0.999974 3.44616
0.999993 0.00355514 0.00112065 -0.00816626 -0.00354689 0.999967 -0.00727775 -0.017577 -0.00114648 0.00727373 0.999973 3.47637
0.999992 0.00384016 0.00119655 -0.00821279 -0.00383143 0.999967 -0.00721516 -0.0177726 -0.00122422 0.00721052 0.999973 3.50888
0.999994 0.00320707 0.00131767 -0.00802746 -0.00319741 0.999969 -0.00726193 -0.0179806 -0.00134091 0.00725767 0.999973 3.54357
0.999993 0.00343641 0.001201 -0.00830521 -0.00342772 0.999968 -0.00716326 -0.0181787 -0.00122558 0.0071591 0.999974 3.58059
0.999991 0.00377771 0.00167952 -0.00863002 -0.00376588 0.999968 -0.00699231 -0.0179292 -0.00170589 0.00698593 0.999974 3.61859
0.999993 0.00353452 0.00138693 -0.00851597 -0.00352439 0.999968 -0.00724285 -0.0179949 -0.00141248 0.00723791 0.999973 3.64732
0.999992 0.00368443 0.00139639 -0.00883163 -0.00367424 0.999967 -0.00723039 -0.0180303 -0.00142298 0.0072252 0.999973 3.67761
0.999991 0.00400263 0.00157786 -0.0090188 -0.00399184 0.999969 -0.00677917 -0.0182906 -0.00160495 0.00677281 0.999976 3.71118
0.999993 0.00349555 0.00122597 -0.0092587 -0.00348673 0.999969 -0.00712981 -0.0180052 -0.00125086 0.00712548 0.999974 3.74631
0.999993 0.00334101 0.00148517 -0.00915179 -0.00332996 0.999967 -0.00737884 -0.0178135 -0.00150978 0.00737385 0.999972 3.78179
0.999997 0.00214874 0.00131361 -0.00929274 -0.00214041 0.999978 -0.00631406 -0.0167267 -0.00132715 0.00631122 0.999979 3.81005
0.999995 0.00320345 0.000527198 -0.0105251 -0.00319999 0.999974 -0.00643406 -0.0174139 -0.000547796 0.00643234 0.999979 3.83165
0.999995 0.00278576 0.00128847 -0.00969164 -0.0027767 0.999972 -0.00698032 -0.0175328 -0.00130788 0.00697671 0.999975 3.85441
0.999994 0.00330602 0.00109437 -0.00994518 -0.00329865 0.999972 -0.00666693 -0.0174577 -0.00111638 0.00666328 0.999977 3.88292
0.999996 0.00271254 0.0012266 -0.00949689 -0.00270425 0.999974 -0.00671556 -0.0176608 -0.00124478 0.00671222 0.999977 3.91461
0.999997 0.00191263 0.0017515 -0.0085814 -0.00190022 0.999973 -0.00705896 -0.0185232 -0.00176496 0.00705561 0.999974 3.94892
0.999994 0.00303643 0.00143391 -0.00964759 -0.00302575 0.999968 -0.00739142 -0.0190298 -0.00145631 0.00738704 0.999972 3.98298
0.999993 0.00352415 0.00122447 -0.0101675 -0.0035152 0.999968 -0.00723178 -0.0186047 -0.00124992 0.00722742 0.999973 4.01043
0.999995 0.00290307 0.0010514 -0.0100066 -0.00289507 0.999967 -0.00753683 -0.0192096 -0.00107325 0.00753375 0.999971 4.03111
0.999994 0.00320212 0.00112804 -0.00994487 -0.00319259 0.99996 -0.00834764 -0.020066 -0.00115472 0.00834399 0.999965 4.04589
0.999994 0.00279855 0.00181138 -0.00928253 -0.002783 0.99996 -0.00852992 -0.0199806 -0.00183518 0.00852484 0.999962 4.05597
0.999995 0.0031261 0.000457239 -0.0105976 -0.00312221 0.999961 -0.00827067 -0.020466 -0.000483076 0.0082692 0.999966 4.06364
0.999995 0.00298805 0.00111624 -0.00989234 -0.0029789 0.999963 -0.00810766 -0.0203772 -0.00114043 0.00810429 0.999967 4.06887
0.999996 0.0026834 0.00119461 -0.0100516 -0.00267409 0.999967 -0.00772332 -0.0193813 -0.00121529 0.00772009 0.999969 4.07302
0.999995 0.0029788 0.00123886 -0.00989437 -0.00296847 0.999961 -0.00825974 -0.0200064 -0.00126341 0.00825602 0.999965 4.07585
0.999995 0.00295502 0.00112257 -0.0101072 -0.00294643 0.999967 -0.00757111 -0.01966 -0.0011449 0.00756776 0.999971 4.07759
0.999996 0.00238427 0.00130065 -0.00983675 -0.00237498 0.999972 -0.00709796 -0.0192634 -0.00131754 0.00709485 0.999974 4.07908
0.999995 0.0026396 0.00150883 -0.009564 -0.00262932 0.999974 -0.00677655 -0.0191998 -0.00152667 0.00677255 0.999976 4.08035
0.999996 0.00239816 0.00138497 -0.00963098 -0.00238856 0.999973 -0.0068967 -0.0191691 -0.00140147 0.00689336 0.999975 4.08089
0.999994 0.00303687 0.00149977 -0.0100827 -0.003025 0.999965 -0.00785036 -0.0198466 -0.00152356 0.00784578 0.999968 4.08133
0.999994 0.0031584 0.00171664 -0.00995816 -0.00314464 0.999963 -0.00796326 -0.0200689 -0.00174172 0.00795781 0.999967 4.08179
0.999994 0.00321612 0.00114348 -0.0103027 -0.00320726 0.999965 -0.00766524 -0.0198647 -0.0011681 0.00766153 0.99997 4.08215
0.999994 0.00313435 0.00125278 -0.0101438 -0.00312476 0.999966 -0.00758021 -0.019817 -0.00127649 0.00757625 0.99997 4.08237
0.999994 0.00325743 0.0013583 -0.0102027 -0.00324728 0.999967 -0.00740866 -0.0196057 -0.00138239 0.00740421 0.999972 4.08161
0.999994 0.00308028 0.0012753 -0.0102492 -0.00307054 0.999967 -0.00756434 -0.0198196 -0.00129856 0.00756038 0.999971 4.07073
0.999993 0.00348694 0.00134594 -0.0102865 -0.00347613 0.999962 -0.00795093 -0.0197613 -0.00137361 0.00794619 0.999967 4.04807
0.999994 0.00338053 0.000959417 -0.0105178 -0.00337361 0.999969 -0.00712468 -0.0192013 -0.000983472 0.0071214 0.999974 4.01853
0.999994 0.00318927 0.000944695 -0.0103473 -0.00318248 0.99997 -0.00711204 -0.0190215 -0.000967349 0.007109 0.999974 3.98268
0.999994 0.00315568 0.00160284 -0.00965498 -0.00314409 0.999969 -0.0071791 -0.0183953 -0.00162545 0.00717402 0.999973 3.94427
0.999993 0.00294365 0.00249423 -0.00859566 -0.002928 0.999976 -0.00625365 -0.0176514 -0.00251258 0.0062463 0.999977 3.91319
0.999995 0.00298825 0.00123612 -0.0100971 -0.00297929 0.99997 -0.00718588 -0.0181499 -0.00125755 0.00718216 0.999973 3.89119
0.999994 0.00338406 0.00110677 -0.0104877 -0.00337656 0.999972 -0.0067111 -0.017427 -0.00112945 0.00670732 0.999977 3.88393
0.999995 0.00310825 0.000797622 -0.0102898 -0.0031026 0.999971 -0.00699313 -0.0180944 -0.000819335 0.00699062 0.999975 3.8904
0.999995 0.00290289 0.00103038 -0.00997797 -0.00289628 0.999976 -0.00636122 -0.0177226 -0.00104882 0.00635821 0.999979 3.90595
0.999995 0.00305029 0.00105641 -0.00979462 -0.00304318 0.999973 -0.00666175 -0.0181036 -0.00107671 0.0066585 0.999977 3.92731
0.999992 0.00382303 0.00104936 -0.0102492 -0.00381586 0.99997 -0.00675978 -0.0181133 -0.00107517 0.00675572 0.999977 3.94563
0.999991 0.00399025 0.00113763 -0.0101882 -0.00398226 0.999968 -0.0069367 -0.0185314 -0.00116527 0.00693211 0.999975 3.95877
0.999994 0.00345824 -0.000470293 -0.0102743 -0.00346148 0.999969 -0.00707233 -0.018866 0.00044582 0.00707391 0.999975 3.96796
0.999777 0.00309129 -0.0209086 -0.0135333 -0.00324116 0.999969 -0.00713783 -0.0187413 0.0208859 0.00720401 0.999756 3.97356
0.998496 0.00291828 -0.0547504 -0.0182675 -0.00331022 0.99997 -0.00706933 -0.0188003 0.0547281 0.00723993 0.998475 3.97605
0.995306 0.00315158 -0.0967233 -0.0250521 -0.00378723 0.999972 -0.00638894 -0.018568 0.0967005 0.00672526 0.995291 3.97633
0.989885 0.00331203 -0.141831 -0.0314208 -0.00423252 0.999972 -0.00618888 -0.0180972 0.141806 0.00672658 0.989872 3.97548
0.982096 0.0036208 -0.188347 -0.0387695 -0.0050011 0.999964 -0.00685376 -0.0190457 0.188316 0.007673 0.982079 3.9729
0.976219 0.00344301 -0.216757 -0.0425262 -0.00493428 0.999968 -0.00633909 -0.0182709 0.216728 0.00725788 0.976205 3.97123
0.972889 0.0034218 -0.231247 -0.044414 -0.00494406 0.99997 -0.00600363 -0.0184288 0.231219 0.00698417 0.972877 3.97109
0.971119 0.00355454 -0.238571 -0.0451902 -0.00493265 0.999974 -0.00517976 -0.0175855 0.238546 0.00620695 0.971111 3.97133
0.970194 0.00297622 -0.242311 -0.0449493 -0.00452154 0.999973 -0.0058216 -0.0177911 0.242287 0.0067437 0.970181 3.97081
0.969574 0.00323165 -0.244777 -0.0458319 -0.00483546 0.999971 -0.00595146 -0.0179126 0.24475 0.00695399 0.969561 3.97063
0.9694 0.00305653 -0.245467 -0.0455831 -0.0043819 0.999979 -0.00485344 -0.0173757 0.245447 0.00578053 0.969393 3.97156
0.969223 0.00298115 -0.246166 -0.0455345 -0.00428845 0.999979 -0.00477473 -0.017049 0.246147 0.00568345 0.969216 3.97141
0.968822 0.00340752 -0.247736 -0.045825 -0.00484448 0.999975 -0.00519105 -0.0174975 0.247712 0.00622936 0.968814 3.97127
0.963579 0.00320797 -0.267403 -0.0487041 -0.00501087 0.999969 -0.00606014 -0.01815 0.267375 0.00717935 0.963566 3.96918
0.953521 0.00354685 -0.301305 -0.0538392 -0.00547279 0.99997 -0.00554813 -0.0176871 0.301276 0.00693924 0.953512 3.96569
0.939804 0.00364363 -0.341695 -0.059149 -0.00559992 0.999973 -0.004739 -0.0174397 0.341669 0.0063672 0.939799 3.96063
0.924177 0.00321066 -0.38195 -0.0635094 -0.0053632 0.999975 -0.00457119 -0.0171172 0.381926 0.00627307 0.924172 3.95631
0.912837 0.00274549 -0.408315 -0.066443 -0.00510334 0.999976 -0.00468534 -0.0178168 0.408292 0.00636072 0.912829 3.95359
0.9058 0.00332318 -0.423693 -0.0682256 -0.00563 0.999975 -0.00419303 -0.0172404 0.423668 0.00618343 0.905796 3.9513
0.893596 0.00324627 -0.448861 -0.071798 -0.00579481 0.999974 -0.00430431 -0.0175134 0.448835 0.00644737 0.893591 3.94773
0.875857 0.00279741 -0.482562 -0.0753643 -0.00567573 0.999974 -0.00450468 -0.0175864 0.482537 0.00668435 0.87585 3.94307
0.853188 0.00335989 -0.521592 -0.0805979 -0.00611623 0.999975 -0.00356311 -0.016606 0.521567 0.00623018 0.853187 3.93597
0.827617 0.00386028 -0.56128 -0.0848428 -0.00693539 0.99997 -0.00334891 -0.0167655 0.56125 0.00666431 0.827619 3.92947
0.800678 0.00323488 -0.599086 -0.0885409 -0.00623388 0.999976 -0.00293201 -0.0165263 0.599062 0.00608223 0.800679 3.92315
0.782681 0.00321596 -0.622414 -0.0908815 -0.00639646 0.999975 -0.00287673 -0.016635 0.62239 0.00623281 0.782683 3.91926
0.772466 0.0032609 -0.635047 -0.0917736 -0.00658526 0.999974 -0.00287549 -0.0167923 0.635022 0.00640317 0.772468 3.91684
0.754415 0.00259792 -0.656393 -0.0943895 -0.00612385 0.999977 -0.00308058 -0.0169948 0.656369 0.00634369 0.754413 3.91329
0.728283 0.00273536 -0.685271 -0.0969823 -0.00648489 0.999975 -0.00290038 -0.017008 0.685246 0.0065562 0.728282 3.90781
0.697806 0.00279671 -0.716281 -0.0998785 -0.0066436 0.999975 -0.00256786 -0.0170294 0.716256 0.00655055 0.697807 3.90116
0.663703 0.00282694 -0.747991 -0.102316 -0.00677679 0.999975 -0.00223386 -0.0169899 0.747965 0.0065516 0.663705 3.89411
0.627904 0.00241129 -0.778287 -0.104518 -0.00608825 0.99998 -0.00181371 -0.0167874 0.778267 0.00587725 0.627906 3.88694
0.604347 0.00187788 -0.796719 -0.104768 -0.00630949 0.999977 -0.00242908 -0.0170102 0.796696 0.00649489 0.604345 3.88162
0.576165 0.00185221 -0.817331 -0.105861 -0.00641219 0.999977 -0.00225407 -0.0170114 0.817308 0.0065396 0.576164 3.87569
0.541249 0.0017345 -0.840861 -0.107259 -0.00658916 0.999976 -0.00217862 -0.0169129 0.840837 0.00671974 0.541247 3.86922
0.501815 0.00221029 -0.864972 -0.109136 -0.00678232 0.999976 -0.00137949 -0.0168703 0.864949 0.00655877 0.501818 3.86214
0.45977 0.00188329 -0.888036 -0.109681 -0.00647059 0.999978 -0.00122938 -0.017058 0.888014 0.00631135 0.459772 3.8543
0.416842 0.00170447 -0.908978 -0.110601 -0.00577765 0.999983 -0.000774406 -0.017081 0.908961 0.00557455 0.416844 3.8468
0.388692 0.00179344 -0.921366 -0.110838 -0.00573695 0.999983 -0.000473746 -0.0169059 0.92135 0.00546997 0.388696 3.84214
0.356065 0.00171402 -0.934459 -0.110763 -0.0057241 0.999984 -0.000346897 -0.0171408 0.934444 0.00547246 0.356069 3.83644
0.315985 0.00195185 -0.948762 -0.110711 -0.00621177 0.999981 -1.16028e-05 -0.0169519 0.948744 0.00589716 0.315991 3.82919
0.271883 0.00183447 -0.962329 -0.110063 -0.0058266 0.999983 0.000260083 -0.0170726 0.962313 0.00553639 0.271889 3.82191
0.226622 0.00181309 -0.973981 -0.108432 -0.00623533 0.99998 0.000410677 -0.017192 0.973963 0.00598003 0.226629 3.81447
0.198665 0.00179747 -0.980066 -0.107666 -0.00626735 0.99998 0.000563566 -0.0169075 0.980047 0.00603045 0.198673 3.80996
0.181748 0.00207398 -0.983343 -0.107795 -0.00634274 0.999979 0.000936764 -0.0169332 0.983325 0.00606683 0.181758 3.80714
0.154229 0.00203348 -0.988033 -0.106671 -0.00604054 0.999981 0.00111516 -0.0169492 0.988017 0.00579626 0.154239 3.80301
0.116131 0.00195413 -0.993232 -0.104785 -0.00635583 0.999979 0.00122427 -0.0169028 0.993214 0.00617064 0.116141 3.79677
0.0734165 0.00177295 -0.9973 -0.102846 -0.00549665 0.999984 0.00137308 -0.0169578 0.997286 0.00538101 0.0734251 3.79048
0.0266291 0.00163863 -0.999644 -0.100258 -0.00566833 0.999983 0.00148819 -0.0169229 0.999629 0.00562668 0.0266379 3.78314
-0.0211776 0.00195909 -0.999774 -0.0976249 -0.0057526 0.999981 0.00208135 -0.0169441 0.999759 0.00579538 -0.0211659 3.77616
-0.0515095 0.00212618 -0.99867 -0.0958078 -0.00507617 0.999984 0.0023908 -0.0168648 0.99866 0.00519257 -0.0514979 3.77172
-0.0866671 0.00229935 -0.996235 -0.0936587 -0.00502443 0.999984 0.0027451 -0.0170129 0.996225 0.00524342 -0.0866541 3.76677
-0.128664 0.00190054 -0.991686 -0.0903546 -0.00513661 0.999983 0.00258288 -0.0167621 0.991675 0.00542623 -0.128652 3.76079
-0.17396 0.00193592 -0.984751 -0.0865103 -0.00491649 0.999984 0.00283438 -0.0167034 0.98474 0.00533459 -0.173948 3.75432
-0.221357 0.00187294 -0.975191 -0.0821269 -0.00423074 0.999987 0.00288089 -0.0167092 0.975184 0.00476349 -0.221346 3.7482
-0.267201 0.00201695 -0.963639 -0.078042 -0.00383032 0.999988 0.00315511 -0.0168431 0.963633 0.00453409 -0.26719 3.74169
-0.295426 0.00218414 -0.955363 -0.0755311 -0.00391983 0.999986 0.00349828 -0.0169073 0.955358 0.00477835 -0.295413 3.73772
-0.31009 0.00218632 -0.950705 -0.0829503 -0.00395889 0.999986 0.00359092 -0.0166937 0.950699 0.00487725 -0.310077 3.73324
-0.317396 0.00207744 -0.948291 -0.0990276 -0.00329349 0.999989 0.00329304 -0.0166402 0.948287 0.00416839 -0.317386 3.72719
-0.321294 0.00197501 -0.946978 -0.121415 -0.00379005 0.999987 0.00337146 -0.0166403 0.946972 0.00467232 -0.321282 3.71918
-0.323422 0.0022142 -0.946252 -0.148515 -0.00429625 0.999984 0.00380836 -0.0164524 0.946245 0.00529704 -0.323407 3.71008
-0.324947 0.00214122 -0.94573 -0.178834 -0.00403983 0.999985 0.00365212 -0.0163296 0.945724 0.00500734 -0.324934 3.69949
-0.325289 0.00196682 -0.945613 -0.201925 -0.00426978 0.999985 0.00354871 -0.0156227 0.945605 0.00519191 -0.325275 3.69163
-0.325565 0.0019706 -0.945518 -0.219305 -0.00434966 0.999984 0.00358181 -0.0157017 0.94551 0.00527879 -0.325551 3.68569
-0.325707 0.00188447 -0.945469 -0.23993 -0.00429762 0.999985 0.00347363 -0.0155387 0.945461 0.00519466 -0.325694 3.6787
-0.325778 0.00208929 -0.945444 -0.265659 -0.00431767 0.999984 0.00369759 -0.015196 0.945436 0.00528671 -0.325764 3.67014
-0.325731 0.00216468 -0.94546 -0.294456 -0.0042524 0.999984 0.00375456 -0.0151115 0.945453 0.00524346 -0.325717 3.66002
-0.325734 0.00197454 -0.945459 -0.325551 -0.00459545 0.999983 0.00367165 -0.0150209 0.94545 0.00554079 -0.325719 3.64923
-0.325401 0.0017666 -0.945575 -0.350607 -0.00433642 0.999985 0.00336054 -0.0151327 0.945566 0.00519393 -0.325388 3.64086
-0.325469 0.00208078 -0.94555 -0.367955 -0.00447472 0.999983 0.00374082 -0.0145578 0.945542 0.0054486 -0.325454 3.63458
-0.325493 0.00185348 -0.945543 -0.381283 -0.00421833 0.999985 0.00341232 -0.0148647 0.945535 0.0050993 -0.32548 3.62995
-0.325691 0.00200205 -0.945474 -0.399102 -0.00420379 0.999985 0.00356557 -0.0145868 0.945467 0.00513584 -0.325677 3.62377
-0.32542 0.00215889 -0.945567 -0.422694 -0.00445986 0.999983 0.00381801 -0.0136956 0.945559 0.00545955 -0.325405 3.6159
-0.325672 0.00226032 -0.94548 -0.4505 -0.00506487 0.999979 0.00413521 -0.0135346 0.945469 0.00613546 -0.325654 3.60632
-0.325557 0.00212481 -0.94552 -0.479845 -0.00513287 0.999979 0.00401452 -0.0134976 0.945508 0.00616019 -0.32554 3.59611
-0.325644 0.00213109 -0.94549 -0.511428 -0.00391214 0.999986 0.00360133 -0.0130329 0.945484 0.00487164 -0.325631 3.58444
-0.325521 0.00214579 -0.945533 -0.537054 -0.00452442 0.999982 0.00382698 -0.0132068 0.945524 0.00552374 -0.325505 3.57586
-0.325468 0.00173558 -0.945551 -0.565723 -0.00433529 0.999985 0.00332774 -0.0137385 0.945543 0.00518232 -0.325456 3.56638
-0.325445 0.00173913 -0.945559 -0.595506 -0.0041892 0.999986 0.00328108 -0.0134762 0.945552 0.00502895 -0.325433 3.55608
-0.325323 0.00162831 -0.945602 -0.62763 -0.00445638 0.999985 0.00325512 -0.013385 0.945593 0.00527292 -0.32531 3.54498
-0.325554 0.0016173 -0.945522 -0.661165 -0.00403149 0.999987 0.00309855 -0.0132337 0.945515 0.00482061 -0.325543 3.53283
-0.32546 0.00161248 -0.945554 -0.695683 -0.00442098 0.999985 0.003227 -0.0130238 0.945545 0.00523054 -0.325448 3.52114
-0.326946 0.00181056 -0.945041 -0.722592 -0.00471248 0.999983 0.00354615 -0.0126837 0.945031 0.00561289 -0.326932 3.51132
-0.345498 0.00169209 -0.938418 -0.739441 -0.00393705 0.999987 0.00325261 -0.012597 0.938411 0.00481837 -0.345487 3.50224
-0.37774 0.00168972 -0.92591 -0.749497 -0.0043599 0.999984 0.00360359 -0.0123572 0.925902 0.0053981 -0.377726 3.49264
-0.416166 0.00182384 -0.909287 -0.754926 -0.00415104 0.999984 0.00390563 -0.0125805 0.909279 0.00539987 -0.416152 3.4847
-0.457463 0.00184581 -0.889227 -0.756706 -0.00402256 0.999983 0.00414512 -0.0124655 0.88922 0.00547321 -0.457448 3.477
-0.49907 0.00233634 -0.866559 -0.755942 -0.00354694 0.999982 0.00473883 -0.0119367 0.866554 0.00543863 -0.499053 3.47015
-0.524565 0.00217283 -0.851368 -0.755805 -0.00359941 0.999982 0.00476987 -0.0120014 0.851363 0.00556653 -0.524548 3.4661
-0.539131 0.00186304 -0.84222 -0.756123 -0.00348946 0.999984 0.00444573 -0.0128831 0.842215 0.00533573 -0.539115 3.46336
-0.562153 0.002035 -0.827031 -0.754306 -0.00339857 0.999983 0.00477066 -0.0120651 0.827026 0.00549256 -0.562136 3.46048
-0.593922 0.00221359 -0.80452 -0.751126 -0.00333905 0.999981 0.00521638 -0.0121442 0.804516 0.00578445 -0.593903 3.45616
-0.628375 0.00215056 -0.777908 -0.74577 -0.00275277 0.999984 0.00498811 -0.0120136 0.777906 0.00527581 -0.628358 3.45267
-0.664128 0.00205786 -0.747616 -0.740385 -0.00320407 0.999979 0.00559877 -0.0119309 0.747612 0.00611372 -0.664107 3.44861
-0.698612 0.00235002 -0.715496 -0.733702 -0.00228896 0.999982 0.00551935 -0.0121933 0.715497 0.00549363 -0.698595 3.4451
-0.720387 0.00243699 -0.693568 -0.729497 -0.00171743 0.999984 0.00529749 -0.012273 0.69357 0.0050074 -0.720372 3.44345
-0.744078 0.0022543 -0.668089 -0.724526 -0.00198892 0.999982 0.00558934 -0.0121263 0.66809 0.00548768 -0.74406 3.44105
-0.771654 0.00216629 -0.636038 -0.718412 -0.00195799 0.999981 0.00578133 -0.0119486 0.636039 0.00570655 -0.771636 3.43874
-0.800085 0.00209545 -0.599882 -0.711437 -0.00163872 0.999983 0.00567867 -0.012039 0.599884 0.00552646 -0.800068 3.43646
-0.8279 0.00215304 -0.560872 -0.704077 -0.00142859 0.999981 0.00594739 -0.012018 0.560874 0.0057251 -0.827881 3.43474
-0.853674 0.0019857 -0.520805 -0.696498 -0.00142785 0.99998 0.00615314 -0.0122918 0.520806 0.0059964 -0.853654 3.4332
-0.868589 0.00242275 -0.495527 -0.691862 -0.000635921 0.999982 0.00600382 -0.0121891 0.495533 0.00552997 -0.868572 3.43272
-0.876308 0.00141379 -0.481748 -0.688947 -0.00195013 0.999977 0.00648196 -0.0124581 0.481746 0.00661967 -0.876286 3.43202
-0.889431 0.00138279 -0.457066 -0.684714 -0.00185179 0.999976 0.0066288 -0.0124317 0.457065 0.00674225 -0.889408 3.4317
-0.906481 0.00179796 -0.422242 -0.678628 -0.00131378 0.999974 0.00707846 -0.0124815 0.422244 0.00697122 -0.906455 3.4311
-0.924285 0.00137448 -0.381701 -0.67129 -0.00129059 0.999977 0.00672601 -0.0124721 0.381701 0.00670936 -0.924262 3.43084
-0.941059 0.00145482 -0.338239 -0.663918 -0.000864148 0.999977 0.00670533 -0.0126104 0.338241 0.0066024 -0.941036 3.43063
-0.956 0.00110109 -0.293366 -0.656269 -0.0011119 0.999972 0.00737656 -0.0125093 0.293366 0.00737818 -0.955972 3.43118
-0.96406 0.00118324 -0.265683 -0.651686 -0.000847226 0.999971 0.00752769 -0.0123363 0.265684 0.00748223 -0.964031 3.43176
-0.968294 0.000767264 -0.249812 -0.649087 -0.00115838 0.999971 0.0075613 -0.0123783 0.24981 0.00761094 -0.968265 3.43217
-0.974879 0.00104065 -0.222731 -0.644763 -0.000643739 0.999972 0.00748973 -0.0126326 0.222732 0.00744496 -0.974851 3.43279
-0.982876 0.00137528 -0.184264 -0.638592 -7.7656e-07 0.999972 0.00746762 -0.0127239 0.184269 0.00733988 -0.982849 3.43381
-0.989955 0.000671705 -0.141381 -0.63148 -0.000368748 0.999973 0.0073329 -0.0125329 0.141382 0.00731138 -0.989928 3.43503
-0.995531 0.000854231 -0.0944268 -0.62407 0.000173715 0.999974 0.00721479 -0.0124989 0.0944305 0.00716615 -0.995506 3.43746
-0.998883 0.000660183 -0.0472425 -0.616694 0.000309723 0.999972 0.00742526 -0.0128938 0.0472461 0.00740233 -0.998856 3.43876
-0.999821 0.000788061 -0.0188929 -0.612824 0.000649993 0.999973 0.00731291 -0.012765 0.0188982 0.00729933 -0.999795 3.43149
-0.999995 0.000630702 -0.00303587 -0.610872 0.000608344 0.999973 0.00735982 -0.0128052 0.00304043 0.00735794 -0.999968 3.41417
-0.999997 -0.000465266 0.00260446 -0.609438 -0.00044483 0.999969 0.00784182 -0.012693 -0.00260802 0.00784064 -0.999966 3.3907
-0.999978 -0.000443706 0.00663037 -0.609245 -0.000392257 0.99997 0.00775889 -0.0124532 -0.00663361 0.00775611 -0.999948 3.36249
-0.999958 -0.000256927 0.0091706 -0.608752 -0.000188476 0.999972 0.00746419 -0.0123989 -0.00917226 0.00746215 -0.99993 3.33227
-0.999947 -0.000858171 0.0103002 -0.608717 -0.000781921 0.999972 0.00740451 -0.0120964 -0.0103062 0.00739607 -0.99992 3.30693
-0.99994 -0.000696923 0.0109092 -0.608429 -0.000612134 0.99997 0.0077737 -0.0120291 -0.0109142 0.00776655 -0.99991 3.2889
-0.999951 -0.00132548 0.00976838 -0.608534 -0.00125097 0.99997 0.00763047 -0.0115328 -0.0097782 0.00761788 -0.999923 3.27585
-0.99995 -0.001479 0.00988402 -0.608611 -0.00140321 0.99997 0.00767056 -0.0113895 -0.00989507 0.0076563 -0.999922 3.266
-0.99995 -0.00119708 0.00992454 -0.608497 -0.00112435 0.999973 0.00732987 -0.0116241 -0.00993304 0.00731835 -0.999924 3.25034
-0.999948 -0.000764652 0.01018 -0.608415 -0.000688661 0.999972 0.00746619 -0.0113848 -0.0101854 0.00745879 -0.99992 3.22755
-0.999947 -0.000687334 0.0102501 -0.608115 -0.000612972 0.999973 0.0072561 -0.0111562 -0.0102548 0.00724943 -0.999921 3.20056
-0.999949 -0.00108418 0.0100298 -0.608177 -0.00100467 0.999968 0.0079294 -0.0107223 -0.0100381 0.00791892 -0.999918 3.1693
-0.999951 -0.000965876 0.00987462 -0.607903 -0.000882473 0.999964 0.00844708 -0.0102582 -0.00988242 0.00843795 -0.999916 3.14484
-0.999949 -0.000991837 0.0100744 -0.607639 -0.000915938 0.999971 0.00753572 -0.0106393 -0.0100816 0.0075261 -0.999921 3.12789
-0.999948 -0.00108451 0.0101372 -0.607378 -0.00100575 0.999969 0.00777181 -0.0104739 -0.0101453 0.00776121 -0.999918 3.11435
-0.999948 -0.00132618 0.0100921 -0.607072 -0.00125156 0.999972 0.00739644 -0.0104584 -0.0101016 0.00738342 -0.999922 3.09663
-0.999947 -0.000249139 0.0102851 -0.607409 -0.000169112 0.99997 0.00778099 -0.0102937 -0.0102867 0.00777884 -0.999917 3.0718
-0.999947 -0.000274199 0.0103315 -0.606955 -0.000194408 0.99997 0.00772329 -0.00995708 -0.0103333 0.00772087 -0.999917 3.04301
-0.999947 -0.000286632 0.0102458 -0.606768 -0.000209193 0.999971 0.00755834 -0.0100624 -0.0102477 0.0075558 -0.999919 3.01053
-0.999946 0.000108077 0.0103792 -0.606594 0.000184927 0.999973 0.00740354 -0.00994615 -0.0103781 0.00740506 -0.999919 2.97713
-0.999943 -0.000636019 0.0106598 -0.605745 -0.000561002 0.999975 0.00703891 -0.0100361 -0.0106641 0.00703252 -0.999918 2.95014
-0.999941 0.000179569 0.010848 -0.605221 0.000265305 0.999969 0.00790247 -0.0106167 -0.0108462 0.00790488 -0.99991 2.92289
-0.99994 0.000235216 0.01095 -0.604867 0.000324691 0.999967 0.00817015 -0.0101786 -0.0109477 0.00817322 -0.999907 2.89147
-0.999939 0.000349929 0.0110646 -0.60451 0.00043903 0.999967 0.00805141 -0.0101689 -0.0110614 0.00805578 -0.999906 2.85733
-0.99994 -0.000169472 0.0109712 -0.603929 -8.6907e-05 0.999972 0.00752566 -0.0100261 -0.0109722 0.00752426 -0.999911 2.82232
-0.999938 -1.81888e-05 0.0110967 -0.603276 6.88072e-05 0.999969 0.00783935 -0.00899597 -0.0110965 0.00783963 -0.999908 2.78656
-0.999945 -0.000524315 0.0105014 -0.603734 -0.000446641 0.999973 0.00739752 -0.0106577 -0.010505 0.00739242 -0.999917 2.7571
-0.999947 3.11112e-05 0.0102692 -0.603672 0.000110655 0.99997 0.00774536 -0.0104004 -0.0102687 0.00774609 -0.999917 2.73534
-0.999947 -0.000309569 0.0102978 -0.60323 -0.000232705 0.999972 0.00746451 -0.0106212 -0.0102998 0.00746171 -0.999919 2.71154
-0.999945 -0.000288314 0.0104523 -0.602548 -0.000210642 0.999972 0.0074314 -0.0102067 -0.0104542 0.00742879 -0.999918 2.68305
-0.999947 -0.000144682 0.0103103 -0.602519 -7.1885e-05 0.999975 0.00706065 -0.0102099 -0.0103111 0.00705954 -0.999922 2.65053
-0.999953 2.62581e-05 0.00970562 -0.602034 9.66276e-05 0.999974 0.00724999 -0.00942225 -0.00970517 0.00725059 -0.999927 2.61749
-0.999955 0.000169207 0.00953714 -0.601808 0.000239692 0.999973 0.00738987 -0.00905607 -0.00953563 0.00739182 -0.999927 2.59093
-0.999955 -6.88476e-05 0.00949884 -0.60155 1.47493e-06 0.999973 0.00740307 -0.00873986 -0.00949908 0.00740275 -0.999927 2.57131
-0.999955 0.000296665 0.00951889 -0.60144 0.000367834 0.999972 0.00747571 -0.00856734 -0.00951641 0.00747887 -0.999927 2.54822
-0.999951 0.000381954 0.00987711 -0.600964 0.000457508 0.999971 0.00764823 -0.00845099 -0.0098739 0.00765238 -0.999922 2.52006
-0.999952 -0.000349509 0.00974792 -0.601222 -0.000279387 0.999974 0.007194 -0.00830622 -0.00975018 0.00719093 -0.999927 2.49084
-0.999954 -0.000732693 0.00952102 -0.600995 -0.000664378 0.999974 0.00717627 -0.00789871 -0.00952603 0.00716962 -0.999929 2.45783
-0.999943 -0.000316554 0.0106762 -0.596974 -0.000241775 0.999975 0.00700488 -0.00813873 -0.0106782 0.0070019 -0.999918 2.43331
-0.99995 -0.000437492 0.00999134 -0.599992 -0.000367624 0.999975 0.00699364 -0.0079021 -0.00999416 0.00698961 -0.999926 2.41228
-0.999949 -0.000582074 0.010097 -0.600042 -0.000513038 0.999976 0.00683845 -0.00790634 -0.0101007 0.00683292 -0.999926 2.38976
-0.999951 0.000906366 0.00984163 -0.600129 0.0009787 0.999973 0.00734739 -0.00766834 -0.0098347 0.00735666 -0.999925 2.36147
-0.99995 0.00101732 0.00997983 -0.600652 0.00109118 0.999972 0.00739835 -0.00710388 -0.00997203 0.00740887 -0.999923 2.32796
-0.999948 0.001176 0.0101305 -0.59952 0.00125061 0.999972 0.00736114 -0.00743344 -0.0101215 0.00737343 -0.999922 2.29723
-0.999951 0.00124007 0.00982874 -0.598811 0.00131152 0.999973 0.0072663 -0.00683889 -0.00981946 0.00727883 -0.999925 2.26254
-0.99995 0.000833766 0.00998071 -0.598866 0.000907761 0.999972 0.00741154 -0.00678843 -0.00997425 0.00742023 -0.999923 2.23476
-0.999948 0.000771604 0.0101218 -0.598454 0.000844006 0.999974 0.00715073 -0.00648552 -0.0101161 0.0071589 -0.999923 2.21458
-0.999948 0.000515253 0.0102221 -0.598272 0.000587626 0.999975 0.00707824 -0.00631739 -0.0102182 0.00708388 -0.999923 2.20062
-0.999949 0.000611507 0.0100328 -0.598346 0.000679812 0.999977 0.00680614 -0.00650674 -0.0100284 0.00681262 -0.999927 2.18995
-0.999944 0.000851255 0.0105949 -0.597948 0.00092264 0.999977 0.00673464 -0.00632137 -0.0105889 0.00674403 -0.999921 2.18291
-0.99995 0.000550414 0.00998241 -0.598067 0.00062003 0.999976 0.00697206 -0.00618779 -0.00997832 0.0069779 -0.999926 2.17661
-0.999947 0.000744121 0.0103118 -0.597742 0.000819124 0.999973 0.0072712 -0.00605536 -0.0103061 0.00727926 -0.99992 2.173
-0.999948 0.000554021 0.0102234 -0.597538 0.00062803 0.999974 0.00723732 -0.00585975 -0.0102192 0.00724336 -0.999922 2.17022
-0.999947 0.000505736 0.0102737 -0.597502 0.000583091 0.999971 0.00752785 -0.0058978 -0.0102696 0.00753345 -0.999919 2.16824
-0.999946 0.000892235 0.0103932 -0.597611 0.000968925 0.999972 0.00737619 -0.00575982 -0.0103863 0.00738586 -0.999919 2.16661
-0.999948 0.000868629 0.0101516 -0.597972 0.000941655 0.999974 0.007191 -0.00592929 -0.0101451 0.00720019 -0.999923 2.16592
-0.999948 0.000336245 0.0102112 -0.597583 0.000409096 0.999974 0.00713322 -0.00585372 -0.0102085 0.00713702 -0.999922 2.16481
-0.999949 0.000404747 0.0101058 -0.597563 0.000477275 0.999974 0.00717547 -0.00580219 -0.0101026 0.00717993 -0.999923 2.16414
-0.999951 0.000536024 0.00989828 -0.596911 0.000601963 0.999978 0.00665987 -0.00629847 -0.00989449 0.0066655 -0.999929 2.16398
-0.999949 0.000487919 0.0100975 -0.597631 0.000560443 0.999974 0.00718084 -0.00601377 -0.0100938 0.00718613 -0.999923 2.16327
-0.999949 0.000361021 0.0101373 -0.597504 0.000433491 0.999974 0.00714757 -0.00589762 -0.0101345 0.0071516 -0.999923 2.16306
-0.999949 0.00040189 0.0100581 -0.59752 0.000472399 0.999975 0.00700877 -0.00584909 -0.010055 0.00701316 -0.999925 2.16314
-0.999949 0.000478703 0.0101269 -0.597492 0.000548959 0.999976 0.00693591 -0.00595304 -0.0101233 0.00694111 -0.999925 2.16315
-0.999948 0.000592021 0.0101365 -0.597506 0.000662825 0.999975 0.00698313 -0.00594398 -0.0101321 0.00698948 -0.999924 2.16305
-0.999949 0.000537767 0.0101049 -0.597451 0.000608701 0.999975 0.00701806 -0.00596734 -0.0101009 0.00702385 -0.999924 2.16297
-0.999949 0.000473949 0.0100648 -0.597432 0.000544793 0.999975 0.00703718 -0.00594777 -0.0100612 0.00704231 -0.999925 2.16294
-0.99995 0.000438914 0.0100304 -0.597412 0.000509882 0.999975 0.00707383 -0.0059731 -0.0100271 0.00707859 -0.999925 2.16285
-0.999968 0.000407123 0.00805083 -0.597856 0.000464068 0.999975 0.00707259 -0.00592112 -0.00804775 0.0070761 -0.999943 2.16272
-0.99955 0.000565879 -0.0299866 -0.60418 0.000355607 0.999975 0.00701708 -0.00581063 0.0299898 0.00700326 -0.999526 2.16061
-0.995194 0.000353371 -0.0979205 -0.614683 -0.000367734 0.999973 0.00734604 -0.00530506 0.0979205 0.00734674 -0.995167 2.15716
-0.983478 0.000508582 -0.181027 -0.628545 -0.000793858 0.999974 0.0071222 -0.00560369 0.181026 0.00714823 -0.983452 2.15368
-0.96268 0.000176671 -0.270642 -0.645374 -0.00171952 0.999976 0.00676914 -0.00559846 0.270636 0.00698189 -0.962656 2.14221
-0.933598 -0.00034631 -0.358322 -0.664517 -0.00293183 0.999973 0.00667235 -0.00529969 0.358311 0.00727983 -0.933574 2.1247
-0.911799 0.000441497 -0.410636 -0.681136 -0.0023155 0.999978 0.0062166 -0.00471314 0.410629 0.00661912 -0.911778 2.10272
-0.899199 0.00057201 -0.437539 -0.695966 -0.00248226 0.999976 0.00640867 -0.00447427 0.437533 0.00684876 -0.899176 2.07612
-0.892292 0.000399287 -0.451458 -0.709096 -0.00264174 0.999978 0.00610573 -0.00452172 0.451451 0.00664073 -0.892271 2.04778
-0.888541 0.00043848 -0.458796 -0.719861 -0.00264037 0.999978 0.00606926 -0.00420661 0.458789 0.00660418 -0.888521 2.02475
-0.886723 -1.83791e-05 -0.462301 -0.727305 -0.00301603 0.999979 0.00574518 -0.00413586 0.462292 0.00648869 -0.886704 2.008
-0.885651 0.000123287 -0.464352 -0.73678 -0.00258651 0.999983 0.00519871 -0.00321832 0.464345 0.00580529 -0.885636 1.98791
-0.885035 -0.000305935 -0.465524 -0.748729 -0.00309674 0.999982 0.00523022 -0.00266398 0.465514 0.00607053 -0.88502 1.96395
-0.884809 0.000656268 -0.465954 -0.76109 -0.00205211 0.999984 0.00530519 -0.00304197 0.46595 0.00565027 -0.884793 1.93604
-0.884718 3.88849e-05 -0.466126 -0.776676 -0.0026245 0.999984 0.00506478 -0.00280434 0.466119 0.00570425 -0.884704 1.90724
-0.884595 -0.000122016 -0.466361 -0.78876 -0.00277201 0.999984 0.00499633 -0.00288211 0.466353 0.00571248 -0.88458 1.88376
-0.885492 3.5429e-05 -0.464654 -0.79611 -0.00250929 0.999985 0.00485821 -0.00311534 0.464647 0.00546786 -0.885479 1.86779
-0.894536 0.000192484 -0.446996 -0.798872 -0.00224122 0.999985 0.00491578 -0.00300543 0.44699 0.00539916 -0.894523 1.85512
-0.909308 0.000190765 -0.416124 -0.797751 -0.00205131 0.999986 0.00494092 -0.00316068 0.416119 0.00534642 -0.909294 1.8462
-0.926054 -0.00053872 -0.377392 -0.793645 -0.00257349 0.999985 0.00488744 -0.00312052 0.377383 0.00549724 -0.926041 1.83973
-0.942178 0.000238047 -0.335112 -0.788806 -0.00144287 0.999988 0.004767 -0.00325767 0.335109 0.00497488 -0.942166 1.83576
-0.956967 -0.000128211 -0.290197 -0.783389 -0.00204358 0.999978 0.0062972 -0.00299339 0.29019 0.00661925 -0.956946 1.83199
-0.965033 -0.000172292 -0.262127 -0.779909 -0.00187503 0.999979 0.00624574 -0.00299505 0.26212 0.00651884 -0.965013 1.83022
-0.968909 -2.53594e-05 -0.247417 -0.778401 -0.00158216 0.99998 0.0060934 -0.00316682 0.247412 0.0062954 -0.96889 1.82922
-0.970807 0.000364911 -0.23986 -0.778106 -0.00112118 0.999981 0.00605918 -0.00323553 0.239858 0.00615123 -0.970789 1.82822
-0.971823 0.000286532 -0.23571 -0.77798 -0.00126643 0.999978 0.00643705 -0.00326499 0.235707 0.00655419 -0.971802 1.8272
-0.972241 -0.000175409 -0.233982 -0.777687 -0.00155815 0.999982 0.00572477 -0.00287624 0.233976 0.00593044 -0.972224 1.82679
-0.972806 -0.000261984 -0.231621 -0.777678 -0.00166752 0.999981 0.00587252 -0.00299371 0.231615 0.00609906 -0.972788 1.82629
-0.977479 -0.000152511 -0.211034 -0.774287 -0.00139369 0.999983 0.00573268 -0.00308492 0.211029 0.00589769 -0.977462 1.82654
-0.984103 -0.00042581 -0.177597 -0.768903 -0.00147858 0.999982 0.00579558 -0.00309181 0.177591 0.00596605 -0.984086 1.82726
-0.99072 0.000176557 -0.135921 -0.762592 -0.000617583 0.999983 0.00580046 -0.00319497 0.13592 0.00583057 -0.990703 1.82833
-0.995851 -0.000339992 -0.0909958 -0.756133 -0.000919553 0.99998 0.00632725 -0.00322391 0.0909918 0.00638467 -0.995831 1.82056
-0.999 -0.00043027 -0.0447048 -0.75074 -0.000701645 0.999981 0.00605486 -0.0030353 0.0447014 0.00608018 -0.998982 1.80576
-0.999881 -0.000506175 -0.0153869 -0.748317 -0.000603616 0.99998 0.00632868 -0.00327182 0.0153834 0.00633721 -0.999862 1.78301
-1 -0.000153637 -0.000739705 -0.747672 -0.000158382 0.999979 0.00641977 -0.00262466 0.000738703 0.00641989 -0.999979 1.75622
-0.999974 -0.00106772 0.00713403 -0.747362 -0.00102354 0.99998 0.00619382 -0.00276455 -0.0071405 0.00618636 -0.999955 1.73444
-0.999939 -0.000143487 0.011029 -0.748016 -7.51941e-05 0.999981 0.00619232 -0.00247134 -0.0110296 0.00619112 -0.99992 1.71858
-0.999913 -0.000108994 0.0131584 -0.748391 -2.78537e-05 0.999981 0.00616647 -0.00236756 -0.0131588 0.00616557 -0.999894 1.70623
-0.9999 -0.000203907 0.0141419 -0.748353 -0.000115892 0.999981 0.00622421 -0.00215801 -0.0141429 0.00622195 -0.999881 1.68917
-0.999889 -0.0002369 0.0149125 -0.748158 -0.00014406 0.999981 0.00622642 -0.00223355 -0.0149137 0.00622357 -0.999869 1.66502
-0.999882 -9.09212e-05 0.0153424 -0.74803 2.17574e-06 0.999982 0.00606784 -0.00213303 -0.0153426 0.00606716 -0.999864 1.63686
-0.999886 -0.000882733 0.0150831 -0.747574 -0.000777031 0.999975 0.0070124 -0.00226507 -0.0150889 0.00699988 -0.999862 1.60563
-0.999885 -0.00110493 0.0151483 -0.747239 -0.000999227 0.999975 0.00698331 -0.00212926 -0.0151556 0.00696737 -0.999861 1.58038
-0.999884 -0.00113905 0.0151834 -0.746847 -0.0010319 0.999975 0.00706311 -0.00182791 -0.015191 0.00704662 -0.99986 1.56299
-0.999884 -0.000921582 0.0151964 -0.747042 -0.000814512 0.999975 0.0070504 -0.00183636 -0.0152025 0.0070372 -0.99986 1.54914
-0.999885 -0.00108055 0.0151458 -0.746848 -0.000975928 0.999976 0.00691344 -0.00169562 -0.0151529 0.00689786 -0.999861 1.53097
-0.999878 -0.000210498 0.0156174 -0.746357 -0.000112282 0.99998 0.0062895 -0.000937293 -0.0156184 0.00628698 -0.999858 1.50617
-0.999879 -0.00015434 0.0155417 -0.74571 -5.91454e-05 0.999981 0.00612541 -0.000654832 -0.0155424 0.00612375 -0.99986 1.47765
-0.999874 -0.000111817 0.0158789 -0.744728 -1.61988e-05 0.999982 0.0060217 -0.000424234 -0.0158793 0.00602069 -0.999856 1.44658
-0.999878 -0.000550182 0.0156177 -0.744795 -0.00045514 0.999981 0.00608845 -0.000254809 -0.0156207 0.0060806 -0.999859 1.42142
-0.999875 -0.000515277 0.0157781 -0.744132 -0.000423399 0.999983 0.00582592 -0.00016526 -0.0157808 0.00581852 -0.999859 1.40317
-0.999869 -0.000766347 0.0161559 -0.743139 -0.000663865 0.99998 0.00634775 0.000143241 -0.0161604 0.00633619 -0.999849 1.38978
-0.999869 -0.000749966 0.0161984 -0.742749 -0.00064604 0.999979 0.00642008 0.000384352 -0.0162029 0.00640877 -0.999848 1.37132
-0.999872 -0.000964129 0.0159957 -0.742353 -0.000863247 0.99998 0.00631253 0.00046351 -0.0160014 0.00629791 -0.999852 1.34725
-0.999871 -0.00098581 0.0160257 -0.741384 -0.000883363 0.999979 0.00639855 0.000719538 -0.0160317 0.00638357 -0.999851 1.31828
-0.99987 -0.000851914 0.0161166 -0.740971 -0.000759986 0.999983 0.00570919 0.000594642 -0.0161212 0.0056962 -0.999854 1.28729
-0.999873 -0.00127963 0.0158945 -0.740882 -0.00119044 0.999984 0.00561955 0.00100204 -0.0159014 0.00559991 -0.999858 1.26188
-0.999871 -0.00111688 0.0160171 -0.740361 -0.00102895 0.999984 0.00549673 0.00153602 -0.016023 0.00547954 -0.999857 1.24357
-0.999874 -0.00105285 0.0158261 -0.74003 -0.000965728 0.999984 0.00551138 0.000943473 -0.0158317 0.00549541 -0.99986 1.22132
-0.99987 -0.00117274 0.016103 -0.739636 -0.00108624 0.999985 0.00537954 0.0012577 -0.016109 0.00536135 -0.999856 1.19399
-0.999872 -0.000774277 0.015998 -0.738935 -0.000685129 0.999984 0.0055772 0.0018662 -0.0160021 0.00556552 -0.999856 1.16441
-0.999878 -0.00138672 0.0155598 -0.738521 -0.00130154 0.999984 0.00548276 0.00170989 -0.0155672 0.00546184 -0.999864 1.13029
-0.999878 -0.00151977 0.0155713 -0.73808 -0.00143415 0.999984 0.00550812 0.0020456 -0.0155795 0.00548512 -0.999864 1.10412
-0.999872 -0.00155361 0.0159541 -0.737476 -0.00146579 0.999984 0.00551485 0.00204574 -0.0159624 0.00549076 -0.999858 1.08555
-0.999874 -0.00129166 0.0158237 -0.737366 -0.0012044 0.999984 0.00552295 0.00212277 -0.0158306 0.0055032 -0.99986 1.0715
-0.999875 -0.00123025 0.0157463 -0.737039 -0.001142 0.999984 0.00561253 0.00235701 -0.015753 0.00559385 -0.99986 1.05261
-0.999874 -0.0012155 0.0158098 -0.737412 -0.0011398 0.999988 0.00479595 0.00271998 -0.0158155 0.00477732 -0.999864 1.02759
-0.999868 -0.0013211 0.0162063 -0.7369 -0.00124756 0.999989 0.00454731 0.0026532 -0.0162122 0.00452649 -0.999858 0.998823
-0.999868 -0.00103827 0.0162433 -0.736146 -0.00095787 0.999987 0.00495688 0.00312116 -0.0162483 0.00494067 -0.999856 0.967392
-0.999871 -0.00152235 0.0159903 -0.735575 -0.00144525 0.999987 0.00483195 0.00315981 -0.0159975 0.00480822 -0.99986 0.942795
-0.999867 -0.00150509 0.0162329 -0.735141 -0.00142803 0.999988 0.00475768 0.00296728 -0.0162399 0.00473387 -0.999857 0.923432
-0.99988 -0.00175169 0.0154098 -0.733757 -0.00168186 0.999988 0.00454295 0.00405629 -0.0154175 0.00451649 -0.999871 0.901774
-0.999876 -0.00179816 0.0156261 -0.732945 -0.00173043 0.999989 0.00434695 0.00400882 -0.0156338 0.00431937 -0.999868 0.874921
-0.999881 -0.00126352 0.0153467 -0.732578 -0.00119724 0.99999 0.00432758 0.00423628 -0.015352 0.00430869 -0.999873 0.844181
-0.999881 -0.00141162 0.015374 -0.731917 -0.00133782 0.999988 0.00480957 0.00491575 -0.0153806 0.00478843 -0.99987 0.811239
-0.999877 -0.0012146 0.0156076 -0.731803 -0.0011441 0.999989 0.00452514 0.00427196 -0.0156129 0.00450673 -0.999868 0.776297
-0.999873 -0.00127012 0.0158738 -0.730648 -0.00120062 0.99999 0.0043871 0.00464589 -0.0158792 0.00436748 -0.999864 0.747974
-0.99987 -0.00120857 0.0161056 -0.730328 -0.00113645 0.999989 0.00448619 0.00463235 -0.0161109 0.0044673 -0.99986 0.72693
-0.999866 -0.00101213 0.0163403 -0.729909 -0.00093749 0.999989 0.00457467 0.00470611 -0.0163448 0.00455874 -0.999856 0.703455
-0.999871 -0.000819338 0.0160519 -0.729453 -0.000747775 0.99999 0.00446375 0.00510401 -0.0160554 0.00445117 -0.999861 0.676521
-0.999866 -0.00106849 0.0163359 -0.728886 -0.000997255 0.99999 0.00436808 0.00526158 -0.0163404 0.0043512 -0.999857 0.644652
-0.999875 -0.00147035 0.0157429 -0.728458 -0.00140479 0.99999 0.00417498 0.00511694 -0.0157489 0.00415234 -0.999867 0.611986
-0.999874 -0.0016903 0.0157684 -0.728025 -0.00162563 0.99999 0.00411367 0.0053505 -0.0157752 0.00408752 -0.999867 0.585935
-0.999871 -0.00124576 0.0160387 -0.727806 -0.00117626 0.99999 0.00434179 0.00524687 -0.016044 0.00432236 -0.999862 0.566242
-0.999871 -0.0013488 0.0159739 -0.727643 -0.00127893 0.99999 0.00438294 0.00581442 -0.0159797 0.00436195 -0.999863 0.544039
-0.999871 -0.00180129 0.0159626 -0.72692 -0.00173256 0.999989 0.00431868 0.00569158 -0.0159702 0.00429047 -0.999863 0.515191
-0.999871 -0.00173882 0.0159711 -0.725827 -0.0016771 0.999991 0.00387709 0.00624974 -0.0159777 0.0038498 -0.999865 0.485114
-0.999872 -0.00182909 0.0159127 -0.724896 -0.00176406 0.99999 0.00409999 0.00695652 -0.0159201 0.00407139 -0.999865 0.452443
-0.999871 -0.00178241 0.0159633 -0.725579 -0.0017139 0.999989 0.00430476 0.00691585 -0.0159708 0.00427685 -0.999863 0.425481
-0.999872 -0.00172746 0.0159002 -0.72403 -0.0016608 0.99999 0.0042041 0.00695268 -0.0159073 0.00417716 -0.999865 0.406607
-0.999871 -0.00192844 0.0159558 -0.724171 -0.00186332 0.99999 0.00409524 0.00715121 -0.0159635 0.00406498 -0.999864 0.39326
-0.99987 -0.00178455 0.0160078 -0.724356 -0.00172834 0.999992 0.00352478 0.00673549 -0.0160139 0.00349666 -0.999866 0.382558
-0.999871 -0.00161165 0.0160068 -0.724351 -0.00155474 0.999992 0.0035672 0.00659862 -0.0160125 0.00354185 -0.999866 0.374195
-0.999868 -0.00196885 0.0161012 -0.723863 -0.00190875 0.999991 0.00374738 0.0067326 -0.0161084 0.00371615 -0.999863 0.359808
-0.99987 -0.00160598 0.0160181 -0.723865 -0.00154893 0.999992 0.00357351 0.00695448 -0.0160237 0.00354823 -0.999865 0.339102
-0.999871 -0.00196774 0.0159561 -0.723318 -0.00191298 0.999992 0.00344613 0.00684708 -0.0159628 0.00341516 -0.999867 0.312323
-0.999842 -0.00210354 0.0176269 -0.722135 -0.00203116 0.999989 0.00412268 0.00711869 -0.0176353 0.00408622 -0.999836 0.281948
-0.999299 -0.00196535 0.0373804 -0.718799 -0.00180939 0.99999 0.00420549 0.00753644 -0.0373883 0.00413491 -0.999292 0.259174
-0.99751 -0.00198826 0.0704954 -0.720544 -0.00176851 0.999993 0.00317951 0.00422803 -0.0705013 0.00304692 -0.997507 0.247109
-0.993457 -0.00175176 0.114189 -0.705937 -0.00127552 0.99999 0.00424359 0.00742615 -0.114196 0.00407018 -0.99345 0.235813
-0.987409 -0.00152012 0.158182 -0.699676 -0.000816746 0.999989 0.0045115 0.00781213 -0.158187 0.0043255 -0.9874 0.230817
-0.982693 -0.00234837 0.185224 -0.696857 -0.00161988 0.99999 0.00408428 0.00787396 -0.185232 0.00371355 -0.982688 0.226039
-0.979875 -0.00233362 0.1996 -0.694615 -0.00152762 0.99999 0.00419198 0.00771258 -0.199608 0.00380271 -0.979868 0.222507
-0.978094 -0.00199041 0.208153 -0.693572 -0.00117338 0.999991 0.00404853 0.00785405 -0.208159 0.00371561 -0.978088 0.220308
-0.972835 -0.0020729 0.23149 -0.690349 -0.00110263 0.99999 0.0043207 0.00769729 -0.231496 0.00394808 -0.972828 0.219567
-0.963826 -0.0020555 0.266523 -0.685688 -0.000943569 0.99999 0.00429999 0.00777441 -0.26653 0.00389296 -0.963819 0.221757
-0.95155 -0.00297675 0.307481 -0.680354 -0.00160086 0.999988 0.00472684 0.00766363 -0.307491 0.0040056 -0.951543 0.224864
-0.936755 -0.00282608 0.349974 -0.674922 -0.00127637 0.999988 0.00465863 0.00754775 -0.349983 0.0039173 -0.936748 0.228251
-0.926473 -0.00307917 0.376349 -0.6713 -0.00142642 0.999988 0.00467011 0.00746305 -0.376359 0.0037899 -0.926466 0.231116
-0.920787 -0.00267807 0.390057 -0.66988 -0.000977421 0.999989 0.00455843 0.00748002 -0.390065 0.00381609 -0.920779 0.232322
-0.917281 -0.00281485 0.39823 -0.669032 -0.00106755 0.999989 0.00460933 0.00755086 -0.398239 0.00380292 -0.917274 0.233184
-0.907533 -0.00321426 0.419968 -0.666382 -0.00126075 0.999987 0.00492907 0.00780206 -0.419978 0.00394382 -0.907526 0.235447
-0.891536 -0.0028296 0.45294 -0.662441 -0.000740665 0.999988 0.00478924 0.0077671 -0.452948 0.00393431 -0.891528 0.239817
-0.871087 -0.00280221 0.491121 -0.657595 -0.000429421 0.999988 0.00494402 0.00744672 -0.491129 0.00409577 -0.871077 0.24483
-0.847595 -0.00285699 0.530636 -0.65309 -0.000364214 0.999988 0.00480225 0.0074512 -0.530644 0.00387709 -0.847586 0.250963
-0.821742 -0.00283318 0.569853 -0.648828 -7.49175e-05 0.999988 0.00486367 0.00740011 -0.56986 0.00395399 -0.821732 0.257073
-0.804137 -0.00323776 0.594436 -0.646131 -0.000359186 0.999988 0.00496081 0.00763213 -0.594444 0.00377566 -0.804128 0.260953
-0.783047 -0.0035557 0.621953 -0.643545 -0.000586502 0.999987 0.00497851 0.00783538 -0.621963 0.00353362 -0.783039 0.265769
-0.755816 -0.00371072 0.654773 -0.640111 -0.000478698 0.999987 0.00511453 0.00775245 -0.654784 0.00355221 -0.755808 0.271662
-0.72489 -0.00269703 0.68886 -0.63666 0.000932067 0.999988 0.00489598 0.00734193 -0.688865 0.00419111 -0.724878 0.278453
-0.692158 -0.00307478 0.721739 -0.634245 0.000790362 0.999987 0.00501815 0.00750043 -0.721746 0.00404379 -0.692147 0.285703
-0.671201 -0.00342152 0.741268 -0.632752 0.000479137 0.999987 0.00504956 0.00726742 -0.741276 0.00374444 -0.67119 0.289848
-0.660069 -0.00360482 0.751196 -0.63196 0.000286883 0.999987 0.00505079 0.00736166 -0.751205 0.00354938 -0.66006 0.291944
-0.654206 -0.00368812 0.756307 -0.631536 0.000410952 0.999986 0.00523189 0.00732778 -0.756316 0.00373354 -0.654196 0.293017
-0.651117 -0.00336925 0.75897 -0.631186 0.000570952 0.999988 0.00492901 0.00709984 -0.758977 0.0036427 -0.651107 0.293332
-0.649547 -0.00355247 0.760313 -0.624442 0.000524882 0.999987 0.00512073 0.00727243 -0.760321 0.00372523 -0.649536 0.28773
-0.648622 -0.00317599 0.761104 -0.611061 0.000985326 0.999987 0.00501253 0.00744773 -0.76111 0.00400117 -0.64861 0.276219
-0.648183 -0.00348448 0.761477 -0.592855 0.00060104 0.999987 0.0050875 0.00759766 -0.761485 0.00375531 -0.648172 0.260833
-0.647978 -0.00317149 0.761652 -0.571845 0.00087952 0.999988 0.00491217 0.00812076 -0.761658 0.00385286 -0.647967 0.243044
-0.647964 -0.00302605 0.761665 -0.554766 0.000961784 0.999988 0.00479111 0.00797616 -0.76167 0.00383703 -0.647954 0.228639
-0.647837 -0.00298101 0.761773 -0.542636 0.000962323 0.999988 0.0047316 0.00786312 -0.761778 0.00379837 -0.647827 0.218228
-0.647818 -0.00347563 0.761787 -0.533573 0.00033989 0.999988 0.00485146 0.00802013 -0.761795 0.00340178 -0.647809 0.210367
-0.647925 -0.00348373 0.761696 -0.520441 0.000245415 0.999989 0.00478236 0.00803228 -0.761704 0.00328554 -0.647916 0.198773
-0.647917 -0.00361117 0.761702 -0.502284 4.10046e-05 0.999989 0.00477575 0.00813285 -0.761711 0.00312552 -0.64791 0.183505
-0.647838 -0.00319305 0.761771 -0.480731 0.000560432 0.999989 0.00466818 0.00822544 -0.761778 0.00345115 -0.647829 0.165542
-0.647809 -0.0031232 0.761797 -0.456518 0.000655432 0.999989 0.0046571 0.00848368 -0.761803 0.00351621 -0.647799 0.145531
-0.646908 -0.00323006 0.762561 -0.43091 0.000168033 0.99999 0.00437831 0.00939517 -0.762568 0.0029605 -0.646901 0.123663
-0.63164 -0.00311951 0.775255 -0.409395 0.000377687 0.999991 0.00433154 0.00937685 -0.775262 0.00302878 -0.631633 0.109485
-0.604841 -0.00324498 0.79634 -0.393508 0.000309169 0.999991 0.00430965 0.00973936 -0.796346 0.00285285 -0.604834 0.103119
-0.570885 -0.00294387 0.821025 -0.381185 0.00115775 0.99999 0.0043906 0.00959985 -0.821029 0.00345707 -0.570876 0.100557
-0.534006 -0.00309243 0.845475 -0.37209 0.00126198 0.999989 0.00445466 0.00994225 -0.84548 0.00344579 -0.533997 0.101594
-0.510098 -0.00313422 0.86011 -0.365303 0.00130102 0.999989 0.00441552 0.00966312 -0.860115 0.00337137 -0.510089 0.100599
-0.497932 -0.00297621 0.867211 -0.361266 0.0016685 0.999989 0.00438991 0.0096741 -0.867214 0.00363281 -0.497922 0.0992064
-0.490311 -0.00300527 0.871542 -0.35805 0.00170177 0.999989 0.00440555 0.00957059 -0.871546 0.00364325 -0.4903 0.0978713
-0.468588 -0.00301437 0.883411 -0.355386 0.0017937 0.999989 0.00436359 0.00956224 -0.883415 0.00362931 -0.468578 0.100594
-0.43638 -0.00263038 0.899759 -0.353594 0.00229044 0.999989 0.00403425 0.00941858 -0.89976 0.00382131 -0.436369 0.105425
-0.397644 -0.00304487 0.917535 -0.35248 0.00210672 0.999989 0.00423152 0.0095447 -0.917537 0.00361563 -0.397634 0.110953
-0.354815 -0.00315339 0.934931 -0.351834 0.00199977 0.999989 0.00413175 0.00934399 -0.934934 0.00333565 -0.354805 0.11768
-0.31 -0.00300031 0.950732 -0.351617 0.00227952 0.99999 0.00389903 0.00948792 -0.950734 0.00337591 -0.30999 0.124766
-0.282245 -0.00300083 0.959338 -0.351408 0.00231924 0.99999 0.00381033 0.00929862 -0.95934 0.00330038 -0.282235 0.129408
-0.267442 -0.00309454 0.963569 -0.350889 0.00246817 0.999989 0.00389655 0.00930448 -0.963571 0.00342035 -0.267431 0.131478
-0.259713 -0.00310044 0.965681 -0.34278 0.00264832 0.999989 0.00392284 0.00956504 -0.965682 0.00357624 -0.259702 0.129561
-0.255594 -0.00323324 0.966779 -0.325545 0.00230044 0.99999 0.00395249 0.00971946 -0.966781 0.00323425 -0.255584 0.125468
-0.253551 -0.003144 0.967317 -0.303226 0.00226807 0.99999 0.00384469 0.0098785 -0.967319 0.00316877 -0.253541 0.119429
-0.252462 -0.00283249 0.967603 -0.276004 0.00251798 0.99999 0.00358428 0.00967536 -0.967604 0.0033413 -0.252452 0.112893
-0.250696 -0.0032575 0.96806 -0.24545 0.00210936 0.99999 0.0039112 0.010215 -0.968063 0.00302251 -0.250687 0.104991
-0.231237 -0.00312235 0.972892 -0.222494 0.00267356 0.999989 0.00384476 0.00990062 -0.972894 0.00349014 -0.231226 0.101685
-0.197261 -0.00311074 0.980346 -0.206099 0.00298122 0.999988 0.00377293 0.0100491 -0.980347 0.00366688 -0.197249 0.102596
-0.155909 -0.00324045 0.987766 -0.195173 0.00335868 0.999987 0.00381068 0.0104267 -0.987766 0.00391171 -0.155896 0.106188
-0.110112 -0.0030722 0.993914 -0.187625 0.00289 0.99999 0.00341115 0.00983726 -0.993915 0.00324802 -0.110102 0.111226
-0.0639138 -0.00302109 0.997951 -0.18358 0.00328312 0.999989 0.00323753 0.0098006 -0.99795 0.00348332 -0.0639032 0.116663
-0.0352601 -0.0030614 0.999373 -0.180114 0.00348655 0.999989 0.0031863 0.0100528 -0.999372 0.00359672 -0.035249 0.119708
-0.0187606 -0.00295409 0.99982 -0.177939 0.00356002 0.999989 0.00302139 0.0101965 -0.999818 0.00361606 -0.0187499 0.121136
0.00936279 -0.00291067 0.999952 -0.177329 0.00361691 0.999989 0.00287692 0.0100818 -0.99995 0.0035898 0.00937321 0.124787
0.0478911 -0.00294947 0.998848 -0.17795 0.00379918 0.999989 0.00277068 0.00998173 -0.998845 0.00366212 0.0479017 0.130125
0.091451 -0.00293612 0.995805 -0.180008 0.00408916 0.999988 0.00257292 0.00971801 -0.995801 0.00383672 0.0914619 0.136081
0.13667 -0.00288057 0.990612 -0.182166 0.00378789 0.99999 0.00238525 0.00997577 -0.990609 0.00342634 0.136679 0.142577
0.164469 -0.00293341 0.986378 -0.184082 0.00366504 0.99999 0.00236279 0.00978576 -0.986375 0.00322651 0.164478 0.146079
0.178768 -0.00295042 0.983887 -0.184696 0.00384198 0.99999 0.00230064 0.00954581 -0.983884 0.00336879 0.178777 0.148152
0.187819 -0.00295213 0.982199 -0.185254 0.00435141 0.999988 0.00217351 0.00946974 -0.982194 0.00386573 0.18783 0.149098
0.211984 -0.00271298 0.977269 -0.187406 0.00413616 0.99999 0.00187886 0.00952087 -0.977264 0.00364385 0.211993 0.152282
0.247145 -0.00293077 0.968974 -0.18928 0.00396083 0.99999 0.00201434 0.0100117 -0.96897 0.0033401 0.247154 0.156667
0.288238 -0.00293953 0.957554 -0.193192 0.00418238 0.99999 0.00181084 0.0100309 -0.95755 0.0034829 0.288247 0.16209
0.331019 -0.00299252 0.943619 -0.19789 0.00432381 0.999989 0.00165451 0.00994196 -0.943614 0.00353235 0.331029 0.167923
0.35789 -0.00288345 0.933759 -0.201772 0.00437527 0.999989 0.00141101 0.00952366 -0.933753 0.00358046 0.357899 0.171263
0.371563 -0.00289626 0.928403 -0.20345 0.00436206 0.99999 0.00137381 0.00948804 -0.928398 0.00353929 0.371572 0.172878
0.379672 -0.00282926 0.925117 -0.203693 0.00448124 0.999989 0.00121911 0.00968595 -0.92511 0.00368281 0.379681 0.17365
0.401796 -0.00268886 0.915725 -0.206524 0.00471441 0.999989 0.000867724 0.00975818 -0.915717 0.00396846 0.401804 0.176318
0.435542 -0.00285401 0.900164 -0.210936 0.00475742 0.999988 0.000868644 0.00959209 -0.900156 0.00390413 0.43555 0.180566
0.472983 -0.00286258 0.881067 -0.215954 0.00448445 0.99999 0.000841577 0.00932211 -0.88106 0.00355305 0.472991 0.185357
0.512614 -0.00290475 0.858614 -0.222959 0.00485996 0.999988 0.000481518 0.0094249 -0.858606 0.00392599 0.512622 0.189588
0.536486 -0.00289231 0.843904 -0.225787 0.00476252 0.999989 0.000399638 0.00944588 -0.843896 0.00380471 0.536493 0.19226
0.549764 -0.0026636 0.835316 -0.227894 0.00437786 0.99999 0.00030741 0.00951945 -0.835309 0.00348789 0.54977 0.193479
0.572538 -0.00300147 0.819873 -0.231285 0.00474527 0.999989 0.000347117 0.00957224 -0.819864 0.00369178 0.572546 0.195977
0.604151 -0.00279209 0.796865 -0.237064 0.00448324 0.99999 0.000104796 0.00915249 -0.796857 0.00350923 0.604158 0.199248
0.638159 -0.00260017 0.769901 -0.243416 0.00449119 0.99999 -0.000345434 0.00893246 -0.769892 0.00367821 0.638164 0.202637
0.67251 -0.00308806 0.740081 -0.249118 0.00470139 0.999989 -9.95893e-05 0.00926218 -0.740073 0.00354639 0.672517 0.206758
0.693383 -0.00301958 0.720562 -0.253245 0.00468666 0.999989 -0.000319347 0.00904183 -0.720554 0.00359846 0.69339 0.20851
0.70385 -0.00305383 0.710342 -0.255082 0.00460035 0.999989 -0.000259261 0.00924304 -0.710333 0.0034503 0.703857 0.2097
0.710314 -0.00277196 0.70388 -0.25694 0.0043653 0.99999 -0.00046713 0.00903821 -0.703872 0.00340446 0.710319 0.209815
0.727073 -0.0026134 0.686555 -0.260637 0.00425664 0.999991 -0.000701346 0.00871593 -0.686547 0.00343235 0.727078 0.21146
0.751745 -0.00264005 0.659448 -0.26577 0.00437394 0.99999 -0.000982741 0.0094469 -0.659439 0.00362316 0.751749 0.213904
0.779402 -0.002592 0.626518 -0.272675 0.00435018 0.99999 -0.0012746 0.00921667 -0.626509 0.00371889 0.779406 0.215963
0.806572 -0.0026175 0.59113 -0.279724 0.00455024 0.999988 -0.00178069 0.00913303 -0.591119 0.00412604 0.806574 0.217955
0.823056 -0.0028181 0.567953 -0.284194 0.00474478 0.999987 -0.00191416 0.0087944 -0.56794 0.00427027 0.823059 0.218641
0.83202 -0.00245305 0.554741 -0.286768 0.00407588 0.99999 -0.00169121 0.00896565 -0.554731 0.00366818 0.832021 0.219363
0.847007 -0.00294565 0.531574 -0.290727 0.00436677 0.999989 -0.00141667 0.00896907 -0.531564 0.00352119 0.847011 0.220367
0.86661 -0.00273991 0.498978 -0.296843 0.00407479 0.99999 -0.00158599 0.00903929 -0.498969 0.00340767 0.866613 0.221835
0.887791 -0.0025353 0.460241 -0.30384 0.00382446 0.999991 -0.00186868 0.0090434 -0.460232 0.00341917 0.887792 0.222731
0.908153 -0.00282122 0.418629 -0.311677 0.00415681 0.999989 -0.00227847 0.0087716 -0.418618 0.00380936 0.908154 0.22251
0.926756 -0.00289468 0.375652 -0.319135 0.00408021 0.999989 -0.00236046 0.00867919 -0.375641 0.00372031 0.926758 0.222968
0.937764 -0.00248513 0.347265 -0.324326 0.00361764 0.99999 -0.00261295 0.00895507 -0.347255 0.00370661 0.937763 0.223088
0.949369 -0.00229552 0.314156 -0.330103 0.00333961 0.999991 -0.00278531 0.00883701 -0.314147 0.00369345 0.949367 0.223033
0.96188 -0.00260642 0.273458 -0.336938 0.00356892 0.999989 -0.0030223 0.00876486 -0.273448 0.00388304 0.961879 0.221925
0.973429 -0.00237399 0.228979 -0.344175 0.00320636 0.99999 -0.00326317 0.00876387 -0.228968 0.00391065 0.973426 0.220847
0.983065 -0.0025452 0.183238 -0.351949 0.00320013 0.99999 -0.00327858 0.0087985 -0.183228 0.00380944 0.983063 0.219694
0.987913 -0.00312174 0.154979 -0.356385 0.0037265 0.999987 -0.00361182 0.00870365 -0.154966 0.00414569 0.987911 0.21858
0.990084 -0.00302589 0.140445 -0.358753 0.00359377 0.999986 -0.00378995 0.0086452 -0.140432 0.00425709 0.990081 0.217689
0.991163 -0.00294433 0.132617 -0.359806 0.00348117 0.999987 -0.00381635 0.00863997 -0.132604 0.00424429 0.99116 0.217515
0.991686 -0.00314767 0.128641 -0.360127 0.00367536 0.999986 -0.00386484 0.00856931 -0.128627 0.00430551 0.991684 0.217321
0.991957 -0.00336981 0.126529 -0.360109 0.00389692 0.999985 -0.00391854 0.00855616 -0.126514 0.0043801 0.991955 0.217169
0.992082 -0.00292178 0.125561 -0.360658 0.00343455 0.999987 -0.00386751 0.00838721 -0.125548 0.00426813 0.992078 0.217093
0.992182 -0.00319683 0.124758 -0.360372 0.00370217 0.999986 -0.00381892 0.0087217 -0.124744 0.00425094 0.99218 0.217224
0.992428 -0.0029956 0.122794 -0.36068 0.0035041 0.999986 -0.0039253 0.00864776 -0.122781 0.00432586 0.992424 0.217151
0.994664 -0.00329835 0.103119 -0.363823 0.00371836 0.999986 -0.0038811 0.00861736 -0.103105 0.00424382 0.994661 0.216262
0.997629 -0.0031837 0.0687472 -0.369205 0.0034696 0.999986 -0.00403969 0.00844148 -0.0687333 0.00426864 0.997626 0.214518
0.999638 -0.00329087 0.0266903 -0.375793 0.00340233 0.999986 -0.00413164 0.00845778 -0.0266764 0.00422095 0.999635 0.212442
0.999817 -0.00308219 -0.0188783 -0.38288 0.00299672 0.999985 -0.0045542 0.00869139 0.018892 0.0044968 0.999811 0.209638
0.997872 -0.00299347 -0.0651371 -0.389814 0.00269936 0.999986 -0.00460292 0.00863147 0.06515 0.0044173 0.997866 0.206534
0.995585 -0.00271771 -0.0938209 -0.394293 0.00228923 0.999986 -0.00467436 0.00856046 0.0938323 0.00443895 0.995578 0.204094
0.994023 -0.00333774 -0.109118 -0.396255 0.00284017 0.999985 -0.00471511 0.00827693 0.109132 0.00437701 0.994018 0.203432
0.993182 -0.00320375 -0.116532 -0.396952 0.00270747 0.999987 -0.00441686 0.0083791 0.116545 0.00407123 0.993177 0.202786
0.992671 -0.00337666 -0.120799 -0.397357 0.0028518 0.999986 -0.00451754 0.0083936 0.120813 0.00413994 0.992667 0.202648
0.992435 -0.00375835 -0.122717 -0.397369 0.00321961 0.999984 -0.0045881 0.00831594 0.122732 0.00415829 0.992431 0.20246
0.992275 -0.00321907 -0.124015 -0.397601 0.00267001 0.999986 -0.00459329 0.0083839 0.124028 0.00422668 0.99227 0.202107
0.99222 -0.00323634 -0.124456 -0.397727 0.00266958 0.999985 -0.00472042 0.00823259 0.12447 0.00435145 0.992214 0.202098
0.992192 -0.00326652 -0.124676 -0.397603 0.00271297 0.999986 -0.00460947 0.00820178 0.124689 0.00423524 0.992187 0.202209
0.992151 -0.00324435 -0.125006 -0.397731 0.00266907 0.999985 -0.00476925 0.00823102 0.12502 0.00439817 0.992144 0.202151
0.992144 -0.00331478 -0.125061 -0.397706 0.00273621 0.999985 -0.00479774 0.00829638 0.125075 0.00441786 0.992137 0.202154
0.992152 -0.00334734 -0.124996 -0.397665 0.00277786 0.999985 -0.00472995 0.00827613 0.12501 0.0043456 0.992146 0.202201
0.992147 -0.00329295 -0.12503 -0.397746 0.00273313 0.999985 -0.00464872 0.00820622 0.125044 0.00427049 0.992142 0.202112
0.992149 -0.00350536 -0.125014 -0.397676 0.00293765 0.999985 -0.00472522 0.00826802 0.125028 0.00432087 0.992144 0.202143
0.992146 -0.00336698 -0.12504 -0.397724 0.00280608 0.999985 -0.00466158 0.00823854 0.125054 0.0042741 0.992141 0.20216
0.99214 -0.00332307 -0.125086 -0.397666 0.00275994 0.999985 -0.00467496 0.00823723 0.1251 0.00429298 0.992135 0.202186
0.992143 -0.00334882 -0.125068 -0.397646 0.0027827 0.999985 -0.00470093 0.00823232 0.125082 0.00431597 0.992137 0.202116
0.992156 -0.00346335 -0.124961 -0.397691 0.00289327 0.999985 -0.00474325 0.00827715 0.124976 0.0043445 0.99215 0.202159
0.992146 -0.00329977 -0.12504 -0.397724 0.00273927 0.999985 -0.00465417 0.00823252 0.125054 0.0042751 0.992141 0.202165
0.992147 -0.00340302 -0.125034 -0.397659 0.00283443 0.999985 -0.0047251 0.00834481 0.125048 0.00433359 0.992141 0.202196
0.992143 -0.00338659 -0.125062 -0.397644 0.00281872 0.999985 -0.00471737 0.0083169 0.125077 0.00432779 0.992138 0.202155
0.992146 -0.0034422 -0.125035 -0.397657 0.00287342 0.999985 -0.004729 0.00828801 0.125049 0.00433258 0.992141 0.202152
0.99214 -0.00348794 -0.125083 -0.397602 0.00292583 0.999985 -0.00467734 0.00829754 0.125097 0.00427461 0.992135 0.202235
0.992144 -0.00343148 -0.125055 -0.397648 0.00286783 0.999985 -0.00468691 0.0082881 0.125069 0.00429145 0.992139 0.202193
0.992141 -0.00337496 -0.12508 -0.397619 0.00281662 0.999985 -0.00464048 0.00824451 0.125094 0.00425171 0.992136 0.202197
0.992138 -0.00334436 -0.1251 -0.397655 0.0027862 0.999985 -0.00463642 0.00824428 0.125114 0.00425142 0.992133 0.20215
0.992133 -0.00326587 -0.125142 -0.397648 0.00271046 0.999986 -0.00460823 0.00829331 0.125156 0.00423278 0.992128 0.202197
0.992138 -0.00320884 -0.125109 -0.397715 0.00265721 0.999986 -0.00457582 0.00827188 0.125122 0.0042074 0.992132 0.202134
0.992141 -0.00344969 -0.125076 -0.397635 0.00288427 0.999985 -0.0047014 0.00832 0.12509 0.0043037 0.992136 0.202133
0.992145 -0.00334929 -0.125045 -0.397703 0.00277766 0.999985 -0.00474547 0.00827067 0.125059 0.00436086 0.99214 0.202092
0.992146 -0.0033674 -0.125037 -0.39769 0.0027971 0.999985 -0.00473636 0.00825346 0.125051 0.00434942 0.992141 0.202147
0.992149 -0.00332924 -0.125017 -0.397688 0.00276388 0.999985 -0.00469542 0.00820751 0.125031 0.00431302 0.992144 0.202093
0.992136 -0.00320774 -0.12512 -0.397717 0.00264903 0.999986 -0.00463147 0.00826031 0.125133 0.00426361 0.992131 0.202047
0.992137 -0.00321409 -0.125119 -0.397717 0.0026544 0.999986 -0.00463979 0.00825088 0.125132 0.00427119 0.992131 0.202051
0.992143 -0.00342338 -0.125063 -0.397639 0.00284817 0.999985 -0.0047779 0.00823381 0.125077 0.00438416 0.992137 0.202081
0.99214 -0.00331138 -0.125091 -0.397663 0.00274191 0.999985 -0.00472434 0.00820139 0.125105 0.00434421 0.992134 0.202057
0.992135 -0.00329974 -0.125127 -0.397637 0.00274717 0.999986 -0.00458836 0.00828278 0.125141 0.00420853 0.99213 0.202185
0.992137 -0.00320148 -0.125118 -0.397682 0.00264225 0.999986 -0.00463525 0.00824344 0.125131 0.00426821 0.992131 0.202078
0.992141 -0.00345187 -0.125077 -0.397593 0.00288699 0.999985 -0.00469726 0.00829585 0.125091 0.00429925 0.992136 0.202192
0.992142 -0.0034299 -0.125068 -0.397626 0.00286179 0.999985 -0.00472179 0.00830197 0.125082 0.00432677 0.992137 0.202186
0.992144 -0.00340027 -0.125056 -0.397692 0.00284023 0.999985 -0.00465633 0.00820474 0.12507 0.00426456 0.992139 0.20217
0.992141 -0.00334032 -0.125081 -0.397679 0.00277303 0.999985 -0.00470924 0.00820315 0.125095 0.00432537 0.992135 0.202105
0.992141 -0.003445 -0.125075 -0.397648 0.00287849 0.999985 -0.0047098 0.00827839 0.125089 0.00431275 0.992136 0.202167
0.992136 -0.00343154 -0.125115 -0.397653 0.00286522 0.999985 -0.00470608 0.00827388 0.125129 0.00431059 0.992131 0.202162
0.99214 -0.00341348 -0.125086 -0.39763 0.00283724 0.999985 -0.00478461 0.00823102 0.1251 0.00439211 0.992134 0.202055
0.992142 -0.00335148 -0.125074 -0.39768 0.00278335 0.999985 -0.00471683 0.00820316 0.125088 0.00433164 0.992136 0.202101
0.992144 -0.00344735 -0.125051 -0.397603 0.00287739 0.999985 -0.00473817 0.00829214 0.125065 0.00434113 0.992139 0.202165
0.992147 -0.00347653 -0.12503 -0.397645 0.00290992 0.999985 -0.00471409 0.00829059 0.125045 0.00431324 0.992142 0.202181
0.99214 -0.00344145 -0.125084 -0.397592 0.00287741 0.999985 -0.0046897 0.00829551 0.125098 0.00429292 0.992135 0.202197
0.992143 -0.00349145 -0.125059 -0.39761 0.00292183 0.999985 -0.00473802 0.00829638 0.125074 0.00433539 0.992138 0.202183
0.99214 -0.00338286 -0.125088 -0.397597 0.00282416 0.999985 -0.00464343 0.00825698 0.125102 0.00425366 0.992135 0.202195
0.992133 -0.00316816 -0.125145 -0.397698 0.00260873 0.999986 -0.00463386 0.00826957 0.125158 0.00427094 0.992128 0.202042
0.992147 -0.00331893 -0.125029 -0.397677 0.00275624 0.999985 -0.00467314 0.00820241 0.125043 0.00429183 0.992142 0.20211
0.992145 -0.00335087 -0.12505 -0.397674 0.00278829 0.999985 -0.00467363 0.00820613 0.125063 0.00428824 0.992139 0.202139
0.992138 -0.00325585 -0.125109 -0.39766 0.00269494 0.999986 -0.00465238 0.0082363 0.125122 0.00427864 0.992132 0.20205
0.992139 -0.00314616 -0.1251 -0.39774 0.00258474 0.999986 -0.00464984 0.00826302 0.125112 0.00428994 0.992133 0.202062
0.992143 -0.00337489 -0.125064 -0.397671 0.00280241 0.999985 -0.00475311 0.00826819 0.125078 0.00436529 0.992137 0.202119
0.992144 -0.00329185 -0.12506 -0.397692 0.00272859 0.999985 -0.00467493 0.00821284 0.125074 0.00429696 0.992138 0.202147
0.992145 -0.0033376 -0.125048 -0.397668 0.00276963 0.999985 -0.0047156 0.00821456 0.125062 0.00433222 0.99214 0.202083
0.992137 -0.00320701 -0.125119 -0.397715 0.00264827 0.999986 -0.00463173 0.00825997 0.125132 0.00426396 0.992131 0.202047
0.992139 -0.00344139 -0.125093 -0.397677 0.00287337 0.999985 -0.00472088 0.00828732 0.125108 0.00432433 0.992134 0.202169
0.992135 -0.00316948 -0.125132 -0.397703 0.00261081 0.999986 -0.00462841 0.00826702 0.125144 0.00426531 0.992129 0.202071
0.992141 -0.00337081 -0.125076 -0.397663 0.00281062 0.999985 -0.00465494 0.00825149 0.125089 0.00426682 0.992136 0.202162
0.992129 -0.00327597 -0.125174 -0.397644 0.00272352 0.999986 -0.00458438 0.00828282 0.125187 0.00420738 0.992124 0.202175
0.992146 -0.00350294 -0.125033 -0.397625 0.00293607 0.999985 -0.00471776 0.00828895 0.125048 0.00431361 0.992141 0.20217
0.992139 -0.00314333 -0.125101 -0.39774 0.00258193 0.999986 -0.00464951 0.00826334 0.125114 0.00428996 0.992133 0.202063
0.992145 -0.00337644 -0.125048 -0.397696 0.00280724 0.999985 -0.00472779 0.00821479 0.125062 0.00433961 0.992139 0.202084
0.992137 -0.0033439 -0.125112 -0.397609 0.00279129 0.999986 -0.00459202 0.00826601 0.125125 0.00420669 0.992132 0.202261
0.992138 -0.00334116 -0.125103 -0.397613 0.00277996 0.999985 -0.00466026 0.00824523 0.125116 0.00427584 0.992133 0.202134
0.992147 -0.00331893 -0.125029 -0.397677 0.00275624 0.999985 -0.00467314 0.00820241 0.125043 0.00429183 0.992142 0.20211
0.992139 -0.00344139 -0.125093 -0.397677 0.00287337 0.999985 -0.00472088 0.00828732 0.125108 0.00432433 0.992134 0.202169
0.992139 -0.00336989 -0.125097 -0.397652 0.00279607 0.999985 -0.00476228 0.00823348 0.125111 0.00437507 0.992133 0.202076
