1 -0 0 -0 -0 1 -0 0 0 -0 1 0
1 -0.000228315 4.51167e-06 9.26359e-05 0.000228316 1 -7.36855e-05 -7.96654e-06 -4.49484e-06 7.36866e-05 1 1.39486e-05
1 -4.51029e-05 1.06617e-05 2.64174e-05 4.51031e-05 1 -1.92566e-05 1.95166e-05 -1.06608e-05 1.9257e-05 1 2.65522e-05
1 -9.00674e-06 5.57137e-05 9.42933e-05 9.00808e-06 1 -2.39735e-05 -4.934e-05 -5.57134e-05 2.3974e-05 1 2.68695e-05
1 1.2089e-05 2.69225e-05 3.05211e-05 -1.20894e-05 1 1.57776e-05 2.03366e-06 -2.69224e-05 -1.57779e-05 1 5.88572e-05
1 5.86145e-05 6.7237e-05 -2.02442e-06 -5.86136e-05 1 -1.38283e-05 1.46326e-05 -6.72379e-05 1.38243e-05 1 -3.23523e-05
1 3.33515e-05 -6.92631e-06 -2.35397e-05 -3.33515e-05 1 2.87575e-06 2.4178e-05 6.92641e-06 -2.87552e-06 1 -5.86928e-06
1 3.58224e-05 -9.87035e-06 3.52032e-05 -3.58228e-05 1 -3.82999e-05 2.76131e-07 9.86898e-06 3.83002e-05 1 -3.25842e-05
1 2.92874e-05 -2.84406e-05 -6.43711e-06 -2.92875e-05 1 -5.26321e-06 2.79073e-05 2.84405e-05 5.26404e-06 1 -2.37293e-06
1 6.39436e-06 -1.81347e-05 -1.93302e-07 -6.39439e-06 1 -1.62485e-06 1.89472e-05 1.81347e-05 1.62497e-06 1 -2.26029e-05
1 2.26413e-05 2.07549e-05 2.73309e-05 -2.26409e-05 1 -1.61272e-05 8.59896e-06 -2.07553e-05 1.61268e-05 1 -2.04077e-05
1 6.39314e-06 -1.8135e-05 -1.92531e-07 -6.39317e-06 1 -1.62436e-06 1.89473e-05 1.8135e-05 1.62448e-06 1 -2.26022e-05
1 6.82443e-05 -1.14361e-05 2.77053e-05 -6.82444e-05 1 -9.57787e-06 -1.05717e-05 1.14355e-05 9.57865e-06 1 2.59892e-05
1 3.16047e-05 1.47473e-05 2.64196e-05 -3.16044e-05 1 -1.83864e-05 1.6808e-05 -1.47479e-05 1.8386e-05 1 -3.38212e-05
1 7.14932e-05 -6.75037e-06 1.1331e-05 -7.14932e-05 1 -9.32548e-06 -8.81988e-06 6.74971e-06 9.32596e-06 1 2.50549e-05
1 1.25704e-05 -8.00603e-06 -3.54134e-05 -1.25707e-05 1 -3.93501e-05 4.72064e-07 8.00553e-06 3.93502e-05 1 -2.39237e-05
1 2.80674e-05 -2.57638e-05 -8.47689e-06 -2.80675e-05 1 -3.62813e-06 2.72254e-05 2.57637e-05 3.62885e-06 1 -2.4276e-07
1 4.48068e-05 5.91049e-06 1.15417e-05 -4.48066e-05 1 -3.88443e-05 1.66648e-05 -5.91224e-06 3.8844e-05 1 -1.67711e-05
1 4.78936e-05 -1.72257e-05 -6.11147e-06 -4.78945e-05 1 -5.18507e-05 -1.99463e-06 1.72232e-05 5.18516e-05 1 -5.58248e-06
1 3.53499e-05 -1.07896e-05 -2.07919e-05 -3.53499e-05 1 2.33927e-06 2.3635e-05 1.07897e-05 -2.33889e-06 1 -9.73048e-06
1 1.7257e-05 -8.88872e-06 1.70835e-05 -1.72573e-05 1 -2.94771e-05 2.50107e-06 8.88821e-06 2.94772e-05 1 3.71105e-05
1 2.18122e-05 -1.41199e-05 1.79311e-05 -2.18119e-05 1 1.6798e-05 2.62134e-05 1.41203e-05 -1.67977e-05 1 -1.0123e-05
1 5.28939e-05 -7.46927e-06 1.23955e-05 -5.28942e-05 1 -4.69712e-05 2.06508e-06 7.46679e-06 4.69716e-05 1 1.93427e-05
1 3.74317e-05 -2.12978e-05 -2.34541e-05 -3.7432e-05 1 -1.22389e-05 1.45169e-05 2.12974e-05 1.22397e-05 1 -1.76609e-06
1 3.05681e-06 -2.67923e-05 2.62076e-05 -3.05798e-06 1 -4.3726e-05 7.10066e-06 2.67921e-05 4.37261e-05 1 1.09216e-05
1 2.45856e-05 -1.4558e-05 1.3759e-05 -2.45854e-05 1 1.35255e-05 2.13588e-05 1.45584e-05 -1.35252e-05 1 -1.77365e-05
1 2.59184e-05 3.12791e-05 7.63289e-05 -2.59175e-05 1 -2.7128e-05 -3.18627e-05 -3.12798e-05 2.71272e-05 1 3.79293e-06
1 7.82597e-06 -1.93862e-05 -2.07691e-06 -7.82599e-06 1 -8.73354e-07 1.91541e-05 1.93862e-05 8.73506e-07 1 -2.07122e-05
1 3.91414e-06 -2.8219e-05 -3.64298e-07 -3.91549e-06 1 -4.76452e-05 2.5471e-05 2.82188e-05 4.76453e-05 1 2.03523e-05
1 7.82715e-06 -1.93858e-05 -2.07766e-06 -7.82716e-06 1 -8.73862e-07 1.9154e-05 1.93858e-05 8.74013e-07 1 -2.07129e-05
1 3.4005e-05 2.64773e-05 5.41417e-05 -3.40048e-05 1 -7.49972e-06 1.60826e-05 -2.64776e-05 7.49882e-06 1 -2.91188e-05
1 5.00468e-05 5.86297e-06 -2.11723e-05 -5.00465e-05 1 -5.17671e-05 2.97006e-05 -5.86556e-06 5.17668e-05 1 -5.33344e-05
1 3.59848e-05 -2.44327e-05 9.18588e-06 -3.59856e-05 1 -3.28693e-05 2.01009e-05 2.44315e-05 3.28702e-05 1 -4.63844e-05
1 4.90608e-05 -7.82134e-06 -3.49711e-06 -4.90612e-05 1 -4.67349e-05 1.98122e-05 7.81904e-06 4.67353e-05 1 -6.73863e-05
1 4.56005e-05 -5.76106e-06 -4.7697e-06 -4.56007e-05 1 -4.49754e-05 1.91464e-05 5.75901e-06 4.49757e-05 1 -6.507e-05
1 4.56005e-05 -5.76107e-06 -4.76971e-06 -4.56007e-05 1 -4.49754e-05 1.91464e-05 5.75901e-06 4.49757e-05 1 -6.50699e-05
1 1.06882e-05 -6.70911e-06 -1.0691e-05 -1.06884e-05 1 -3.20404e-05 -9.83568e-06 6.70877e-06 3.20404e-05 1 -3.89549e-05
1 3.91335e-06 1.78153e-05 7.64452e-05 -3.91313e-06 1 -1.23903e-05 5.54567e-06 -1.78154e-05 1.23902e-05 1 -5.37983e-06
1 5.31098e-05 -7.11877e-06 -1.01337e-05 -5.31102e-05 1 -5.02123e-05 3.14554e-05 7.1161e-06 5.02127e-05 1 -5.46214e-05
1 3.77392e-05 2.40317e-06 -7.12496e-06 -3.77392e-05 1 -1.61406e-05 2.52368e-05 -2.40378e-06 1.61405e-05 1 -2.39314e-05
1 6.52634e-05 -5.74446e-06 1.54707e-05 -6.52635e-05 1 -1.24018e-05 -9.0206e-06 5.74365e-06 1.24022e-05 1 2.50192e-05
1 4.65586e-05 -8.34864e-06 -8.61764e-06 -4.6559e-05 1 -5.18727e-05 3.21741e-05 8.34623e-06 5.18731e-05 1 -5.47536e-05
1 4.22834e-05 6.10964e-06 1.31613e-05 -4.22832e-05 1 -3.18781e-05 4.22882e-06 -6.11099e-06 3.18778e-05 1 -2.81278e-05
1 2.67268e-05 -1.32561e-05 -8.07955e-07 -2.67273e-05 1 -3.70308e-05 -1.94657e-06 1.32552e-05 3.70311e-05 1 5.8196e-07
1 4.72207e-05 -7.15275e-06 1.17056e-05 -4.72209e-05 1 -2.08074e-05 -1.47379e-05 7.15177e-06 2.08078e-05 1 2.1876e-05
1 3.27722e-05 5.08249e-06 -3.05592e-05 -3.27722e-05 1 8.98066e-06 1.90554e-05 -5.0822e-06 -8.98083e-06 1 1.75392e-05
1 1.83239e-05 -1.20749e-05 1.68309e-05 -1.83237e-05 1 1.84856e-05 2.55239e-05 1.20752e-05 -1.84854e-05 1 -8.01289e-06
1 3.15979e-05 -2.65104e-06 1.86494e-05 -3.15979e-05 1 -3.23286e-05 2.19842e-06 2.65002e-06 3.23286e-05 1 2.46807e-05
1 7.19565e-05 -6.88638e-06 2.65439e-05 -7.19567e-05 1 -3.57868e-05 2.91547e-06 6.8838e-06 3.57873e-05 1 3.14152e-05
1 3.80296e-05 -2.15312e-05 -2.36215e-05 -3.80299e-05 1 -1.25043e-05 1.44932e-05 2.15308e-05 1.25052e-05 1 -1.84327e-06
1 1.13078e-05 -2.80494e-05 3.81815e-05 -1.13089e-05 1 -3.98955e-05 8.72012e-06 2.80489e-05 3.98958e-05 1 3.21304e-05
1 2.35525e-05 -7.87355e-06 4.3853e-06 -2.35526e-05 1 -5.30211e-06 -4.13752e-06 7.87342e-06 5.3023e-06 1 3.65909e-05
1 2.80264e-05 2.9975e-05 8.00651e-05 -2.80256e-05 1 -2.96689e-05 -3.17568e-05 -2.99758e-05 2.9668e-05 1 2.65153e-06
1 1.55694e-05 -5.36061e-06 4.15863e-06 -1.55694e-05 1 8.54906e-06 -1.06659e-06 5.36074e-06 -8.54898e-06 1 -6.4701e-07
1 2.80311e-05 -4.26879e-06 1.78042e-05 -2.80312e-05 1 -3.46271e-05 1.36781e-06 4.26782e-06 3.46272e-05 1 -2.38568e-05
1 2.33409e-05 -2.51609e-06 1.37022e-05 -2.33409e-05 1 -7.16101e-06 -1.39038e-05 2.51593e-06 7.16107e-06 1 2.66527e-05
1 2.24275e-05 -5.74883e-07 1.60565e-05 -2.24275e-05 1 -7.26547e-06 -1.43064e-05 5.74721e-07 7.26548e-06 1 2.84316e-05
1 4.73904e-05 -5.79764e-06 -4.97635e-06 -4.73907e-05 1 -5.19382e-05 3.23786e-05 5.79518e-06 5.19385e-05 1 -5.32744e-05
1 0.000138063 4.16891e-05 -0.000101969 -0.000138066 1 7.53529e-05 0.00016851 -4.16787e-05 -7.53587e-05 1 0.00180784
1 0.000210778 0.000125712 -0.000154393 -0.000210788 1 7.44015e-05 0.000230624 -0.000125696 -7.4428e-05 1 0.00881627
1 4.75458e-05 0.000232648 -0.000298399 -4.75562e-05 1 4.45513e-05 0.0002383 -0.000232646 -4.45624e-05 1 0.0189561
1 0.000318664 2.69191e-05 -0.00021709 -0.000318663 1 -1.15191e-05 0.000253066 -2.69228e-05 1.15105e-05 1 0.0289632
1 -1.60765e-05 -0.000296348 0.000680378 1.6088e-05 1 3.87303e-05 4.27627e-05 0.000296347 -3.87351e-05 1 0.0349509
0.999999 -0.000386411 -0.00134342 0.000509334 0.000386718 1 0.000228417 6.77451e-05 0.00134333 -0.000228936 0.999999 0.0444889
0.999995 -0.000346546 -0.00312419 0.000301435 0.000346805 1 8.23079e-05 8.8646e-05 0.00312416 -8.3391e-05 0.999995 0.0564945
0.999987 -0.000261222 -0.00510961 -0.000260796 0.000260774 1 -8.83995e-05 -0.000128505 0.00510963 8.70659e-05 0.999987 0.0702869
0.999978 -4.49116e-05 -0.00664616 -0.000713444 4.50841e-05 1 2.57987e-05 -0.000112361 0.00664615 -2.60977e-05 0.999978 0.0905702
0.999979 -0.000413601 -0.00648609 -0.000349875 0.000414638 1 0.00015854 0.000210288 0.00648602 -0.000161226 0.999979 0.106552
0.99998 -0.000325053 -0.00629623 -0.000540338 0.000324932 1 -2.02014e-05 1.5483e-06 0.00629624 1.81551e-05 0.99998 0.119687
0.999983 -0.000392962 -0.00583784 -0.00118588 0.000390456 1 -0.000430371 -0.000126292 0.00583801 0.000428084 0.999983 0.131593
0.999982 -0.000510155 -0.00593632 -0.00133915 0.000508116 1 -0.000345126 -7.33729e-05 0.00593649 0.000342104 0.999982 0.153421
0.999983 -0.000553681 -0.00581765 -0.00127433 0.000550353 1 -0.000573539 -0.000141461 0.00581797 0.000570327 0.999983 0.166698
0.999983 -0.000719053 -0.00573955 -0.00135495 0.000715412 1 -0.000636379 -0.000204281 0.00574 0.000632263 0.999983 0.182956
0.999981 -0.000275421 -0.00620845 -0.00170603 0.000271721 1 -0.000596796 3.90281e-05 0.00620861 0.000595098 0.999981 0.198019
0.999981 -0.000434096 -0.00609994 -0.00185965 0.00043205 1 -0.000336722 0.000250416 0.00610008 0.00033408 0.999981 0.208655
0.999981 -0.000612212 -0.00617274 -0.00210821 0.000609002 1 -0.000521925 0.000156917 0.00617305 0.000518156 0.999981 0.222373
0.999984 0.000169734 -0.00558053 -0.00324097 -0.000168209 1 0.00027368 -0.00111537 0.00558058 -0.000272737 0.999984 0.243558
0.999985 9.86871e-05 -0.00543814 -0.00314668 -9.64084e-05 1 0.000419269 -0.00123788 0.00543818 -0.000418739 0.999985 0.26462
0.999984 0.000278498 -0.00560929 -0.00371545 -0.000277737 1 0.00013633 -0.0011575 0.00560933 -0.00013477 0.999984 0.274996
0.999985 0.00037493 -0.0055379 -0.00389624 -0.000373443 1 0.000269476 -0.00113868 0.005538 -0.000267404 0.999985 0.318919
0.999985 0.000336196 -0.00540105 -0.00394783 -0.000336447 1 -4.54969e-05 -0.00162359 0.00540104 4.73134e-05 0.999985 0.326162
0.999985 0.000186541 -0.00542413 -0.00390036 -0.000185989 1 0.000102226 -0.00174521 0.00542415 -0.000101215 0.999985 0.347196
0.999986 0.000128915 -0.00533187 -0.00407448 -0.000129961 1 -0.000195892 -0.00158057 0.00533185 0.000196582 0.999986 0.362698
0.999986 -0.000102528 -0.00520588 -0.00386594 0.000103401 1 0.000167441 -0.00112281 0.00520586 -0.000167977 0.999986 0.377179
0.999988 0.000241387 -0.00487478 -0.00353375 -0.00024145 1 -1.23961e-05 -0.001684 0.00487478 1.35729e-05 0.999988 0.389134
0.999985 4.5865e-05 -0.00544229 -0.00425843 -4.54342e-05 1 7.92819e-05 -0.000998906 0.00544229 -7.90335e-05 0.999985 0.403276
0.999986 0.000127962 -0.0052046 -0.00397564 -0.000129536 1 -0.000302035 -0.00183459 0.00520456 0.000302705 0.999986 0.416966
0.999984 0.000569166 -0.00562231 -0.00536366 -0.000568524 1 0.000115849 -0.00182851 0.00562238 -0.00011265 0.999984 0.430239
0.999987 0.000175952 -0.0051802 -0.00556644 -0.000176883 1 -0.000179271 -0.00208436 0.00518017 0.000180185 0.999987 0.445327
0.999989 -0.000245066 -0.00477124 -0.0025784 0.000246166 1 0.000230087 -0.001362 0.00477118 -0.000231259 0.999989 0.470008
0.999987 -0.000465877 -0.00508614 -0.00406674 0.000465273 1 -0.000119832 -0.00126917 0.00508619 0.000117464 0.999987 0.484897
0.999988 1.84694e-05 -0.00496663 -0.00479458 -1.87324e-05 1 -5.29219e-05 -0.000577748 0.00496663 5.30143e-05 0.999988 0.497963
0.999987 -0.000632693 -0.0051251 -0.00862059 0.000630727 1 -0.000385085 -0.000850424 0.00512534 0.000381847 0.999987 0.50878
0.999986 -0.000728469 -0.00529208 -0.00883989 0.000726606 1 -0.000353947 -0.000631841 0.00529233 0.000350097 0.999986 0.5254
0.999987 -0.000406927 -0.00510715 -0.00907487 0.000403921 1 -0.000589703 -0.000856287 0.00510739 0.000587632 0.999987 0.553516
0.999987 -0.000770772 -0.00504382 -0.0091036 0.000769224 1 -0.00030888 -0.000408973 0.00504406 0.000304996 0.999987 0.565242
0.999987 -0.000905801 -0.00501915 -0.00899343 0.000903338 0.999999 -0.000492961 -0.000886485 0.0050196 0.00048842 0.999987 0.580172
0.999988 -0.000708636 -0.00486354 -0.00916492 0.000707571 1 -0.000220721 -0.000501919 0.00486369 0.000217277 0.999988 0.595666
0.999987 -0.00099996 -0.00498438 -0.00952076 0.00099847 0.999999 -0.000301491 -0.000453975 0.00498467 0.000296511 0.999988 0.606856
0.999987 -0.000686507 -0.00506438 -0.0104303 0.000684576 1 -0.000383036 -0.000685048 0.00506465 0.000379564 0.999987 0.631924
0.999988 -0.0012242 -0.00474888 -0.0103524 0.00122098 0.999999 -0.000682297 -0.000775533 0.00474971 0.000676491 0.999988 0.648587
0.999987 -0.00102689 -0.00491444 -0.0105983 0.00102382 0.999999 -0.000628449 -0.000156349 0.00491508 0.000623409 0.999988 0.659029
0.999986 -0.00125972 -0.00511822 -0.0103713 0.00125493 0.999999 -0.000937549 -0.000901754 0.00511939 0.000931113 0.999986 0.672785
0.999986 -0.000529979 -0.00533577 -0.0118009 0.00052627 1 -0.000696623 -0.0010256 0.00533613 0.000693805 0.999986 0.695455
0.999965 0.0021323 -0.00808691 -0.00452393 -0.00214195 0.999997 -0.00118486 0.00116488 0.00808436 0.00120214 0.999967 0.708614
0.999965 0.00203235 -0.00816245 -0.00475191 -0.00204196 0.999997 -0.00116993 0.00129985 0.00816005 0.00118655 0.999966 0.720723
0.999965 0.00193226 -0.0081672 -0.00477766 -0.00194172 0.999997 -0.00115024 0.000923575 0.00816495 0.00116606 0.999966 0.734497
0.999965 0.0020925 -0.00804396 -0.00479705 -0.00210036 0.999997 -0.000969197 0.00120799 0.00804191 0.000986059 0.999967 0.751961
0.999964 0.00207658 -0.00821263 -0.00497442 -0.00208754 0.999997 -0.0013264 0.00088284 0.00820985 0.00134349 0.999965 0.762722
0.999966 0.00193934 -0.00798604 -0.00495696 -0.00194832 0.999997 -0.00111681 0.000864424 0.00798386 0.00113234 0.999967 0.791878
0.999964 0.00239525 -0.00816096 -0.00576979 -0.00240464 0.999996 -0.00114119 0.000940499 0.0081582 0.00116077 0.999966 0.806692
0.999964 0.00188261 -0.00823781 -0.00560816 -0.00189035 0.999998 -0.000932611 0.00105963 0.00823604 0.00094815 0.999966 0.819002
0.999967 0.00172646 -0.00795997 -0.00556991 -0.00173748 0.999998 -0.00137702 0.000469585 0.00795757 0.0013908 0.999967 0.835991
0.999965 0.00214823 -0.00809118 -0.00522285 -0.00215812 0.999997 -0.00121464 0.000466174 0.00808855 0.00123206 0.999967 0.847605
0.999967 0.00173007 -0.00796902 -0.00568488 -0.00174067 0.999998 -0.00132373 0.000838827 0.00796671 0.00133755 0.999967 0.871566
0.999966 0.0019798 -0.00800137 -0.00575443 -0.00198875 0.999997 -0.00111146 0.000972801 0.00799915 0.00112733 0.999967 0.884648
0.999966 0.00220844 -0.00797902 -0.00668455 -0.00221961 0.999997 -0.00139214 0.000138381 0.00797591 0.00140981 0.999967 0.901162
0.999965 0.00223029 -0.00800587 -0.00615553 -0.00224118 0.999997 -0.00135165 0.000386804 0.00800283 0.00136955 0.999967 0.913019
0.999967 0.00187163 -0.00790789 -0.00524028 -0.00188079 0.999998 -0.00115172 0.00079085 0.00790572 0.00116655 0.999968 0.926091
0.999974 0.00229912 -0.00686702 -0.00773554 -0.00230389 0.999997 -0.000686801 -0.0010166 0.00686542 0.000702604 0.999976 0.960554
0.999971 0.00246533 -0.00726895 -0.00815595 -0.00247176 0.999997 -0.000875532 -0.000751109 0.00726676 0.000893473 0.999973 0.97405
0.999973 0.00234382 -0.00701452 -0.00784244 -0.00234913 0.999997 -0.00074812 -0.00114671 0.00701275 0.000764578 0.999975 0.987757
0.999974 0.002053 -0.00691699 -0.00799063 -0.0020586 0.999998 -0.000801944 -0.00106897 0.00691533 0.000816163 0.999976 1.01194
0.999973 0.00186341 -0.00706864 -0.00821659 -0.00187028 0.999998 -0.000966347 -0.00127361 0.00706682 0.000979541 0.999975 1.02614
0.999974 0.00257162 -0.00678045 -0.00813872 -0.00257923 0.999996 -0.00111353 -0.0011129 0.00677756 0.00113099 0.999976 1.04383
0.999972 0.00227009 -0.00706947 -0.00861141 -0.00227807 0.999997 -0.00112105 -0.00108569 0.0070669 0.00113712 0.999974 1.05658
0.999971 0.0028724 -0.00700073 -0.00914048 -0.00287803 0.999996 -0.000794332 -0.00121824 0.00699842 0.000814458 0.999975 1.07937
0.999974 0.00272806 -0.00666138 -0.00892022 -0.00273338 0.999996 -0.000789719 -0.00114444 0.00665919 0.000807907 0.999978 1.10656
0.999975 0.00215117 -0.00668018 -0.00902447 -0.00215916 0.999997 -0.00118986 -0.00162826 0.0066776 0.00120426 0.999977 1.11821
0.999974 0.00267347 -0.00666046 -0.00839342 -0.00268127 0.999996 -0.00116132 -0.00196129 0.00665733 0.00117915 0.999977 1.13182
0.999974 0.00276883 -0.00665629 -0.00921325 -0.00277125 0.999996 -0.000354514 -0.0011025 0.00665528 0.000372951 0.999978 1.14683
0.999976 0.00231995 -0.00649859 -0.008916 -0.00232804 0.999997 -0.00123627 -0.00191679 0.0064957 0.00125137 0.999978 1.16147
0.99997 0.00447438 -0.00627581 -0.00817104 -0.00448135 0.999989 -0.0010979 -0.00186878 0.00627083 0.00112599 0.99998 1.17959
0.999969 0.00448236 -0.00653526 -0.0083531 -0.00448939 0.999989 -0.00106115 -0.00181623 0.00653043 0.00109045 0.999978 1.19196
0.999969 0.00490667 -0.00616733 -0.00815501 -0.00491295 0.999987 -0.00100346 -0.00238563 0.00616233 0.00103373 0.99998 1.21386
0.999971 0.00444759 -0.00618332 -0.00885348 -0.00445498 0.999989 -0.00118074 -0.00176321 0.00617801 0.00120825 0.99998 1.24326
0.999972 0.00448859 -0.006023 -0.00924929 -0.00449512 0.999989 -0.00107106 -0.00223216 0.00601813 0.0010981 0.999981 1.25953
0.999971 0.0045006 -0.00613219 -0.00902887 -0.00450833 0.999989 -0.00124763 -0.00206091 0.00612651 0.00127524 0.99998 1.27314
0.999968 0.0048878 -0.00626458 -0.00945662 -0.00489379 0.999988 -0.000941598 -0.0022579 0.0062599 0.000972226 0.99998 1.28683
0.999967 0.0050495 -0.0062976 -0.0101744 -0.00505467 0.999987 -0.000805844 -0.00149619 0.00629344 0.00083765 0.99998 1.30071
0.999972 0.00452537 -0.0058811 -0.00970871 -0.00453252 0.999989 -0.00120272 -0.00201459 0.00587559 0.00122934 0.999982 1.3139
0.999969 0.00502534 -0.00607251 -0.00992069 -0.00503221 0.999987 -0.00111708 -0.00142849 0.00606682 0.0011476 0.999981 1.34002
0.999968 0.00482491 -0.00633784 -0.0107651 -0.0048319 0.999988 -0.00108889 -0.00179114 0.00633251 0.00111948 0.999979 1.35297
0.99997 0.00454144 -0.00620149 -0.00925469 -0.00454999 0.999989 -0.00136492 -0.00206065 0.00619522 0.0013931 0.99998 1.36529
0.999967 0.00518199 -0.00629377 -0.00985417 -0.00518524 0.999986 -0.000500804 -0.00112968 0.00629109 0.000533422 0.99998 1.37738
0.99997 0.00486414 -0.00608853 -0.0105603 -0.00486787 0.999988 -0.000597109 -0.000526626 0.00608555 0.000626729 0.999981 1.39252
0.999972 0.00444297 -0.00608398 -0.0106685 -0.00444933 0.99999 -0.00103344 -0.00130247 0.00607933 0.00106048 0.999981 1.40451
0.999968 0.00459609 -0.00651299 -0.0104773 -0.00460331 0.999989 -0.0010945 -0.00144249 0.00650789 0.00112445 0.999978 1.41667
0.999964 0.0051175 -0.00682034 -0.0114924 -0.00513287 0.999984 -0.00223877 0.00153918 0.00680878 0.0022737 0.999974 1.43915
0.999967 0.00503305 -0.00644204 -0.0119212 -0.00504719 0.999985 -0.00218034 0.00167674 0.00643097 0.00221278 0.999977 1.47178
0.999962 0.00519138 -0.00703889 -0.0118251 -0.00520811 0.999984 -0.00235996 0.00130251 0.00702652 0.00239653 0.999972 1.48911
0.999962 0.00505016 -0.00717128 -0.0121202 -0.00506974 0.999983 -0.00271426 0.000884582 0.00715746 0.00275051 0.999971 1.50451
0.999964 0.00478202 -0.00697887 -0.0123168 -0.00480218 0.999984 -0.00287426 0.000760918 0.00696502 0.00290767 0.999972 1.52096
0.999963 0.00538275 -0.00677968 -0.0125581 -0.00539998 0.999982 -0.00252547 0.00153759 0.00676597 0.00256198 0.999974 1.55295
0.999968 0.0044861 -0.0065691 -0.0119125 -0.00450268 0.999987 -0.00251256 0.000802421 0.00655774 0.00254206 0.999975 1.5905
0.999963 0.00524006 -0.00688669 -0.0128905 -0.00525665 0.999983 -0.00239232 0.00066897 0.00687404 0.00242843 0.999973 1.60964
0.999962 0.00517062 -0.00703919 -0.0130403 -0.00518768 0.999984 -0.00240767 0.00135188 0.00702663 0.0024441 0.999972 1.61907
0.999966 0.0051288 -0.00649631 -0.0126285 -0.00514402 0.999984 -0.00232803 0.00129223 0.00648427 0.00236137 0.999976 1.63402
0.999963 0.00515863 -0.006949 -0.0134313 -0.00517334 0.999984 -0.00210035 0.00176191 0.00693806 0.00213622 0.999974 1.66192
0.999958 0.00510673 -0.00759669 -0.01474 -0.00512801 0.999983 -0.0027843 0.00226445 0.00758234 0.00282314 0.999967 1.67251
0.999966 0.00411769 -0.00720557 -0.0148644 -0.00413836 0.999987 -0.00285601 0.00364091 0.00719372 0.00288573 0.99997 1.68764
0.999962 0.00529264 -0.00687535 -0.0127629 -0.00530999 0.999983 -0.00250767 0.00183211 0.00686195 0.00254408 0.999973 1.7208
0.999961 0.00535455 -0.00698888 -0.0127525 -0.00537198 0.999983 -0.00247778 0.0018874 0.00697549 0.00251522 0.999973 1.73194
0.999963 0.00369154 -0.00778072 -0.0152267 -0.00371444 0.999989 -0.00293201 0.00368994 0.0077698 0.00296081 0.999965 1.75398
0.999963 0.00509076 -0.00688998 -0.0134777 -0.00511008 0.999983 -0.00278944 0.00155365 0.00687566 0.00282455 0.999972 1.78503
0.999964 0.00476425 -0.00704886 -0.0136233 -0.00478044 0.999986 -0.00228129 0.00159294 0.00703789 0.00231491 0.999973 1.79385
0.999963 0.00486641 -0.00709442 -0.0138479 -0.00488627 0.999984 -0.00278523 0.0011159 0.00708075 0.00281979 0.999971 1.80742
0.999966 0.00474556 -0.00679978 -0.0131539 -0.00476403 0.999985 -0.0027024 0.00130586 0.00678686 0.0027347 0.999973 1.8164
0.999964 0.00520053 -0.00670784 -0.0134517 -0.00521647 0.999984 -0.00236096 0.00198734 0.00669545 0.00239587 0.999975 1.83926
0.99996 0.00505229 -0.00741455 -0.014388 -0.00507274 0.999983 -0.00274113 0.00150701 0.00740058 0.00277863 0.999969 1.8523
0.999962 0.00536817 -0.00688067 -0.0143221 -0.00538911 0.999981 -0.00302824 0.000936533 0.00686428 0.0030652 0.999972 1.87868
0.999962 0.00485313 -0.00725432 -0.0152142 -0.00487165 0.999985 -0.00253713 0.00135646 0.00724189 0.00257238 0.99997 1.89042
0.999962 0.00501165 -0.00719013 -0.0146857 -0.00503313 0.999983 -0.00297151 0.00054031 0.00717511 0.00300758 0.99997 1.91462
0.999966 0.00435377 -0.00704492 -0.0151301 -0.00437557 0.999986 -0.0030814 0.000703634 0.0070314 0.00311212 0.99997 1.9261
0.999971 0.00429873 -0.00628655 -0.0180435 -0.00431607 0.999987 -0.0027476 0.0033405 0.00627465 0.00277465 0.999976 1.95193
0.999972 0.00396044 -0.00641234 -0.0184219 -0.00397834 0.999988 -0.00278166 0.00329144 0.00640124 0.00280709 0.999976 1.96447
0.999972 0.00413865 -0.0062357 -0.018091 -0.00415659 0.999987 -0.00286703 0.00298307 0.00622376 0.00289287 0.999976 1.97782
0.999975 0.00337006 -0.00621636 -0.0178341 -0.00338357 0.999992 -0.00216408 0.00315072 0.00620902 0.00218506 0.999978 1.98888
0.999974 0.00382785 -0.00616797 -0.0182985 -0.0038435 0.999989 -0.00252751 0.00279983 0.00615823 0.00255115 0.999978 2.00588
0.999971 0.00422883 -0.00637632 -0.0194622 -0.00424524 0.999988 -0.00256269 0.00382629 0.0063654 0.00258968 0.999976 2.05138
0.999972 0.00403704 -0.00633918 -0.018988 -0.00405422 0.999988 -0.00269962 0.00311164 0.00632821 0.00272524 0.999976 2.0666
0.999971 0.00364921 -0.0066565 -0.0191328 -0.00366606 0.99999 -0.00251984 0.00344967 0.00664724 0.00254417 0.999975 2.07959
0.999973 0.00336148 -0.00651523 -0.0192831 -0.00337797 0.999991 -0.00252131 0.0033791 0.0065067 0.00254325 0.999976 2.09321
0.999969 0.00443567 -0.00650447 -0.0195802 -0.00445148 0.999987 -0.00241868 0.00329367 0.00649366 0.00244756 0.999976 2.12101
0.999975 0.00447686 -0.00553397 -0.0185982 -0.00449335 0.999985 -0.00296966 0.00312062 0.0055206 0.00299446 0.99998 2.13225
0.999978 0.00304533 -0.00581689 -0.0180064 -0.00305606 0.999994 -0.00183629 0.00396002 0.00581126 0.00185403 0.999981 2.15815
0.999976 0.00486266 -0.00499543 -0.0198731 -0.00487704 0.999984 -0.0028708 0.00538241 0.00498139 0.0028951 0.999983 2.17111
0.999976 0.00493229 -0.00487355 -0.0199724 -0.00494635 0.999984 -0.00287616 0.00516702 0.00485928 0.0029002 0.999984 2.19759
0.999976 0.00499375 -0.00477358 -0.0200235 -0.00500693 0.999984 -0.00275384 0.00518576 0.00475975 0.00277768 0.999985 2.21479
0.999975 0.00493832 -0.00507721 -0.0206004 -0.00495159 0.999984 -0.0026054 0.00483283 0.00506427 0.00263048 0.999984 2.23559
0.999977 0.00451387 -0.00509485 -0.0204899 -0.00452697 0.999986 -0.00256294 0.00507594 0.00508321 0.00258594 0.999984 2.25067
0.999977 0.00409909 -0.00532195 -0.020812 -0.00411161 0.999989 -0.00234433 0.00505827 0.00531228 0.00236616 0.999983 2.28135
0.999976 0.00444921 -0.00538297 -0.0210917 -0.00446361 0.999986 -0.00266494 0.00505777 0.00537104 0.0026889 0.999982 2.29507
0.999975 0.00451523 -0.00550638 -0.0210478 -0.00452967 0.999986 -0.00261277 0.00446955 0.00549451 0.00263765 0.999981 2.31062
0.999977 0.0044907 -0.00512373 -0.0212683 -0.00450356 0.999987 -0.0025007 0.00428921 0.00511243 0.00252372 0.999984 2.32631
0.999975 0.00470123 -0.00522754 -0.0209923 -0.00471435 0.999986 -0.00250009 0.0058805 0.00521571 0.00252468 0.999983 2.34314
0.999975 0.00512231 -0.00495 -0.0209886 -0.00513672 0.999983 -0.00290123 0.00383339 0.00493506 0.00292658 0.999984 2.3782
0.99996 0.00722837 -0.00522297 -0.0212433 -0.00724792 0.999967 -0.00373492 0.00442355 0.00519579 0.00377262 0.999979 2.39653
0.99996 0.00736685 -0.00514403 -0.0216239 -0.00738543 0.999966 -0.00360308 0.00478405 0.00511731 0.00364092 0.99998 2.41381
0.99996 0.0070943 -0.00539351 -0.0217354 -0.00711594 0.999967 -0.00400419 0.00414241 0.00536493 0.00404241 0.999977 2.42442
0.99996 0.00719094 -0.00525535 -0.0220821 -0.00721071 0.999967 -0.00375389 0.00463075 0.00522818 0.00379163 0.999979 2.45716
0.999964 0.00664192 -0.00536297 -0.0218201 -0.00665973 0.999972 -0.00331063 0.00423629 0.00534083 0.00334623 0.99998 2.49175
0.999957 0.00751064 -0.00549489 -0.0226403 -0.00753409 0.999963 -0.00425974 0.00380178 0.0054627 0.00430095 0.999976 2.5046
0.999953 0.00772382 -0.00591036 -0.0230128 -0.00774662 0.999963 -0.00384451 0.00409104 0.00588044 0.00389011 0.999975 2.53329
0.999957 0.00734189 -0.00566535 -0.0232003 -0.00736491 0.999965 -0.00405362 0.00296722 0.00563539 0.00409517 0.999976 2.55349
0.999963 0.00661911 -0.00541609 -0.0227365 -0.00664027 0.99997 -0.00389668 0.00316337 0.00539013 0.00393251 0.999978 2.56538
0.999963 0.00668136 -0.0053553 -0.0228674 -0.00670147 0.999971 -0.00374515 0.00286676 0.00533012 0.00378091 0.999979 2.58027
0.999958 0.00741548 -0.00530012 -0.0219588 -0.00743659 0.999964 -0.00397469 0.00208913 0.00527046 0.00401394 0.999978 2.61502
0.999959 0.00713768 -0.00549872 -0.0222294 -0.00715841 0.999967 -0.00375884 0.00334927 0.00547171 0.00379805 0.999978 2.62484
0.999958 0.00775277 -0.0048111 -0.0220059 -0.00777171 0.999962 -0.00393022 0.00374681 0.00478045 0.00396745 0.999981 2.63604
0.999957 0.00764745 -0.00524705 -0.0220441 -0.00766889 0.999962 -0.00407914 0.00392225 0.00521566 0.00411921 0.999978 2.66321
0.999961 0.00621722 -0.00627708 -0.0237041 -0.00623787 0.999975 -0.00327596 0.00508392 0.00625656 0.00331499 0.999975 2.67797
0.999953 0.00667593 -0.00701319 -0.0241525 -0.00669968 0.999972 -0.00336759 0.00521508 0.00699051 0.00341441 0.99997 2.68927
0.99994 0.0064574 -0.00881657 -0.0243742 -0.00648225 0.999975 -0.00279279 0.00487494 0.00879831 0.00284978 0.999957 2.7033
0.999926 0.00585024 -0.0107024 -0.0248384 -0.00588936 0.999976 -0.00362733 0.00482952 0.0106809 0.00369009 0.999936 2.71981
0.999897 0.00620482 -0.0129586 -0.0256478 -0.006249 0.999975 -0.00337151 0.00451913 0.0129374 0.00345214 0.99991 2.73872
0.999834 0.00597473 -0.0172234 -0.026528 -0.00603141 0.999977 -0.00324069 0.00462422 0.0172036 0.00334404 0.999846 2.77304
0.999765 0.00637795 -0.0207316 -0.0277535 -0.00644825 0.999974 -0.0033256 0.00450089 0.0207099 0.0034585 0.99978 2.79988
0.999728 0.00576127 -0.0226005 -0.0279828 -0.00584269 0.999977 -0.00353841 0.00381316 0.0225796 0.0036695 0.999738 2.81374
0.999701 0.00644343 -0.0235992 -0.0278992 -0.00652927 0.999972 -0.00356204 0.00452284 0.0235756 0.00371506 0.999715 2.82521
0.999681 0.00617365 -0.0244925 -0.0282645 -0.00626765 0.999973 -0.00376287 0.00411945 0.0244686 0.00391518 0.999693 2.84242
0.999673 0.00608702 -0.0248388 -0.0293738 -0.00617012 0.999976 -0.00327015 0.00429655 0.0248183 0.00342234 0.999686 2.85147
0.999662 0.00630333 -0.0252143 -0.0287363 -0.00636346 0.999977 -0.00230543 0.00386797 0.0251992 0.0024651 0.999679 2.86398
0.999665 0.00624336 -0.0250983 -0.0292349 -0.0063154 0.999976 -0.00279236 0.0038885 0.0250803 0.00294994 0.999681 2.89043
0.999659 0.00627409 -0.0253409 -0.0302958 -0.00633773 0.999977 -0.00243183 0.00390995 0.0253251 0.0025916 0.999676 2.91803
0.999662 0.00609715 -0.0252667 -0.0304343 -0.00616484 0.999978 -0.00260179 0.0035878 0.0252503 0.00275668 0.999677 2.93015
0.999743 0.00573644 -0.0219266 -0.0306625 -0.00578817 0.999981 -0.00229645 0.00357154 0.021913 0.00242278 0.999757 2.96043
0.999767 0.00560618 -0.0208317 -0.0308235 -0.00566169 0.999981 -0.00260698 0.00319579 0.0208167 0.00272432 0.99978 2.97384
0.9998 0.00610541 -0.0190467 -0.0314702 -0.00615366 0.999978 -0.00247599 0.00347646 0.0190312 0.0025927 0.999816 2.99313
0.999833 0.00608574 -0.0172225 -0.0317458 -0.00613603 0.999977 -0.00286848 0.00377533 0.0172046 0.00297368 0.999848 3.00556
0.999883 0.00537363 -0.014344 -0.0312059 -0.00541432 0.999981 -0.00279929 0.00272308 0.0143287 0.00287663 0.999893 3.03049
0.999894 0.00684578 -0.012861 -0.0314849 -0.00688219 0.999972 -0.00278939 0.00327151 0.0128415 0.0028776 0.999913 3.03885
0.999919 0.00587051 -0.0113272 -0.031969 -0.00589971 0.999979 -0.00254571 0.00225326 0.0113121 0.00261233 0.999933 3.05049
0.999952 0.00588664 -0.00787371 -0.0312909 -0.00591105 0.999978 -0.00308087 0.00334667 0.0078554 0.00312726 0.999964 3.07631
0.999966 0.00507679 -0.00652746 -0.0309259 -0.00509629 0.999983 -0.00297469 0.00177758 0.00651225 0.00300786 0.999974 3.0888
0.999973 0.0050144 -0.0052796 -0.0310949 -0.00502752 0.999984 -0.00247408 0.00207029 0.00526711 0.00250056 0.999983 3.10002
0.999987 0.00493177 -0.00160446 -0.0308484 -0.0049366 0.999983 -0.00302305 0.00178455 0.00158952 0.00303093 0.999994 3.12809
0.999985 0.00532792 -0.00132995 -0.0300683 -0.00533207 0.999981 -0.00313414 0.00149435 0.00131323 0.00314118 0.999994 3.1395
0.999988 0.00486142 -0.00076782 -0.0293005 -0.00486403 0.999982 -0.00343863 0.00192876 0.000751089 0.00344232 0.999994 3.1547
0.999988 0.00484787 -0.000808894 -0.0294887 -0.00485031 0.999984 -0.00304613 0.00198292 0.000794114 0.00305002 0.999995 3.17392
0.999988 0.004817 -0.00064543 -0.0300184 -0.00481896 0.999984 -0.0030664 0.00140579 0.000630649 0.00306948 0.999995 3.1867
0.999986 0.00523666 -0.000503417 -0.0297828 -0.00523814 0.999982 -0.00298914 0.00199085 0.000487755 0.00299173 0.999995 3.21713
0.999987 0.00500097 -0.000750733 -0.0305526 -0.00500302 0.999984 -0.00275164 0.00198905 0.00073696 0.00275536 0.999996 3.23395
0.999987 0.00508021 -0.000635965 -0.0289558 -0.00508226 0.999982 -0.00325541 0.00144046 0.000619415 0.0032586 0.999994 3.25906
0.999989 0.00458305 -0.000847321 -0.0293593 -0.00458532 0.999986 -0.00269281 0.000504568 0.000834968 0.00269666 0.999996 3.28829
0.999985 0.00551928 -0.000649694 -0.0301007 -0.0055212 0.99998 -0.00298832 0.00200384 0.000633188 0.00299186 0.999995 3.30379
0.99999 0.00445082 -0.000799399 -0.0303508 -0.0044531 0.999986 -0.0028795 0.00110514 0.000786571 0.00288303 0.999996 3.32195
0.999991 0.00430699 -0.000276494 -0.0298887 -0.00430781 0.999986 -0.00306562 0.00308776 0.000263286 0.00306678 0.999995 3.3387
0.999988 0.00473978 -0.000967259 -0.0293909 -0.00474311 0.999983 -0.00347172 0.00185655 0.000950787 0.00347626 0.999994 3.36569
0.999986 0.00518799 -0.000484624 -0.0299854 -0.00518945 0.999982 -0.00307905 0.000639211 0.000468641 0.00308152 0.999995 3.37714
0.999987 0.00513159 -0.000495341 -0.0291873 -0.00513304 0.999982 -0.00297284 0.000923869 0.000480077 0.00297534 0.999995 3.3883
0.999992 0.00408435 -0.000251278 -0.0296817 -0.00408514 0.999986 -0.00323822 0.00228189 0.000238049 0.00323922 0.999995 3.39953
0.999989 0.00469458 -0.000230256 -0.0289647 -0.00469539 0.999982 -0.00367915 0.00243886 0.00021298 0.00368019 0.999993 3.43433
0.99999 0.00447538 -0.000896991 -0.0273088 -0.00447846 0.999984 -0.00345753 0.00212591 0.000881503 0.00346152 0.999994 3.44957
0.999988 0.00484329 -0.000403244 -0.0314505 -0.00484476 0.999981 -0.00374575 0.00187833 0.000385094 0.00374766 0.999993 3.45641
0.999989 0.00472904 -0.000578722 -0.0314598 -0.00473121 0.999982 -0.00379947 0.00188572 0.000560744 0.00380217 0.999993 3.47711
0.999988 0.00486597 -0.000734243 -0.0315295 -0.00486896 0.99998 -0.00412257 0.00134174 0.000714168 0.00412609 0.999991 3.49685
0.999989 0.00466582 -0.000677086 -0.0313287 -0.00466853 0.999981 -0.00404784 0.00145581 0.000658187 0.00405096 0.999992 3.511
0.999989 0.00460304 -0.000614184 -0.0309488 -0.0046056 0.99998 -0.00423543 0.00111801 0.000594676 0.00423821 0.999991 3.52129
0.99999 0.0044394 -0.000374375 -0.0304685 -0.00444091 0.999982 -0.00413522 0.00103648 0.00035601 0.00413684 0.999991 3.53227
0.99999 0.00447073 -0.000584307 -0.0300622 -0.00447303 0.999982 -0.00399608 0.00133383 0.000566431 0.00399865 0.999992 3.5439
0.99999 0.00451192 -0.000628783 -0.0283815 -0.00451452 0.999981 -0.00419039 0.00158965 0.000609865 0.00419318 0.999991 3.56952
0.999987 0.00507092 -0.000478893 -0.0279404 -0.00507296 0.999978 -0.00434516 0.00167968 0.000456849 0.00434754 0.99999 3.58288
0.999989 0.00468562 -0.000377111 -0.0281177 -0.00468715 0.99998 -0.00415058 0.00127437 0.000357656 0.0041523 0.999991 3.5918
0.999989 0.00459616 -0.000865824 -0.0263804 -0.00459982 0.99998 -0.00427643 0.00200353 0.000846152 0.00428037 0.99999 3.61877
0.999987 0.00495446 -0.0010253 -0.0254151 -0.00495882 0.999978 -0.00429514 0.000406541 0.001004 0.00430017 0.99999 3.62662
0.999988 0.00474654 -0.00126238 -0.0250329 -0.0047517 0.99998 -0.00412264 0.000537763 0.00124279 0.00412858 0.999991 3.63117
0.999287 0.00461427 -0.0374727 -0.0388397 -0.00476629 0.999981 -0.00396842 0.000370967 0.0374537 0.00414419 0.99929 3.64208
0.99743 0.00449355 -0.0715029 -0.0525989 -0.00477927 0.999981 -0.00382533 0.0005927 0.0714844 0.00415724 0.997433 3.65101
0.99442 0.00435178 -0.105405 -0.0705976 -0.00474204 0.999983 -0.00345216 0.000881898 0.105388 0.00393273 0.994423 3.66049
0.990472 0.00433939 -0.137646 -0.0874902 -0.00481977 0.999983 -0.00315683 0.000762639 0.13763 0.00379017 0.990476 3.66741
0.987408 0.00468722 -0.158123 -0.100805 -0.00528937 0.99998 -0.00338746 0.000857308 0.158104 0.00418118 0.987414 3.67181
0.984447 0.00485687 -0.175614 -0.112186 -0.00542486 0.999981 -0.0027544 0.000894889 0.175598 0.00366424 0.984455 3.67693
0.972365 0.00511434 -0.233409 -0.144408 -0.00576429 0.999981 -0.00210254 0.00176043 0.233394 0.00338987 0.972376 3.68418
0.966942 0.00438184 -0.25496 -0.158127 -0.00515833 0.999984 -0.00237695 0.00184589 0.254945 0.00361354 0.966949 3.68749
0.960319 0.00461597 -0.278865 -0.173137 -0.00535534 0.999984 -0.00188958 0.00139224 0.278852 0.00330801 0.960329 3.69075
0.952584 0.00520429 -0.30423 -0.186543 -0.00609703 0.999979 -0.00198454 0.00163906 0.304214 0.00374534 0.952596 3.69363
0.943307 0.00483638 -0.331887 -0.201272 -0.00563121 0.999983 -0.00143321 0.00154758 0.331875 0.00322088 0.943318 3.69698
0.935629 0.00464882 -0.352954 -0.216523 -0.0056122 0.999983 -0.00170616 0.00187918 0.35294 0.00357718 0.935639 3.69874
0.926796 0.00416167 -0.375541 -0.230831 -0.00516331 0.999985 -0.00166088 0.00231984 0.375529 0.00347833 0.926804 3.70028
0.900935 0.00767437 -0.433887 -0.265593 -0.00914831 0.999957 -0.00130907 0.000218406 0.433859 0.00514872 0.900966 3.7057
0.89057 0.00945293 -0.454748 -0.281365 -0.0108601 0.999941 -0.000482324 0.000327423 0.454716 0.00536817 0.89062 3.7068
0.875666 0.0075747 -0.482857 -0.295601 -0.00910185 0.999958 -0.000819702 0.000395713 0.482831 0.00511268 0.875699 3.70997
0.850096 0.00756206 -0.526574 -0.325495 -0.00915397 0.999958 -0.000417805 0.000548134 0.526549 0.00517542 0.850129 3.71297
0.836978 0.00733272 -0.547187 -0.338694 -0.00871734 0.999962 6.61819e-05 0.000589867 0.547167 0.00471463 0.83701 3.7146
0.806165 0.00802598 -0.591637 -0.36637 -0.00946842 0.999955 0.000663444 0.000755164 0.591616 0.00506702 0.806204 3.71652
0.798061 0.00698236 -0.602536 -0.375459 -0.00841865 0.999964 0.000437343 0.00102652 0.602518 0.00472352 0.798091 3.71614
0.77772 0.00670756 -0.628576 -0.39555 -0.00836631 0.999965 0.000319256 0.00105743 0.628556 0.00501057 0.777748 3.7175
0.75837 0.00789358 -0.651777 -0.411631 -0.00922832 0.999956 0.00137279 0.00141725 0.651759 0.00497372 0.75841 3.71722
0.747013 0.00780498 -0.664763 -0.422644 -0.00924786 0.999956 0.0013484 0.00128757 0.664745 0.00514036 0.747053 3.7175
0.740161 0.00769594 -0.672386 -0.431754 -0.00916845 0.999957 0.00135262 0.00150896 0.672367 0.00516358 0.7402 3.71789
0.709395 0.00775114 -0.704769 -0.454459 -0.00951299 0.999954 0.0014222 0.00189297 0.704747 0.00569556 0.709436 3.71605
0.69448 0.00751873 -0.719472 -0.465724 -0.00896423 0.999958 0.00179706 0.00204958 0.719456 0.00520149 0.694519 3.71441
0.685721 0.00755597 -0.727825 -0.474684 -0.00861342 0.99996 0.00226603 0.00197462 0.727814 0.0047152 0.685759 3.71502
0.67274 0.00732711 -0.739843 -0.484946 -0.00839124 0.999962 0.00227307 0.00183903 0.739832 0.00467902 0.672776 3.71362
0.657026 0.00732408 -0.753833 -0.495907 -0.00865699 0.99996 0.00217015 0.00193229 0.753819 0.00510008 0.657063 3.71144
0.625973 0.00766519 -0.779807 -0.52151 -0.00880073 0.999957 0.00276458 0.00240196 0.779795 0.00513232 0.626014 3.70719
0.60831 0.00739687 -0.793665 -0.532207 -0.00784769 0.999964 0.00330464 0.00280797 0.793661 0.0042182 0.608346 3.70452
0.578358 0.00750925 -0.815749 -0.552316 -0.00809771 0.999961 0.00346379 0.00267907 0.815743 0.00460239 0.578396 3.70038
0.566923 0.00760047 -0.823735 -0.559449 -0.0080145 0.999961 0.00371061 0.003092 0.823732 0.00449819 0.566962 3.69981
0.550456 0.00789006 -0.834827 -0.567336 -0.00853976 0.999956 0.0038199 0.0035745 0.834821 0.00502654 0.550499 3.6954
0.517298 0.00740388 -0.855773 -0.582341 -0.00810707 0.99996 0.00375077 0.00340057 0.855767 0.00499755 0.517337 3.69163
0.493175 0.00785537 -0.869895 -0.597151 -0.00883492 0.999953 0.004021 0.00458059 0.869885 0.0057024 0.493221 3.68901
0.474905 0.00779871 -0.880003 -0.608142 -0.00870591 0.999953 0.00416348 0.00487242 0.879994 0.00568397 0.47495 3.68434
0.468537 0.0079808 -0.883408 -0.613478 -0.00881729 0.999952 0.00435721 0.0045422 0.8834 0.00574775 0.468585 3.68256
0.44071 0.00798462 -0.897614 -0.627915 -0.00841596 0.999953 0.0047629 0.00457009 0.89761 0.00545523 0.440757 3.67718
0.410684 0.00781613 -0.911744 -0.637056 -0.00808677 0.999955 0.00492975 0.00505703 0.911742 0.0053485 0.410729 3.67196
0.394622 0.00796882 -0.918809 -0.644308 -0.00858033 0.999951 0.00498737 0.00499255 0.918804 0.00591556 0.394671 3.66975
0.373459 0.00810631 -0.927611 -0.652468 -0.00828265 0.999951 0.00540386 0.00512695 0.92761 0.00566496 0.373508 3.66647
0.35446 0.00803101 -0.935037 -0.658754 -0.00775548 0.999954 0.00564859 0.00509606 0.935039 0.00524947 0.354506 3.66383
0.335369 0.00805188 -0.942052 -0.664843 -0.00787815 0.999952 0.00574215 0.00545072 0.942054 0.00549589 0.335417 3.66033
0.324581 0.00792017 -0.945825 -0.669958 -0.00774017 0.999954 0.00571722 0.00539036 0.945826 0.00546514 0.324627 3.65874
0.305909 0.00781048 -0.952029 -0.676528 -0.00761936 0.999954 0.00575539 0.00502861 0.95203 0.00549322 0.305954 3.65615
0.272578 0.00811218 -0.9621 -0.688119 -0.00736318 0.999953 0.00634525 0.00558935 0.962106 0.00535454 0.272625 3.64964
0.266019 0.00799069 -0.963935 -0.691719 -0.00710713 0.999955 0.00632792 0.00575102 0.963942 0.00516746 0.266063 3.64827
0.258824 0.00769533 -0.965894 -0.69551 -0.00694536 0.999957 0.00610561 0.00558413 0.965899 0.0051282 0.258867 3.64654
0.248104 0.00761998 -0.968703 -0.701394 -0.00726337 0.999956 0.00600553 0.00556305 0.968706 0.00554606 0.248148 3.64374
0.239467 0.007549 -0.970875 -0.706773 -0.00681573 0.999958 0.00609402 0.00552645 0.97088 0.00515791 0.239509 3.64107
0.228518 0.00784251 -0.973508 -0.714365 -0.00734061 0.999953 0.00633244 0.00572095 0.973512 0.00569906 0.228565 3.63632
0.220256 0.00760301 -0.975412 -0.718507 -0.00715778 0.999955 0.00617803 0.00592866 0.975416 0.00562104 0.220301 3.63299
0.199933 0.00769899 -0.979779 -0.731283 -0.00742521 0.999952 0.00634232 0.00604399 0.979781 0.00600703 0.199981 3.6243
0.18605 0.00762433 -0.982511 -0.7372 -0.0066856 0.999957 0.00649371 0.00578968 0.982518 0.00536052 0.186092 3.62019
0.170014 0.00754988 -0.985413 -0.741381 -0.00666504 0.999957 0.00651138 0.00603537 0.985419 0.0054608 0.170056 3.61555
0.161171 0.0076892 -0.986897 -0.744941 -0.00677665 0.999955 0.00668424 0.00654432 0.986903 0.00561055 0.161216 3.61259
0.147974 0.0076909 -0.988961 -0.749559 -0.00662606 0.999955 0.00678497 0.006325 0.988969 0.00554892 0.148018 3.60869
0.133551 0.00767711 -0.991012 -0.753528 -0.00658107 0.999955 0.0068595 0.00636273 0.99102 0.00560583 0.133596 3.6044
0.11502 0.0075912 -0.993334 -0.759149 -0.00640703 0.999956 0.00689992 0.00654043 0.993343 0.00557069 0.115063 3.59893
0.106181 0.00761179 -0.994318 -0.762145 -0.00604898 0.999957 0.00700901 0.00654178 0.994328 0.00527039 0.106222 3.59605
0.086191 0.00764034 -0.996249 -0.769146 -0.00598747 0.999957 0.00715076 0.00663928 0.996261 0.00534868 0.086233 3.58907
0.0820579 0.00778966 -0.996597 -0.771274 -0.00575022 0.999957 0.00734246 0.00653712 0.996611 0.00512814 0.0820992 3.58779
0.0592385 0.00784434 -0.998213 -0.777288 -0.00598384 0.999954 0.00750291 0.00664395 0.998226 0.00552868 0.0592827 3.58213
0.0474034 0.00814798 -0.998843 -0.781018 -0.00623366 0.99995 0.00786117 0.00633051 0.998856 0.0058538 0.0474518 3.57967
0.0388654 0.00796455 -0.999213 -0.78406 -0.00634987 0.99995 0.00772344 0.00624313 0.999224 0.0060447 0.038914 3.57787
0.0274369 0.00846872 -0.999588 -0.785276 -0.00654071 0.999944 0.00829221 0.00654232 0.999602 0.0063105 0.0274907 3.57498
0.00668918 0.00805391 -0.999945 -0.788002 -0.00582171 0.999951 0.00801501 0.00647421 0.999961 0.00576778 0.00673574 3.57121
-0.015596 0.00802089 -0.999846 -0.790335 -0.00552053 0.999952 0.00810785 0.00649747 0.999863 0.00564613 -0.015551 3.5665
-0.0257637 0.00799437 -0.999636 -0.790948 -0.00553211 0.999952 0.00813947 0.00642802 0.999653 0.0057398 -0.0257182 3.5647
-0.0575642 0.00796343 -0.99831 -0.792565 -0.00539283 0.999951 0.00828749 0.00644032 0.998327 0.00586078 -0.0575185 3.55955
-0.0817153 0.00790402 -0.996624 -0.793749 -0.00532513 0.999951 0.00836701 0.00641373 0.996641 0.00599086 -0.0816692 3.55575
-0.106653 0.00808179 -0.994263 -0.793503 -0.00492339 0.99995 0.00865614 0.00656388 0.994284 0.00581835 -0.106608 3.55176
-0.147279 0.00793451 -0.989063 -0.791103 -0.00442974 0.999953 0.00868149 0.00639645 0.989085 0.0056599 -0.147237 3.54619
-0.206356 0.00802043 -0.978444 -0.786622 -0.00300045 0.999957 0.00882958 0.00627964 0.978472 0.00475781 -0.206323 3.53798
-0.247103 0.00834392 -0.968953 -0.78355 -0.0033681 0.999949 0.00946978 0.00652543 0.968983 0.00560354 -0.247063 3.53209
-0.325616 0.00810633 -0.945467 -0.774934 -0.00202941 0.999955 0.00927242 0.00645413 0.9455 0.00493798 -0.325585 3.52192
-0.360158 0.0085854 -0.932852 -0.772389 -0.00163672 0.99995 0.00983484 0.00687565 0.93289 0.00506892 -0.360126 3.51742
-0.429833 0.00849924 -0.902868 -0.764593 -0.00149849 0.999948 0.0101265 0.00735114 0.902907 0.00570564 -0.429798 3.50807
-0.449971 0.00841304 -0.893004 -0.760875 -0.000795534 0.999951 0.00982146 0.0068085 0.893043 0.00512979 -0.449942 3.50656
-0.480526 0.00841765 -0.87694 -0.756317 -0.000748355 0.99995 0.0100085 0.00683434 0.87698 0.00546559 -0.480495 3.50264
-0.55227 0.00853885 -0.833621 -0.745414 0.000695291 0.999952 0.00978195 0.00661318 0.833665 0.00482267 -0.55225 3.49497
-0.576079 0.00822854 -0.817353 -0.741079 0.000610475 0.999953 0.00963657 0.00658766 0.817394 0.00505245 -0.576057 3.49187
-0.613013 0.00838344 -0.790028 -0.734522 0.00094252 0.999951 0.00987971 0.00689768 0.790072 0.00531177 -0.612991 3.48802
-0.641369 0.00855603 -0.767184 -0.729789 0.00171498 0.999951 0.00971824 0.00664119 0.76723 0.00491727 -0.641353 3.48524
-0.701057 0.00837402 -0.713056 -0.718545 0.00257581 0.999954 0.00921084 0.00601689 0.7131 0.00462063 -0.701047 3.47867
-0.725164 0.00825156 -0.688526 -0.713133 0.00301333 0.999957 0.00881018 0.00571608 0.688569 0.00431407 -0.725158 3.47738
-0.746001 0.00819861 -0.665894 -0.70866 0.00312955 0.999956 0.00880561 0.00555538 0.665938 0.00448505 -0.745994 3.47552
-0.793676 0.00836185 -0.608284 -0.696953 0.00386429 0.999955 0.00870396 0.00544884 0.608329 0.00455754 -0.793672 3.47196
-0.81745 0.00852079 -0.575936 -0.690796 0.00453523 0.999955 0.00835696 0.0050883 0.575982 0.0042194 -0.817452 3.47054
-0.859453 0.0081679 -0.51115 -0.678667 0.00459273 0.999955 0.0082565 0.00545027 0.511194 0.0047485 -0.859452 3.46805
-0.880395 0.00878334 -0.474159 -0.671806 0.00577632 0.999953 0.00779798 0.00527416 0.474205 0.00412642 -0.880405 3.46804
-0.893564 0.00824677 -0.448859 -0.667392 0.00539466 0.999956 0.00763254 0.00557223 0.448902 0.00439872 -0.89357 3.46771
-0.908018 0.00903202 -0.418833 -0.66214 0.00656614 0.999952 0.00732847 0.00490028 0.418879 0.00390427 -0.908034 3.46761
-0.92539 0.009072 -0.378907 -0.655233 0.00692531 0.999951 0.00702796 0.0049177 0.378952 0.00387955 -0.925408 3.46707
-0.949358 0.00903549 -0.314066 -0.644141 0.00737343 0.999952 0.0064796 0.00477951 0.31411 0.00383571 -0.949379 3.46768
-0.961515 0.00925062 -0.274595 -0.637478 0.00787027 0.99995 0.00612819 0.00464425 0.274638 0.00373121 -0.96154 3.46798
-0.972446 0.00897074 -0.232957 -0.630268 0.00786467 0.999953 0.00567641 0.00444157 0.232997 0.00368787 -0.97247 3.46932
-0.978412 0.00912789 -0.206464 -0.626505 0.00810462 0.99995 0.00580143 0.00457261 0.206507 0.00400287 -0.978437 3.46901
-0.986135 0.00832037 -0.165738 -0.618408 0.00734057 0.999952 0.00652337 0.00273806 0.165785 0.0052163 -0.986148 3.47127
-0.991756 0.00815144 -0.127883 -0.61243 0.0074186 0.999953 0.00620581 0.0026904 0.127928 0.00520594 -0.99177 3.47268
-0.997316 0.0084185 -0.0727367 -0.604028 0.00801765 0.999951 0.00580121 0.00267418 0.072782 0.00520246 -0.997334 3.47509
-0.99923 0.00850023 -0.0382975 -0.598628 0.0082933 0.99995 0.00555897 0.00237018 0.0383428 0.00523707 -0.999251 3.47714
-0.999686 0.00862944 0.023529 -0.58928 0.00874433 0.99995 0.00478452 0.00238399 -0.0234866 0.00498876 -0.999712 3.48086
-0.998361 0.00785208 0.0566827 -0.583599 0.00820634 0.999948 0.00601975 0.00206163 -0.0566325 0.00647504 -0.998374 3.48166
-0.996861 0.00785841 0.0787849 -0.580437 0.00834691 0.999948 0.00587292 0.00198895 -0.0787347 0.0065121 -0.996874 3.4836
-0.995325 0.00774762 0.0962761 -0.578118 0.00832045 0.99995 0.0055499 0.00203101 -0.0962282 0.00632501 -0.995339 3.48492
-0.99495 0.00798956 0.100052 -0.57791 0.00856792 0.999949 0.00535216 0.00188723 -0.100005 0.00618238 -0.994968 3.48497
-0.994769 0.00811229 0.101831 -0.577565 0.00871473 0.999947 0.00547265 0.00178934 -0.101781 0.00633145 -0.994787 3.4852
-0.99465 0.00783578 0.103 -0.577484 0.00844848 0.999949 0.00551366 0.00203112 -0.102952 0.00635436 -0.994666 3.48514
-0.994596 0.00807433 0.103505 -0.577501 0.00867031 0.999948 0.00530937 0.00188494 -0.103457 0.0061781 -0.994615 3.4853
-0.994591 0.00761708 0.103585 -0.577344 0.00823337 0.999951 0.00552332 0.00180945 -0.103538 0.00634631 -0.994605 3.48551
-0.994572 0.00753512 0.103779 -0.577394 0.00815101 0.999952 0.00551179 0.00194223 -0.103733 0.00632777 -0.994585 3.48527
-0.994578 0.00774072 0.103703 -0.577443 0.00834962 0.99995 0.00543873 0.00196777 -0.103655 0.00627512 -0.994593 3.48535
-0.994565 0.00781906 0.103821 -0.577555 0.00842348 0.99995 0.00538455 0.0018703 -0.103773 0.00622982 -0.994581 3.48544
-0.994562 0.00784529 0.10385 -0.577594 0.00845525 0.999949 0.00543451 0.00186436 -0.103803 0.00628304 -0.994578 3.48544
-0.994578 0.00796922 0.103689 -0.57751 0.0085728 0.999949 0.00537671 0.00188625 -0.103641 0.00623647 -0.994595 3.48532
-0.994579 0.00806578 0.103668 -0.577606 0.00866583 0.999948 0.00533907 0.001914 -0.10362 0.0062085 -0.994598 3.48529
-0.994572 0.00793379 0.103749 -0.577506 0.00853411 0.999949 0.00534364 0.00183314 -0.103702 0.00620005 -0.994589 3.48548
-0.99458 0.00801322 0.103668 -0.577506 0.00862036 0.999948 0.0054099 0.00193183 -0.103619 0.00627423 -0.994597 3.48527
-0.99459 0.00807702 0.103566 -0.577598 0.00868398 0.999948 0.00541106 0.00192527 -0.103516 0.00628115 -0.994608 3.48529
-0.994575 0.00791294 0.103721 -0.57749 0.00852414 0.999949 0.00545073 0.00181853 -0.103672 0.00630529 -0.994592 3.48543
-0.994578 0.00798355 0.103688 -0.57753 0.00859388 0.999948 0.00544083 0.00183837 -0.103639 0.00630241 -0.994595 3.48538
-0.994576 0.0077576 0.10372 -0.57748 0.00836499 0.99995 0.00542232 0.00182479 -0.103673 0.00626053 -0.994592 3.48546
-0.994567 0.00804466 0.103784 -0.577537 0.00864263 0.999949 0.00531322 0.00186075 -0.103736 0.00618132 -0.994586 3.48537
-0.994577 0.00799653 0.103693 -0.577515 0.00860941 0.999948 0.00546426 0.00180674 -0.103644 0.00632736 -0.994594 3.48536
-0.994566 0.00811806 0.103786 -0.577567 0.0087182 0.999948 0.00533006 0.00182234 -0.103738 0.00620593 -0.994585 3.48544
-0.99458 0.00785527 0.103681 -0.577423 0.00846525 0.999949 0.00544449 0.00183048 -0.103633 0.00629266 -0.994596 3.4854
-0.994581 0.00781087 0.103672 -0.577414 0.00842058 0.99995 0.00544481 0.00182498 -0.103625 0.00628829 -0.994597 3.48541
-0.994571 0.0079036 0.103755 -0.577487 0.00849289 0.99995 0.0052391 0.00189179 -0.103709 0.00609184 -0.994589 3.48534
-0.994574 0.0079605 0.103722 -0.577521 0.00855607 0.999949 0.0052983 0.00191756 -0.103675 0.00615701 -0.994592 3.48527
-0.994573 0.00779087 0.103748 -0.577471 0.00840491 0.99995 0.00548266 0.00184066 -0.1037 0.0063249 -0.994588 3.48534
-0.994573 0.0077909 0.103748 -0.577471 0.00840493 0.99995 0.00548254 0.00184066 -0.1037 0.00632479 -0.994588 3.48534
-0.994535 0.00795491 0.104098 -0.57802 0.00846261 0.999954 0.00443642 0.00292037 -0.104058 0.00529311 -0.994557 3.4849
-0.994543 0.00782654 0.104038 -0.577968 0.00833705 0.999955 0.00447301 0.00297638 -0.103998 0.00531597 -0.994563 3.48486
-0.994616 0.00762126 0.103351 -0.577751 0.00816999 0.999955 0.00488702 0.00304933 -0.103309 0.00570508 -0.994633 3.48184
-0.994793 0.00785631 0.101616 -0.57702 0.00834448 0.999956 0.00437991 0.00285762 -0.101577 0.00520503 -0.994814 3.47243
-0.995081 0.00782082 0.0987541 -0.575213 0.00829306 0.999956 0.00437239 0.00298106 -0.0987155 0.00516985 -0.995102 3.45195
-0.995402 0.00779428 0.095467 -0.573379 0.00826784 0.999955 0.00456585 0.00314858 -0.0954272 0.00533416 -0.995422 3.43209
-0.995516 0.00842101 0.09422 -0.573465 0.00887492 0.999951 0.00439955 0.00323384 -0.0941783 0.00521602 -0.995542 3.42298
-0.995774 0.00802698 0.091491 -0.571541 0.0084608 0.999955 0.00435478 0.00326996 -0.0914519 0.00511046 -0.995796 3.39947
-0.9959 0.00833707 0.0900798 -0.570263 0.00876554 0.999952 0.00436192 0.00329847 -0.0900392 0.00513363 -0.995925 3.38919
-0.996125 0.00805524 0.0875838 -0.568802 0.00844478 0.999956 0.00407797 0.00353891 -0.0875471 0.0048018 -0.996149 3.37417
-0.996278 0.00841468 0.0857917 -0.567762 0.00880889 0.999952 0.00421746 0.00336335 -0.0857521 0.00495749 -0.996304 3.35804
-0.996405 0.00849173 0.0842965 -0.566999 0.00888241 0.999951 0.00426068 0.00329189 -0.0842563 0.00499411 -0.996432 3.34465
-0.996601 0.00798218 0.0819982 -0.565877 0.00837375 0.999955 0.00443258 0.0037301 -0.0819591 0.00510415 -0.996623 3.32825
-0.996869 0.00804421 0.0786589 -0.562473 0.00841181 0.999955 0.00434305 0.00398664 -0.0786204 0.00499111 -0.996892 3.28135
-0.996854 0.00820598 0.0788395 -0.560368 0.00857268 0.999954 0.00431392 0.00398608 -0.0788005 0.00497621 -0.996878 3.26341
-0.996871 0.0082917 0.0786141 -0.560002 0.00864485 0.999954 0.00415295 0.00395781 -0.0785761 0.00481956 -0.996896 3.25417
-0.996854 0.00826189 0.0788302 -0.558281 0.00861272 0.999954 0.00411155 0.00365835 -0.0787926 0.00477756 -0.99688 3.23785
-0.996856 0.0085357 0.0787692 -0.556034 0.00888281 0.999952 0.00405733 0.00302408 -0.0787308 0.00474427 -0.996885 3.21151
-0.997094 0.00931824 0.075614 -0.552177 0.00953346 0.999951 0.00248595 0.0054962 -0.0755872 0.00319959 -0.997134 3.19748
-0.997261 0.00963199 0.0733377 -0.551305 0.00982946 0.999949 0.0023321 0.00604079 -0.0733115 0.00304658 -0.997304 3.18024
-0.997375 0.00934565 0.0718079 -0.550744 0.00953678 0.999952 0.00231922 0.00569538 -0.0717827 0.00299794 -0.997416 3.16527
-0.997436 0.00903908 0.070995 -0.549205 0.00922837 0.999955 0.00233867 0.0057965 -0.0709707 0.00298784 -0.997474 3.14836
-0.997476 0.0090349 0.0704237 -0.547183 0.00921453 0.999955 0.00222634 0.00588297 -0.0704004 0.00286964 -0.997515 3.11358
-0.997488 0.00906582 0.0702594 -0.545786 0.00925054 0.999955 0.00230422 0.00617611 -0.0702353 0.00294837 -0.997526 3.09728
-0.997485 0.00937646 0.0702562 -0.545308 0.00956312 0.999952 0.00232088 0.00617823 -0.0702311 0.00298692 -0.997526 3.08558
-0.997462 0.00947094 0.0705656 -0.543131 0.00965377 0.999951 0.00225025 0.00702182 -0.0705409 0.00292577 -0.997505 3.06449
-0.997513 0.00932132 0.069867 -0.542775 0.00950209 0.999952 0.00225537 0.00653487 -0.0698427 0.00291364 -0.997554 3.04988
-0.997506 0.00935562 0.0699657 -0.542174 0.00954856 0.999951 0.00242373 0.00607838 -0.0699396 0.00308576 -0.997546 3.03592
-0.99752 0.00882329 0.0698217 -0.541223 0.00900057 0.999957 0.00222479 0.00543236 -0.0697991 0.00284771 -0.997557 3.02227
-0.997503 0.00950497 0.0699811 -0.537699 0.00970594 0.99995 0.00253225 0.00742364 -0.0699535 0.00320516 -0.997545 2.98766
-0.997472 0.0110545 0.070196 -0.536805 0.0112187 0.999935 0.00194594 0.00720269 -0.0701699 0.00272853 -0.997531 2.97451
-0.997509 0.0113479 0.0696209 -0.535346 0.0114946 0.999932 0.00170681 0.00757595 -0.0695969 0.00250282 -0.997572 2.95179
-0.99761 0.0111298 0.0681902 -0.534582 0.0112978 0.999934 0.00207887 0.00715439 -0.0681626 0.0028443 -0.99767 2.93704
-0.997835 0.0106925 0.0648918 -0.532824 0.0108812 0.999938 0.00255521 0.00702083 -0.0648605 0.00325578 -0.997889 2.91078
-0.997941 0.0106928 0.0632341 -0.532348 0.0108539 0.999939 0.00220525 0.00655718 -0.0632067 0.00288705 -0.997996 2.89736
-0.998111 0.0109237 0.0604584 -0.531202 0.0110913 0.999936 0.00243802 0.00647833 -0.0604279 0.00310397 -0.998168 2.87909
-0.998199 0.0109035 0.0589943 -0.530828 0.0110531 0.999936 0.00221098 0.00711945 -0.0589664 0.00285907 -0.998256 2.86341
-0.998228 0.0105211 0.0585645 -0.530778 0.010667 0.999941 0.00217944 0.00681647 -0.0585381 0.00280029 -0.998281 2.85194
-0.998024 0.0107737 0.0618975 -0.528076 0.0109323 0.999938 0.00222458 0.00726564 -0.0618697 0.00289687 -0.99808 2.81979
-0.99796 0.0106652 0.0629443 -0.526995 0.0108142 0.999939 0.00202683 0.00763251 -0.0629189 0.00270339 -0.998015 2.80752
-0.997895 0.0104318 0.0640053 -0.525928 0.0105941 0.999941 0.00219734 0.00706418 -0.0639786 0.0028708 -0.997947 2.79624
-0.997774 0.0106274 0.0658352 -0.525234 0.0107845 0.99994 0.00203152 0.00756375 -0.0658096 0.002737 -0.997828 2.78195
-0.997613 0.00975058 0.0683577 -0.525303 0.00989767 0.999949 0.00181341 0.00760739 -0.0683366 0.00248567 -0.997659 2.76311
-0.997406 0.00996777 0.0712821 -0.523171 0.0101275 0.999947 0.00188007 0.00766848 -0.0712596 0.00259711 -0.997454 2.73876
-0.997146 0.0100483 0.0748311 -0.520501 0.0102016 0.999947 0.00166666 0.00763577 -0.0748103 0.0024253 -0.997195 2.71257
-0.997021 0.00950283 0.0765474 -0.519626 0.00967534 0.999951 0.00188309 0.00730979 -0.0765258 0.0026181 -0.997064 2.7003
-0.996682 0.0100654 0.0807735 -0.515997 0.0102412 0.999946 0.00176359 0.0074787 -0.0807514 0.00258496 -0.996731 2.66743
-0.996591 0.0101306 0.08188 -0.515721 0.0103035 0.999945 0.00168958 0.00732741 -0.0818584 0.00252747 -0.996641 2.65676
-0.996474 0.0101058 0.0832882 -0.514354 0.0102677 0.999946 0.00151514 0.00726364 -0.0832684 0.00236498 -0.996524 2.64601
-0.996134 0.009912 0.0872909 -0.511276 0.010114 0.999947 0.00187159 0.0080117 -0.0872677 0.00274721 -0.996181 2.62055
-0.996042 0.00982333 0.0883374 -0.510762 0.0100195 0.999948 0.00177765 0.00746413 -0.0883154 0.00265571 -0.996089 2.60615
-0.995825 0.0100268 0.0907344 -0.509447 0.010232 0.999946 0.00179633 0.00837168 -0.0907115 0.00271722 -0.995874 2.58756
-0.995515 0.00904753 0.0941676 -0.507663 0.00925221 0.999956 0.00173717 0.00546743 -0.0941477 0.00260064 -0.995555 2.56781
-0.995423 0.0097256 0.0950685 -0.507219 0.00990536 0.99995 0.00141915 0.00635654 -0.09505 0.00235434 -0.99547 2.55947
-0.995275 0.00927898 0.0966523 -0.505212 0.00947989 0.999954 0.00161976 0.00583662 -0.0966328 0.00252836 -0.995317 2.54681
-0.994878 0.00904503 0.100679 -0.501877 0.00925502 0.999956 0.00161879 0.00488074 -0.10066 0.00254228 -0.994918 2.52054
-0.994704 0.00903432 0.102379 -0.500076 0.00926182 0.999956 0.00174701 0.00524085 -0.102359 0.00268598 -0.994744 2.49853
-0.994683 0.00873328 0.102614 -0.497444 0.00896048 0.999958 0.00175335 0.00462617 -0.102595 0.0026635 -0.99472 2.47542
-0.994638 0.00935608 0.102994 -0.496719 0.00959367 0.999952 0.00181173 0.00515315 -0.102973 0.00279011 -0.99468 2.4631
-0.994693 0.00916736 0.102478 -0.49478 0.00938831 0.999955 0.00167391 0.00570146 -0.102458 0.00262712 -0.994734 2.45298
-0.994882 0.00941133 0.100607 -0.493942 0.00962589 0.999952 0.00164743 0.00487589 -0.100587 0.00260743 -0.994925 2.43686
-0.995052 0.00901064 0.0989436 -0.492812 0.00920537 0.999956 0.00151169 0.00497129 -0.0989256 0.00241502 -0.995092 2.42259
-0.995313 0.00903639 0.0962819 -0.489851 0.0092564 0.999955 0.00183866 0.00624186 -0.096261 0.00272127 -0.995352 2.39566
-0.995739 0.0092531 0.0917537 -0.487045 0.00944544 0.999954 0.00166225 0.0044664 -0.0917341 0.00252182 -0.99578 2.36589
-0.995878 0.00877639 0.0902807 -0.486297 0.00901867 0.999957 0.00227607 0.00527131 -0.0902568 0.0030809 -0.995914 2.35477
-0.995968 0.0086872 0.0892821 -0.486638 0.00887989 0.999959 0.00176125 0.00501768 -0.0892631 0.00254697 -0.996005 2.3497
-0.996981 0.00913754 0.0771121 -0.485272 0.00927859 0.999956 0.00147107 0.00421796 -0.0770953 0.00218211 -0.997021 2.32195
-0.997227 0.00907054 0.0738662 -0.486466 0.00922625 0.999956 0.00176702 0.00547481 -0.0738469 0.00244363 -0.997267 2.30667
-0.997808 0.0085625 0.0656156 -0.483681 0.0086581 0.999962 0.00117268 0.00727019 -0.0656031 0.00173822 -0.997844 2.28495
-0.998208 0.00870278 0.0591967 -0.483852 0.00877497 0.999961 0.000959618 0.00731232 -0.059186 0.00147735 -0.998246 2.27051
-0.998611 0.00885089 0.0519429 -0.483405 0.00890888 0.99996 0.000884976 0.007362 -0.051933 0.0013465 -0.99865 2.24898
-0.998913 0.00920611 0.0456905 -0.483587 0.0092743 0.999956 0.00128052 0.0073114 -0.0456767 0.00170288 -0.998955 2.23405
-0.999366 0.00910959 0.0344151 -0.483861 0.00917327 0.999956 0.00169296 0.00771865 -0.0343981 0.00200759 -0.999406 2.20267
-0.999578 0.0084623 0.0277727 -0.48342 0.00850936 0.999963 0.00157674 0.00797195 -0.0277583 0.0018124 -0.999613 2.18566
-0.999839 0.00886982 0.0156008 -0.484216 0.00889462 0.999959 0.00152071 0.00753026 -0.0155866 0.00165923 -0.999877 2.15408
-0.999901 0.00870381 0.0110349 -0.483962 0.00872202 0.999961 0.00160303 0.0078483 -0.0110205 0.00169912 -0.999938 2.14074
-0.999957 0.00918019 -0.000900767 -0.485588 0.00917823 0.999956 0.00215546 0.00895323 0.000920515 0.00214711 -0.999997 2.11369
-0.999949 0.0089967 -0.00462851 -0.48524 0.00898792 0.999958 0.00191315 0.00812759 0.00464553 0.00187145 -0.999987 2.10027
-0.999928 0.00730829 -0.00948635 -0.485494 0.00729354 0.999972 0.00158868 0.00639701 0.00949769 0.00151937 -0.999954 2.08645
-0.999662 0.0070607 -0.0250091 -0.487967 0.00701313 0.999973 0.00198923 0.00762107 0.0250225 0.00181317 -0.999685 2.04112
-0.999522 0.00771948 -0.0299315 -0.489247 0.00765361 0.999968 0.00231458 0.00695958 0.0299484 0.00208439 -0.999549 2.01464
-0.999394 0.00740186 -0.0340054 -0.490291 0.00733278 0.999971 0.00215585 0.00635721 0.0340203 0.00190519 -0.999419 1.99083
-0.999143 0.00774807 -0.04067 -0.492408 0.00765385 0.999968 0.00247184 0.00666266 0.0406879 0.00215844 -0.99917 1.97328
-0.998893 0.00818833 -0.0463189 -0.493324 0.0080965 0.999965 0.00216979 0.00631109 0.0463351 0.00179236 -0.998924 1.95765
-0.998691 0.00708775 -0.0506526 -0.493978 0.00696707 0.999972 0.00255865 0.00725543 0.0506693 0.0022024 -0.998713 1.94439
-0.997811 0.0072988 -0.0657312 -0.497793 0.00712545 0.99997 0.00287126 0.00749825 0.0657502 0.00239661 -0.997833 1.90749
-0.997541 0.00762495 -0.0696711 -0.499777 0.00744294 0.999968 0.00287163 0.0071208 0.0696908 0.00234601 -0.997566 1.89285
-0.997335 0.00774024 -0.0725446 -0.500572 0.00754629 0.999967 0.0029472 0.00739639 0.0725651 0.00239191 -0.997361 1.87959
-0.997167 0.00720472 -0.0748756 -0.500613 0.00699928 0.999971 0.00300585 0.00716819 0.0748951 0.00247326 -0.997188 1.86415
-0.99703 0.00786675 -0.0766175 -0.50262 0.00769871 0.999967 0.00248833 0.00700402 0.0766345 0.00189108 -0.997057 1.85341
-0.99688 0.00972093 -0.0783297 -0.503797 0.0097522 0.999952 -1.66413e-05 0.0114308 0.0783258 -0.000780476 -0.996928 1.83882
-0.996542 0.00920809 -0.0825759 -0.506399 0.00925726 0.999957 -0.000212602 0.0121549 0.0825704 -0.000976292 -0.996585 1.8064
-0.996304 0.00823179 -0.0854978 -0.50767 0.00823593 0.999966 0.000304352 0.0119568 0.0854974 -0.000400926 -0.996338 1.78275
-0.996017 0.00958085 -0.0886476 -0.510745 0.00960338 0.999954 0.000172433 0.0112606 0.0886452 -0.00067957 -0.996063 1.76105
-0.995767 0.0100362 -0.091362 -0.512369 0.0100345 0.99995 0.000477546 0.0112889 0.0913622 -0.000441251 -0.995818 1.74811
-0.99463 0.00917933 -0.103086 -0.516574 0.00922994 0.999957 -1.39495e-05 0.0106775 0.103082 -0.000965355 -0.994672 1.7149
-0.994216 0.00949243 -0.10698 -0.518746 0.00951563 0.999955 0.000293691 0.0112572 0.106978 -0.000725986 -0.994261 1.69966
-0.993852 0.00900234 -0.110349 -0.520598 0.00904325 0.999959 0.000129727 0.0111068 0.110345 -0.00086898 -0.993893 1.68183
-0.993617 0.00865942 -0.11247 -0.52268 0.00867417 0.999962 0.000358239 0.0119625 0.112469 -0.000619631 -0.993655 1.6665
-0.992986 0.00900552 -0.117884 -0.527263 0.00898034 0.999959 0.000744742 0.0121646 0.117886 -0.000319124 -0.993027 1.62556
-0.992627 0.00871931 -0.120891 -0.530723 0.00877334 0.999962 8.53409e-05 0.0113722 0.120887 -0.000975908 -0.992666 1.60264
-0.99236 0.0097562 -0.12299 -0.532722 0.00964603 0.999952 0.00149119 0.0105185 0.122998 0.000293436 -0.992407 1.58116
-0.992296 0.00948668 -0.123525 -0.535499 0.00935211 0.999955 0.00166921 0.0109227 0.123535 0.00050113 -0.99234 1.55942
-0.992291 0.00955699 -0.12356 -0.536975 0.00943977 0.999954 0.0015341 0.0103905 0.123569 0.000355899 -0.992336 1.54491
-0.992315 0.0094418 -0.123377 -0.542107 0.00932715 0.999955 0.00150682 0.0107737 0.123386 0.000344481 -0.992359 1.49862
-0.991243 0.00897341 -0.131744 -0.547973 0.0088261 0.99996 0.00170208 0.0106464 0.131754 0.000524393 -0.991282 1.46542
-0.990556 0.00949048 -0.13678 -0.549885 0.00940527 0.999955 0.00126924 0.0105494 0.136786 -2.91961e-05 -0.990601 1.45161
-0.990075 0.00953361 -0.140217 -0.552502 0.00938922 0.999954 0.00169126 0.0104961 0.140227 0.000357946 -0.990119 1.44078
-0.989516 0.00939888 -0.144118 -0.553859 0.00926679 0.999956 0.00158775 0.0109004 0.144126 0.000235594 -0.989559 1.4282
-0.988084 0.00993517 -0.153591 -0.559417 0.00975312 0.999951 0.00193869 0.0104064 0.153603 0.000417595 -0.988133 1.4081
-0.987559 0.00955987 -0.15696 -0.561678 0.00933638 0.999954 0.00216114 0.010908 0.156973 0.000668819 -0.987603 1.39707
-0.987153 0.00984278 -0.159472 -0.563553 0.00966802 0.999952 0.00187171 0.0101046 0.159483 0.00030588 -0.987201 1.38771
-0.98604 0.00998185 -0.166206 -0.571563 0.00970906 0.99995 0.00245371 0.00984699 0.166222 0.000805745 -0.986088 1.35163
-0.985661 0.010088 -0.168433 -0.574195 0.00975413 0.999948 0.00280975 0.0101321 0.168453 0.00112655 -0.985709 1.33586
-0.985255 0.00989945 -0.170808 -0.577709 0.00960006 0.999951 0.00257867 0.0100377 0.170825 0.000900884 -0.985301 1.31933
-0.98481 0.00984182 -0.173356 -0.581505 0.00957634 0.999951 0.0023678 0.0101075 0.173371 0.000671723 -0.984856 1.29735
-0.9847 0.00956882 -0.173995 -0.583958 0.00925963 0.999954 0.00258871 0.0100095 0.174011 0.000937973 -0.984743 1.28351
-0.984663 0.00943764 -0.17421 -0.586497 0.00913336 0.999955 0.00254828 0.0103292 0.174226 0.000918076 -0.984705 1.26709
-0.984564 0.0100249 -0.17474 -0.589667 0.00971422 0.999949 0.00263329 0.0107799 0.174758 0.000895177 -0.984611 1.25264
-0.984577 0.0102568 -0.174651 -0.591344 0.0100129 0.999947 0.00227786 0.00982772 0.174665 0.000493976 -0.984628 1.24267
-0.985373 0.00844435 -0.170204 -0.595879 0.00829052 0.999964 0.00161451 0.00970865 0.170211 0.000179819 -0.985408 1.20608
-0.985571 0.00988578 -0.168975 -0.598189 0.00964006 0.999951 0.00227449 0.0104929 0.168989 0.000612736 -0.985618 1.19602
-0.986262 0.00990948 -0.16489 -0.602199 0.00977525 0.999951 0.0016255 0.0105096 0.164899 -8.67252e-06 -0.986311 1.17067
-0.986647 0.00880219 -0.162635 -0.605468 0.00855368 0.999961 0.00222821 0.0113107 0.162649 0.000807327 -0.986684 1.15041
-0.986775 0.00873313 -0.161861 -0.607325 0.0085682 0.999962 0.00171698 0.0116551 0.16187 0.000307414 -0.986812 1.13689
-0.986789 0.00877316 -0.161771 -0.610249 0.00856886 0.999961 0.00196055 0.0115374 0.161782 0.000548452 -0.986826 1.12116
-0.986824 0.00942435 -0.161522 -0.612342 0.00919302 0.999955 0.00217947 0.0113455 0.161535 0.000665878 -0.986867 1.10783
-0.986828 0.00901183 -0.161525 -0.614514 0.00883238 0.999959 0.00182899 0.0115374 0.161535 0.000378254 -0.986867 1.09399
-0.986778 0.00970181 -0.161788 -0.621951 0.00943709 0.999953 0.00240458 0.0125141 0.161804 0.000845981 -0.986823 1.04924
-0.986816 0.0093801 -0.161576 -0.626105 0.0091548 0.999956 0.00213882 0.011492 0.161589 0.000631428 -0.986858 1.02566
-0.986791 0.00928598 -0.161735 -0.628224 0.00903525 0.999957 0.00228567 0.0121042 0.161749 0.000794165 -0.986832 1.01111
-0.986753 0.0103816 -0.161895 -0.629784 0.0101091 0.999946 0.00250658 0.0124124 0.161912 0.000836755 -0.986805 0.999584
-0.986798 0.00913311 -0.161695 -0.632775 0.00892786 0.999958 0.00199591 0.0123101 0.161707 0.000525965 -0.986839 0.97959
-0.986831 0.00913884 -0.161499 -0.635491 0.00885407 0.999958 0.00248291 0.012387 0.161515 0.00102028 -0.98687 0.965821
-0.986749 0.00999633 -0.161945 -0.638984 0.00972619 0.99995 0.00246085 0.0125757 0.161962 0.000853135 -0.986797 0.95039
-0.987089 0.00963671 -0.159883 -0.641152 0.00941614 0.999953 0.00213711 0.0109544 0.159896 0.000604039 -0.987134 0.940753
-0.9882 0.00970351 -0.152863 -0.648979 0.00944337 0.999952 0.00242776 0.0111722 0.152879 0.00095557 -0.988244 0.888484
-0.988518 0.00968053 -0.150793 -0.651309 0.00948745 0.999953 0.00199984 0.0109065 0.150805 0.000546238 -0.988563 0.86885
-0.988903 0.00973799 -0.148244 -0.653433 0.00950859 0.999952 0.00225609 0.0107607 0.148259 0.00082146 -0.988948 0.846329
-0.989467 0.00927738 -0.144464 -0.658375 0.00916048 0.999957 0.00147431 0.0110982 0.144472 0.000135421 -0.989509 0.81706
-0.989636 0.00943175 -0.143292 -0.659272 0.00928724 0.999955 0.00167734 0.0108876 0.143301 0.000329172 -0.989679 0.809181
-0.989892 0.00956456 -0.141503 -0.661025 0.00936379 0.999954 0.00208463 0.0113147 0.141516 0.000738553 -0.989936 0.790909
-0.990249 0.00933127 -0.138997 -0.66273 0.00911206 0.999956 0.00221338 0.0112317 0.139012 0.000925243 -0.99029 0.776554
-0.990607 0.0101641 -0.13636 -0.66617 0.00997204 0.999948 0.00209167 0.0122186 0.136374 0.000712234 -0.990657 0.751483
-0.990683 0.0101953 -0.135807 -0.6692 0.0100003 0.999948 0.0021177 0.0119856 0.135821 0.000739853 -0.990733 0.729668
-0.990707 0.00948236 -0.135685 -0.67302 0.00933885 0.999955 0.00169413 0.0115922 0.135695 0.000411238 -0.990751 0.705493
-0.990666 0.00963385 -0.135969 -0.675202 0.00943247 0.999953 0.00212527 0.0117142 0.135983 0.000822911 -0.990711 0.686942
-0.990701 0.00843802 -0.135796 -0.67864 0.00823381 0.999964 0.0020654 0.0115845 0.135808 0.000928076 -0.990735 0.671136
-0.990545 0.00946446 -0.136863 -0.676121 0.00934257 0.999955 0.00153292 0.0123023 0.136872 0.000239772 -0.990589 0.657637
-0.990588 0.00942184 -0.136551 -0.678664 0.00928253 0.999956 0.00165691 0.013157 0.13656 0.00037378 -0.990632 0.636963
-0.990586 0.00970679 -0.136547 -0.680617 0.00954357 0.999953 0.00184995 0.0127946 0.136558 0.000529393 -0.990632 0.620582
-0.990587 0.0093701 -0.136565 -0.682682 0.00924437 0.999956 0.00155481 0.0122547 0.136574 0.000277714 -0.99063 0.608293
-0.990588 0.0101231 -0.136501 -0.688825 0.00997947 0.999949 0.00173686 0.0129272 0.136512 0.000358301 -0.990638 0.562402
-0.990631 0.0103025 -0.136177 -0.692167 0.0101349 0.999947 0.00192408 0.0126873 0.13619 0.00052592 -0.990683 0.54037
-0.990589 0.00967471 -0.136525 -0.694106 0.00954259 0.999953 0.00162217 0.0129533 0.136534 0.0003041 -0.990635 0.523018
-0.990567 0.00959593 -0.136693 -0.697064 0.00942867 0.999954 0.00187097 0.0124387 0.136705 0.000564491 -0.990612 0.502673
-0.990545 0.00967872 -0.136844 -0.697641 0.00956456 0.999953 0.00149175 0.0127089 0.136852 0.000168796 -0.990592 0.489996
-0.990623 0.0098264 -0.136268 -0.702323 0.00973765 0.999952 0.00131781 0.0123777 0.136274 -2.14792e-05 -0.990671 0.460596
-0.990781 0.0101908 -0.135087 -0.703157 0.0101026 0.999948 0.00133827 0.0133591 0.135093 -3.87887e-05 -0.990833 0.451194
-0.992137 0.0103933 -0.124726 -0.708522 0.0102986 0.999946 0.00140408 0.0142132 0.124734 0.000108532 -0.99219 0.427938
-0.992631 0.00976408 -0.120785 -0.711723 0.00967967 0.999952 0.00128558 0.0130665 0.120792 0.000106948 -0.992678 0.414649
-0.993266 0.00987028 -0.115431 -0.715811 0.0097727 0.999951 0.00141126 0.0132603 0.11544 0.00027368 -0.993314 0.393092
-0.993538 0.00988334 -0.113066 -0.717199 0.0097714 0.999951 0.00154418 0.012772 0.113076 0.000429388 -0.993586 0.378747
-0.993786 0.0101982 -0.110842 -0.720051 0.0101672 0.999948 0.000844852 0.0132105 0.110844 -0.000287344 -0.993838 0.366665
-0.993988 0.0095596 -0.109075 -0.721807 0.00956474 0.999954 0.000476109 0.0135286 0.109075 -0.000570028 -0.994033 0.353671
-0.995613 0.0106203 -0.0929657 -0.726342 0.0105852 0.999944 0.000871149 0.0144018 0.0929697 -0.000116731 -0.995669 0.320857
-0.99654 0.0104824 -0.0824456 -0.727791 0.0104619 0.999945 0.000680541 0.0129936 0.0824482 -0.00018435 -0.996595 0.305529
-0.997189 0.0112695 -0.0740722 -0.732379 0.0111742 0.999936 0.00170114 0.0117943 0.0740866 0.000868659 -0.997251 0.29078
-0.997434 0.0106971 -0.0707923 -0.734044 0.0106519 0.999943 0.00101614 0.0129004 0.0707991 0.000259466 -0.997491 0.278591
-0.997594 0.00978604 -0.0686338 -0.735194 0.00980079 0.999952 0.000121809 0.0149511 0.0686317 -0.000551149 -0.997642 0.272665
-0.997476 0.00978667 -0.070324 -0.739418 0.00980284 0.999952 0.000115235 0.0153109 0.0703217 -0.000574431 -0.997524 0.247704
-0.997396 0.00967814 -0.0714649 -0.739949 0.0097 0.999953 4.11077e-05 0.0150505 0.0714619 -0.000652209 -0.997443 0.241661
-0.997109 0.01017 -0.075298 -0.741568 0.0102057 0.999948 -8.94693e-05 0.0146495 0.0752931 -0.000857681 -0.997161 0.231104
-0.99637 0.00986946 -0.0845505 -0.743191 0.00989686 0.999951 9.50984e-05 0.0149717 0.0845473 -0.000742032 -0.996419 0.217389
-0.996032 0.00976607 -0.0884571 -0.744342 0.00977302 0.999952 0.000354543 0.0146961 0.0884563 -0.000511357 -0.99608 0.210384
-0.995873 0.00975204 -0.0902346 -0.745029 0.00976771 0.999952 0.000267876 0.0149999 0.0902329 -0.000614615 -0.995921 0.203128
-0.995797 0.00975016 -0.0910635 -0.745711 0.00978618 0.999952 5.09464e-05 0.0147729 0.0910596 -0.000840431 -0.995845 0.197275
-0.996246 0.00991078 -0.0859958 -0.747767 0.0099326 0.999951 0.000174203 0.0149187 0.0859933 -0.000680613 -0.996295 0.180618
-0.997731 0.00956349 -0.0666364 -0.747153 0.00961749 0.999954 -0.000489654 0.0145601 0.0666286 -0.00112942 -0.997777 0.167682
-0.99796 0.0102142 -0.0630171 -0.747957 0.0102671 0.999947 -0.000516108 0.0146848 0.0630085 -0.00116206 -0.998012 0.162383
-0.998072 0.0098351 -0.0612865 -0.749547 0.0098586 0.999951 -8.09765e-05 0.0149027 0.0612827 -0.000685019 -0.99812 0.156288
-0.998187 0.0100813 -0.0593339 -0.751242 0.0101083 0.999949 -0.000154886 0.0143235 0.0593293 -0.000754372 -0.998238 0.142499
-0.998323 0.0101351 -0.0570001 -0.752189 0.0101647 0.999948 -0.000230032 0.0144477 0.0569948 -0.000809036 -0.998374 0.136164
-0.998435 0.00951308 -0.0551139 -0.752172 0.00956487 0.999954 -0.000675829 0.0150586 0.0551049 -0.00120193 -0.99848 0.1303
-0.998636 0.00912676 -0.0514126 -0.753658 0.00914627 0.999958 -0.000144263 0.0150517 0.0514091 -0.0006143 -0.998677 0.135857
-0.998876 0.00953015 -0.0464322 -0.753105 0.00957459 0.999954 -0.000734839 0.0146601 0.0464231 -0.00117858 -0.998921 0.121514
-0.999588 0.00971553 -0.0270046 -0.753427 0.00974001 0.999952 -0.000775015 0.0148529 0.0269958 -0.00103772 -0.999635 0.107472
-0.99974 0.0095794 -0.0206989 -0.753323 0.00958804 0.999954 -0.000318193 0.0152563 0.0206949 -0.000516572 -0.999786 0.103608
-0.999808 0.0098846 -0.0169226 -0.753981 0.00989533 0.999951 -0.000550417 0.0150361 0.0169163 -0.000717766 -0.999857 0.0988362
-0.999821 0.00958848 -0.0163318 -0.754962 0.00959954 0.999954 -0.000599202 0.0151237 0.0163253 -0.000755872 -0.999866 0.0948219
-0.999833 0.00969088 -0.0155048 -0.755927 0.00970042 0.999953 -0.000539653 0.0149693 0.0154988 -0.000689966 -0.99988 0.0892655
-0.998994 0.00953878 0.0438206 -0.746962 0.00949049 0.999954 -0.00130996 0.0152363 -0.0438311 -0.000892766 -0.999039 0.0892679
-0.995813 0.00885609 0.090981 -0.741127 0.00876303 0.999961 -0.00142231 0.0151717 -0.09099 -0.000619083 -0.995852 0.0914509
-0.987163 0.00986781 0.159411 -0.731458 0.00964143 0.999951 -0.00219347 0.0152143 -0.159425 -0.000628355 -0.98721 0.0958543
-0.978095 0.00952383 0.207939 -0.725131 0.00931379 0.999955 -0.00198913 0.0149225 -0.207949 -8.84891e-06 -0.97814 0.0986313
-0.967273 0.0102563 0.253532 -0.718905 0.00982025 0.999947 -0.00298543 0.0148328 -0.253549 -0.000397972 -0.967322 0.104034
-0.95891 0.0104861 0.283516 -0.71492 0.0100359 0.999945 -0.00304046 0.0156393 -0.283532 -7.02041e-05 -0.958963 0.108376
-0.928435 0.00753108 0.371419 -0.70194 0.00653678 0.999971 -0.00393594 0.0149163 -0.371438 -0.00122638 -0.928457 0.110904
-0.918681 0.00785355 0.394923 -0.699604 0.00691268 0.999969 -0.00380519 0.0150288 -0.394941 -0.000765772 -0.918706 0.11396
-0.90445 0.00751702 0.426514 -0.695329 0.00637055 0.999971 -0.00411467 0.0145429 -0.426533 -0.00100438 -0.904471 0.117867
-0.870179 0.00731333 0.492682 -0.689747 0.0059408 0.999973 -0.00435083 0.0138474 -0.4927 -0.000859072 -0.870199 0.129773
-0.790436 0.0068528 0.612506 -0.673821 0.00444127 0.999975 -0.00545642 0.0145673 -0.612529 -0.00159265 -0.790447 0.145872
-0.768411 0.00738652 0.639914 -0.670972 0.00460267 0.999971 -0.00601575 0.0148087 -0.63994 -0.00167725 -0.768423 0.150363
-0.738235 0.00699175 0.674508 -0.667137 0.00376076 0.999973 -0.00624936 0.0147031 -0.674534 -0.00207683 -0.738241 0.157501
-0.713859 0.00827394 0.70024 -0.664841 0.00557553 0.999966 -0.00613149 0.0142807 -0.700267 -0.000472813 -0.713881 0.153696
-0.663001 0.0076695 0.748579 -0.659474 0.00424438 0.99997 -0.00648594 0.014254 -0.748606 -0.00112293 -0.663014 0.174469
-0.60092 0.00717629 0.799277 -0.657449 0.00279874 0.999972 -0.00687406 0.0145367 -0.799304 -0.00189379 -0.600924 0.186175
-0.53759 0.00699928 0.843177 -0.654589 0.00198815 0.999973 -0.00703326 0.0146296 -0.843204 -0.00210465 -0.53759 0.198316
-0.509523 0.00736767 0.860425 -0.653604 0.00189098 0.999971 -0.00744278 0.0144662 -0.860455 -0.00216523 -0.509522 0.203274
-0.479383 0.00742799 0.877574 -0.653626 0.00174389 0.99997 -0.00751137 0.0143817 -0.877604 -0.00207043 -0.479382 0.209149
-0.408352 0.00709408 0.912797 -0.651599 0.00105546 0.999973 -0.00729942 0.0144477 -0.912824 -0.00201732 -0.408349 0.221277
-0.370107 0.00792286 0.928956 -0.651757 0.00204012 0.999968 -0.0077157 0.0141206 -0.928987 -0.000960451 -0.370111 0.228104
-0.33109 0.0080644 0.943565 -0.651708 0.00188692 0.999967 -0.00788435 0.0141023 -0.943597 -0.000830006 -0.331095 0.235176
-0.264047 0.00801156 0.964476 -0.652569 0.00118306 0.999967 -0.00798249 0.0140546 -0.964509 -0.00096672 -0.264048 0.245841
-0.212346 0.00803227 0.977162 -0.654051 0.000652341 0.999967 -0.00807797 0.0139101 -0.977194 -0.00107788 -0.212344 0.254942
-0.169503 0.00821095 0.985495 -0.655617 0.000377927 0.999966 -0.00826651 0.0139995 -0.98553 -0.00102875 -0.169501 0.262012
-0.142108 0.00787353 0.98982 -0.656559 -0.000238771 0.999968 -0.00798853 0.0137296 -0.989851 -0.00137157 -0.142102 0.266219
-0.0965122 0.00802769 0.995299 -0.657819 -0.000165957 0.999967 -0.00808143 0.0139133 -0.995332 -0.000945134 -0.0965077 0.272946
-0.0591102 0.00797539 0.99822 -0.661487 -0.000825883 0.999967 -0.00803826 0.0137109 -0.998251 -0.00129956 -0.0591017 0.279093
0.0149991 0.00841871 0.999852 -0.663567 -0.00142244 0.999964 -0.00839831 0.014642 -0.999886 -0.00129626 0.0150105 0.289608
0.0971964 0.00840638 0.99523 -0.669425 -0.00236249 0.999963 -0.00821564 0.0146358 -0.995262 -0.00155269 0.0972127 0.301844
0.133565 0.00801262 0.991008 -0.673349 -0.00253011 0.999967 -0.00774406 0.0143262 -0.991037 -0.00147302 0.133581 0.307657
0.178513 0.00831917 0.983902 -0.675639 -0.00238088 0.999965 -0.00802301 0.0143017 -0.983935 -0.000910339 0.178526 0.31319
0.239461 0.00828249 0.970871 -0.681153 -0.00349391 0.999964 -0.00766893 0.0146659 -0.9709 -0.00155572 0.239482 0.321323
0.273097 0.00855237 0.961948 -0.685912 -0.00299115 0.999963 -0.00804116 0.014334 -0.961982 -0.000681311 0.273113 0.325837
0.354468 0.00862316 0.935028 -0.694375 -0.00387983 0.999962 -0.00775116 0.0146568 -0.93506 -0.000880205 0.354489 0.336151
0.414587 0.00855137 0.90997 -0.701585 -0.00429101 0.999963 -0.00744207 0.0144558 -0.91 -0.00081931 0.414608 0.344356
0.47386 0.00852095 0.880559 -0.709528 -0.00483605 0.999963 -0.00707394 0.0141466 -0.880587 -0.000906368 0.473884 0.351359
0.507754 0.00862622 0.861459 -0.714189 -0.00520723 0.999962 -0.00694392 0.0144212 -0.861486 -0.000960013 0.50778 0.355318
0.550714 0.00863714 0.834649 -0.720258 -0.00548864 0.999962 -0.00672635 0.0145052 -0.834676 -0.000876791 0.550741 0.360708
0.587821 0.00862108 0.808945 -0.726638 -0.00617318 0.999962 -0.00617104 0.0145686 -0.808967 -0.00136629 0.587852 0.364871
0.622764 0.00863373 0.782362 -0.733524 -0.00554849 0.999963 -0.00661842 0.0145349 -0.78239 -0.000219212 0.622789 0.367566
0.663003 0.00829797 0.74857 -0.739966 -0.00588034 0.999965 -0.00587654 0.0144968 -0.748593 -0.000505684 0.663029 0.372222
0.691392 0.0083988 0.722431 -0.745734 -0.0059027 0.999965 -0.00597625 0.0151665 -0.722456 -0.00013236 0.691417 0.374488
0.752638 0.00841755 0.658381 -0.759116 -0.00646661 0.999965 -0.00539237 0.0152105 -0.658403 -0.00019899 0.752666 0.379434
0.778646 0.00830642 0.627409 -0.765507 -0.00634949 0.999965 -0.00535875 0.0150171 -0.627431 0.000188846 0.778672 0.381858
0.827636 0.0084046 0.561202 -0.778692 -0.00712731 0.999965 -0.0044645 0.0148806 -0.56122 -0.000304883 0.827667 0.384718
0.880974 0.00869718 0.473085 -0.794879 -0.00753088 0.999962 -0.00435934 0.0155467 -0.473105 0.000277717 0.881006 0.387872
0.906403 0.00945053 0.422308 -0.804602 -0.00895315 0.999955 -0.00316104 0.0154542 -0.422318 -0.000915809 0.906447 0.388408
0.940953 0.00926099 0.33841 -0.819593 -0.00894473 0.999957 -0.00249406 0.0156451 -0.338418 -0.000680186 0.940996 0.387858
0.958099 0.00971217 0.286273 -0.828117 -0.00950894 0.999953 -0.00210011 0.0154017 -0.28628 -0.000710047 0.958146 0.387586
0.971626 0.0091527 0.236344 -0.836277 -0.00907267 0.999958 -0.00142616 0.0153455 -0.236347 -0.000758584 0.971668 0.386949
0.981054 0.00946845 0.193501 -0.843018 -0.00948845 0.999955 -0.00082341 0.015441 -0.1935 -0.00102821 0.9811 0.385646
0.988565 0.00920576 0.150512 -0.85004 -0.00919553 0.999957 -0.00076395 0.0152412 -0.150512 -0.00062882 0.988608 0.383797
0.999711 0.00877288 0.0223829 -0.869458 -0.00876899 0.999962 -0.000272083 0.0150937 -0.0223845 7.57285e-05 0.999749 0.375484
0.999902 0.0101906 -0.00958979 -0.875714 -0.0101856 0.999948 0.00057123 0.0153152 0.00959512 -0.000473495 0.999954 0.375424
0.995703 0.0086996 -0.09219 -0.886195 -0.0086477 0.999962 0.000962332 0.015753 0.0921948 -0.000160966 0.995741 0.370026
0.995127 0.00982472 -0.0981103 -0.887551 -0.00973414 0.999952 0.00140183 0.0154496 0.0981193 -0.000439983 0.995175 0.369784
0.995131 0.00978038 -0.0980762 -0.887366 -0.0097085 0.999952 0.00121012 0.0152775 0.0980833 -0.000252059 0.995178 0.369698
0.995127 0.00961729 -0.0981341 -0.887358 -0.00953754 0.999954 0.00128174 0.015394 0.0981419 -0.000339534 0.995172 0.369709
0.99513 0.00962093 -0.098096 -0.887374 -0.0095362 0.999954 0.00133262 0.0154318 0.0981043 -0.000390672 0.995176 0.369747
0.99512 0.010881 -0.0980743 -0.887989 -0.0108661 0.999941 0.000685681 0.0162937 0.0980759 0.000383351 0.995179 0.369645
0.995121 0.00968653 -0.0981854 -0.887388 -0.0096044 0.999953 0.00130911 0.015425 0.0981935 -0.000359708 0.995167 0.36977
0.995122 0.00968702 -0.0981761 -0.88742 -0.00960754 0.999953 0.00128231 0.0154385 0.0981839 -0.000332822 0.995168 0.369741
0.995123 0.00970393 -0.0981659 -0.887401 -0.00961869 0.999953 0.00134154 0.0154375 0.0981743 -0.000390769 0.995169 0.369786
0.995125 0.0096915 -0.098144 -0.887418 -0.00960973 0.999953 0.00130588 0.0154388 0.0981521 -0.000356372 0.995171 0.369761
0.995122 0.00966974 -0.0981729 -0.887412 -0.00958576 0.999953 0.00132716 0.0154387 0.0981811 -0.000379625 0.995168 0.369783
0.995122 0.00967921 -0.0981713 -0.887417 -0.00959638 0.999953 0.00131591 0.0154426 0.0981794 -0.000367405 0.995169 0.369783
0.995122 0.0097095 -0.098173 -0.887417 -0.0096258 0.999953 0.00132619 0.0154423 0.0981812 -0.000374724 0.995168 0.369781
0.995122 0.00967779 -0.0981724 -0.887414 -0.00959467 0.999953 0.00131877 0.0154358 0.0981806 -0.000370404 0.995169 0.369778
0.995122 0.00968762 -0.0981715 -0.887403 -0.00960433 0.999953 0.00132091 0.0154344 0.0981796 -0.000371599 0.995169 0.36977
0.995122 0.009689 -0.0981703 -0.887406 -0.00960601 0.999953 0.00131807 0.0154413 0.0981785 -0.000368612 0.995169 0.369776
0.995122 0.00968762 -0.0981715 -0.887403 -0.00960433 0.999953 0.00132091 0.0154344 0.0981796 -0.000371599 0.995169 0.36977
0.995122 0.00968901 -0.0981703 -0.887406 -0.00960601 0.999953 0.00131806 0.0154413 0.0981785 -0.000368607 0.995169 0.369776
0.995123 0.00972115 -0.0981568 -0.887428 -0.00963896 0.999953 0.00131153 0.0154366 0.0981649 -0.000359001 0.99517 0.36977
0.995121 0.0097052 -0.0981845 -0.887428 -0.00962065 0.999953 0.00133453 0.0154437 0.0981929 -0.000383418 0.995167 0.369792
0.995122 0.00968638 -0.0981718 -0.887402 -0.0096031 0.999953 0.00132078 0.0154345 0.09818 -0.000371581 0.995169 0.36977
0.995122 0.00968639 -0.0981718 -0.887402 -0.00960312 0.999953 0.00132078 0.0154345 0.09818 -0.00037158 0.995169 0.36977
0.995122 0.00970907 -0.0981705 -0.887423 -0.00962439 0.999953 0.00133614 0.0154317 0.0981789 -0.00038479 0.995169 0.369768
0.995121 0.00971409 -0.0981844 -0.887429 -0.00962937 0.999953 0.00133671 0.0154462 0.0981928 -0.000384733 0.995167 0.369791
0.995121 0.00971207 -0.0981817 -0.887427 -0.00962821 0.999953 0.00132794 0.0154426 0.09819 -0.000376145 0.995168 0.369785
0.995121 0.00971631 -0.0981818 -0.887429 -0.00963288 0.999953 0.00132376 0.0154396 0.09819 -0.000371525 0.995168 0.369783
0.995121 0.00980434 -0.0981736 -0.887445 -0.00970462 0.999952 0.00149323 0.0153716 0.0981835 -0.000533202 0.995168 0.369748
0.99512 0.00978562 -0.0981814 -0.887422 -0.00968582 0.999952 0.00149312 0.0153626 0.0981913 -0.000534862 0.995167 0.36972
0.995115 0.00984059 -0.0982275 -0.887468 -0.00974423 0.999951 0.00146071 0.0153463 0.0982371 -0.000496421 0.995163 0.369774
0.995115 0.00983985 -0.0982289 -0.887467 -0.00974356 0.999951 0.00146 0.0153457 0.0982385 -0.000495774 0.995163 0.369774
0.995114 0.00985288 -0.0982426 -0.887461 -0.00975823 0.999951 0.00144393 0.0153576 0.098252 -0.0004782 0.995161 0.36977
0.995112 0.00984575 -0.0982567 -0.887459 -0.00975002 0.999951 0.00145439 0.0153596 0.0982663 -0.00048928 0.99516 0.36978
0.995112 0.00984575 -0.0982567 -0.887459 -0.00975002 0.999951 0.00145439 0.0153596 0.0982663 -0.00048928 0.99516 0.36978
0.995115 0.00983985 -0.0982289 -0.887467 -0.00974356 0.999951 0.00146 0.0153457 0.0982385 -0.000495774 0.995163 0.369774
0.995113 0.00980734 -0.0982532 -0.887461 -0.00971082 0.999952 0.00146049 0.0153472 0.0982628 -0.000499231 0.99516 0.369759
0.995113 0.00983973 -0.0982546 -0.887456 -0.00974376 0.999951 0.00145651 0.0153604 0.0982641 -0.000492019 0.99516 0.369782
0.995115 0.00983985 -0.0982289 -0.887467 -0.00974356 0.999951 0.00146 0.0153457 0.0982385 -0.000495774 0.995163 0.369774
0.995115 0.0098327 -0.0982282 -0.887466 -0.00973594 0.999952 0.00146432 0.0153497 0.0982378 -0.000500822 0.995163 0.369776
0.995112 0.00984981 -0.098256 -0.88746 -0.00975468 0.999951 0.00144849 0.0153555 0.0982655 -0.000482949 0.99516 0.369775
0.995115 0.0098327 -0.0982282 -0.887466 -0.00973594 0.999952 0.00146432 0.0153497 0.0982378 -0.000500822 0.995163 0.369776
0.995113 0.00985313 -0.0982449 -0.887463 -0.00975688 0.999951 0.00146008 0.0153559 0.0982545 -0.000494382 0.995161 0.369784
0.995115 0.0098327 -0.0982282 -0.887466 -0.00973594 0.999952 0.00146432 0.0153497 0.0982378 -0.000500822 0.995163 0.369776
0.995113 0.0098191 -0.0982547 -0.887463 -0.00972151 0.999952 0.00147192 0.0153476 0.0982644 -0.00050954 0.99516 0.369769
0.995115 0.0098327 -0.0982282 -0.887466 -0.00973594 0.999952 0.00146432 0.0153497 0.0982378 -0.000500822 0.995163 0.369776
0.995115 0.0098327 -0.0982282 -0.887466 -0.00973594 0.999952 0.00146432 0.0153497 0.0982378 -0.000500822 0.995163 0.369776
0.995116 0.00983128 -0.0982242 -0.887463 -0.0097346 0.999952 0.00146346 0.0153508 0.0982338 -0.000500139 0.995163 0.369778
0.995115 0.0098336 -0.0982285 -0.887469 -0.00973683 0.999952 0.00146445 0.0153509 0.0982381 -0.000500862 0.995163 0.369778
0.995115 0.0098336 -0.0982285 -0.887469 -0.00973683 0.999952 0.00146445 0.0153509 0.0982381 -0.000500862 0.995163 0.369778
0.995116 0.00982921 -0.0982258 -0.887466 -0.00973252 0.999952 0.00146349 0.0153502 0.0982354 -0.000500356 0.995163 0.369778
0.995113 0.00981948 -0.0982538 -0.887463 -0.0097218 0.999952 0.00147281 0.015346 0.0982635 -0.000510412 0.99516 0.369769
0.995115 0.0098327 -0.0982282 -0.887466 -0.00973594 0.999952 0.00146432 0.0153497 0.0982378 -0.000500823 0.995163 0.369776
0.995116 0.00982475 -0.0982252 -0.887463 -0.00972756 0.999952 0.00146834 0.0153541 0.0982349 -0.000505682 0.995163 0.369781
0.995115 0.0098327 -0.0982282 -0.887466 -0.00973594 0.999952 0.00146432 0.0153497 0.0982378 -0.000500823 0.995163 0.369776
0.995115 0.0098327 -0.0982282 -0.887466 -0.00973594 0.999952 0.00146432 0.0153497 0.0982378 -0.000500823 0.995163 0.369776
0.995115 0.0098327 -0.0982282 -0.887466 -0.00973594 0.999952 0.00146432 0.0153497 0.0982378 -0.000500823 0.995163 0.369776
0.995115 0.0098327 -0.0982282 -0.887466 -0.00973594 0.999952 0.00146432 0.0153497 0.0982378 -0.000500823 0.995163 0.369776
0.995115 0.00983298 -0.0982269 -0.887467 -0.0097362 0.999952 0.00146456 0.0153518 0.0982365 -0.000501049 0.995163 0.369778
0.995115 0.0098327 -0.0982282 -0.887466 -0.00973594 0.999952 0.00146432 0.0153497 0.0982378 -0.000500823 0.995163 0.369776
0.995115 0.0098327 -0.0982282 -0.887466 -0.00973594 0.999952 0.00146432 0.0153497 0.0982378 -0.000500823 0.995163 0.369776
0.995115 0.0098327 -0.0982282 -0.887466 -0.00973594 0.999952 0.00146432 0.0153497 0.0982378 -0.000500823 0.995163 0.369776
0.995115 0.0098327 -0.0982282 -0.887466 -0.00973594 0.999952 0.00146432 0.0153497 0.0982378 -0.000500823 0.995163 0.369776
0.995114 0.00980525 -0.0982418 -0.887463 -0.00970659 0.999952 0.00148212 0.0153464 0.0982516 -0.000521288 0.995161 0.369775
0.995114 0.00982474 -0.0982471 -0.887453 -0.00972741 0.999952 0.00146961 0.0153539 0.0982568 -0.000506739 0.995161 0.369789
0.995114 0.00982474 -0.0982471 -0.887453 -0.00972741 0.999952 0.00146961 0.0153539 0.0982568 -0.000506739 0.995161 0.369789
0.995114 0.00982474 -0.0982471 -0.887453 -0.00972741 0.999952 0.00146961 0.0153539 0.0982568 -0.000506739 0.995161 0.369789
0.995114 0.00982474 -0.0982471 -0.887453 -0.00972741 0.999952 0.00146961 0.0153539 0.0982568 -0.000506739 0.995161 0.369789
0.995115 0.0098327 -0.0982282 -0.887466 -0.00973594 0.999952 0.00146432 0.0153497 0.0982378 -0.000500825 0.995163 0.369776
0.995115 0.0098327 -0.0982282 -0.887466 -0.00973594 0.999952 0.00146432 0.0153497 0.0982378 -0.000500825 0.995163 0.369776
0.995115 0.0098327 -0.0982282 -0.887466 -0.00973594 0.999952 0.00146432 0.0153497 0.0982378 -0.000500825 0.995163 0.369776
0.995115 0.0098327 -0.0982282 -0.887466 -0.00973594 0.999952 0.00146432 0.0153497 0.0982378 -0.000500825 0.995163 0.369776
0.995111 0.00977355 -0.0982732 -0.887443 -0.0096738 0.999952 0.00149143 0.0153416 0.0982831 -0.000533464 0.995158 0.369774
0.995114 0.00984477 -0.0982422 -0.88747 -0.00974913 0.999951 0.0014536 0.0153515 0.0982518 -0.000488718 0.995161 0.369775
0.995115 0.00983271 -0.0982282 -0.887466 -0.00973595 0.999952 0.00146432 0.0153497 0.0982378 -0.000500823 0.995163 0.369776
0.995114 0.00982838 -0.0982381 -0.887471 -0.00973084 0.999952 0.00147192 0.015347 0.0982478 -0.000508786 0.995162 0.369766
0.995115 0.00983271 -0.0982282 -0.887466 -0.00973595 0.999952 0.00146432 0.0153497 0.0982378 -0.000500823 0.995163 0.369776
0.995115 0.00983271 -0.0982282 -0.887466 -0.00973595 0.999952 0.00146432 0.0153497 0.0982378 -0.000500823 0.995163 0.369776
0.995114 0.00983697 -0.0982412 -0.887466 -0.0097405 0.999951 0.00146152 0.015357 0.0982508 -0.000497456 0.995162 0.369779
0.995115 0.00983271 -0.0982282 -0.887466 -0.00973595 0.999952 0.00146432 0.0153497 0.0982378 -0.000500823 0.995163 0.369776
0.995115 0.00983271 -0.0982282 -0.887466 -0.00973595 0.999952 0.00146432 0.0153497 0.0982378 -0.000500823 0.995163 0.369776
0.995115 0.00983271 -0.0982282 -0.887466 -0.00973595 0.999952 0.00146432 0.0153497 0.0982378 -0.000500823 0.995163 0.369776
0.995115 0.00983271 -0.0982282 -0.887466 -0.00973595 0.999952 0.00146432 0.0153497 0.0982378 -0.000500823 0.995163 0.369776
0.995114 0.0098416 -0.0982415 -0.887468 -0.00974548 0.999951 0.00145818 0.0153551 0.0982511 -0.000493646 0.995162 0.369776
0.995114 0.00983229 -0.0982398 -0.887475 -0.00973501 0.999952 0.00146948 0.0153455 0.0982495 -0.000505932 0.995162 0.369766
0.995115 0.00983271 -0.0982282 -0.887466 -0.00973595 0.999952 0.00146432 0.0153497 0.0982378 -0.000500823 0.995163 0.369776
0.995114 0.00983686 -0.0982409 -0.887466 -0.00974039 0.999951 0.00146155 0.015357 0.0982505 -0.000497501 0.995162 0.369779
0.995114 0.00983592 -0.0982412 -0.887458 -0.00973913 0.999952 0.00146475 0.0153543 0.0982508 -0.000500805 0.995162 0.369781
0.995111 0.00982048 -0.0982715 -0.887456 -0.00972211 0.999952 0.00147984 0.0153593 0.0982813 -0.000517199 0.995159 0.3698
0.995114 0.00983119 -0.0982409 -0.887465 -0.00973404 0.999952 0.00146822 0.0153568 0.0982506 -0.000504761 0.995162 0.369783
0.995114 0.00983119 -0.0982409 -0.887465 -0.00973404 0.999952 0.00146822 0.0153568 0.0982506 -0.000504761 0.995162 0.369783
0.995116 0.00980193 -0.0982244 -0.887472 -0.00970257 0.999952 0.00148914 0.0153459 0.0982343 -0.000528839 0.995163 0.369767
0.995116 0.00980193 -0.0982244 -0.887472 -0.00970257 0.999952 0.00148914 0.0153459 0.0982343 -0.000528839 0.995163 0.369767
0.995114 0.00984357 -0.0982424 -0.88747 -0.0097473 0.999951 0.00145992 0.015351 0.098252 -0.00049519 0.995161 0.369777
0.995115 0.00983375 -0.0982301 -0.887465 -0.00973647 0.999952 0.00146965 0.0153503 0.0982398 -0.00050606 0.995163 0.36978
0.995115 0.00983372 -0.0982301 -0.887464 -0.00973644 0.999952 0.00146966 0.0153503 0.0982398 -0.000506066 0.995163 0.36978
0.995115 0.00981361 -0.0982383 -0.887466 -0.00971477 0.999952 0.0014844 0.0153467 0.0982482 -0.000522786 0.995162 0.369774
0.995115 0.00983371 -0.0982301 -0.887464 -0.00973643 0.999952 0.00146966 0.0153503 0.0982398 -0.000506071 0.995163 0.36978
0.995114 0.00983953 -0.0982405 -0.887467 -0.00974319 0.999951 0.00146035 0.015351 0.0982501 -0.000496043 0.995162 0.369778
0.995115 0.00983373 -0.0982301 -0.887464 -0.00973645 0.999952 0.00146966 0.0153503 0.0982398 -0.000506064 0.995163 0.36978
0.995116 0.00980502 -0.0982257 -0.887475 -0.00970586 0.999952 0.00148738 0.0153437 0.0982356 -0.000526746 0.995163 0.369766
0.995115 0.00979993 -0.098237 -0.887467 -0.00970007 0.999952 0.00149411 0.0153427 0.0982469 -0.000533906 0.995162 0.36977
0.995115 0.00979993 -0.098237 -0.887467 -0.00970007 0.999952 0.00149411 0.0153427 0.0982469 -0.000533906 0.995162 0.36977
0.995114 0.00982428 -0.0982474 -0.887462 -0.00972852 0.999952 0.0014537 0.0153539 0.0982569 -0.000490798 0.995161 0.369773
0.995115 0.00979993 -0.098237 -0.887467 -0.00970007 0.999952 0.00149411 0.0153427 0.0982469 -0.000533906 0.995162 0.36977
0.995115 0.00983371 -0.0982301 -0.887464 -0.00973643 0.999952 0.00146966 0.0153503 0.0982398 -0.000506074 0.995163 0.36978
0.995115 0.00980107 -0.0982374 -0.887468 -0.00970143 0.999952 0.00149189 0.0153408 0.0982473 -0.000531558 0.995162 0.369771
0.995113 0.00983106 -0.0982486 -0.887464 -0.00973538 0.999952 0.0014532 0.0153536 0.0982582 -0.000489609 0.995161 0.369773
0.995115 0.00983373 -0.0982301 -0.887464 -0.00973645 0.999952 0.00146965 0.0153503 0.0982398 -0.000506058 0.995163 0.36978
0.995115 0.00983373 -0.0982301 -0.887464 -0.00973645 0.999952 0.00146966 0.0153503 0.0982398 -0.000506066 0.995163 0.36978
0.995115 0.00983373 -0.0982301 -0.887464 -0.00973645 0.999952 0.00146967 0.0153503 0.0982398 -0.000506074 0.995163 0.36978
