1 -0 0 -0 -0 1 -0 0 0 -0 1 0
1 6.39658e-05 -3.70025e-05 -4.17134e-06 -6.39676e-05 1 -4.74527e-05 3.74664e-05 3.69994e-05 4.7455e-05 1 1.22275e-05
1 5.13525e-06 2.82879e-05 3.65846e-06 -5.13563e-06 1 1.35777e-05 3.15505e-05 -2.82878e-05 -1.35779e-05 1 0.00011151
1 7.8039e-06 -7.38004e-07 1.49292e-05 -7.80389e-06 1 1.69582e-05 5.82932e-06 7.38136e-07 -1.69582e-05 1 7.29669e-05
1 2.49787e-05 -2.02174e-05 1.06329e-05 -2.4979e-05 1 -1.56286e-05 2.183e-05 2.0217e-05 1.56291e-05 1 1.58525e-05
1 9.10904e-06 3.29303e-05 1.09355e-06 -9.10814e-06 1 -2.74633e-05 5.72595e-05 -3.29306e-05 2.7463e-05 1 7.76562e-05
1 2.49293e-05 2.43484e-05 3.28875e-05 -2.49294e-05 1 3.03808e-06 3.03678e-05 -2.43483e-05 -3.03868e-06 1 7.70955e-05
1 1.56311e-05 -2.84483e-05 2.21728e-06 -1.56308e-05 1 8.60399e-06 5.62769e-05 2.84484e-05 -8.60354e-06 1 -8.57836e-06
1 1.16496e-05 -1.02402e-05 -9.19417e-06 -1.16497e-05 1 -9.23298e-06 2.15091e-05 1.02401e-05 9.2331e-06 1 3.1299e-05
1 -1.77772e-05 -2.39483e-05 -2.24188e-05 1.77762e-05 1 -4.39466e-05 4.40545e-05 2.39491e-05 4.39462e-05 1 -2.0112e-05
1 4.53138e-07 2.70356e-05 1.45519e-06 -4.53525e-07 1 1.43404e-05 3.38622e-05 -2.70356e-05 -1.43404e-05 1 0.000113754
1 -2.93155e-05 -1.69193e-06 6.8888e-06 2.93155e-05 1 2.41829e-05 3.0143e-05 1.69122e-06 -2.4183e-05 1 6.42293e-05
1 -3.15802e-05 4.70814e-05 7.98958e-05 3.15797e-05 1 1.09278e-05 6.04605e-05 -4.70818e-05 -1.09263e-05 1 0.000146875
1 1.28177e-06 -1.07822e-05 1.46991e-05 -1.28199e-06 1 -2.03681e-05 4.30717e-05 1.07822e-05 2.03681e-05 1 3.45973e-05
1 4.72555e-05 5.13846e-05 3.776e-05 -4.7255e-05 1 -9.58547e-06 3.68354e-05 -5.13851e-05 9.58304e-06 1 7.505e-05
1 4.89307e-05 5.41014e-05 3.37145e-05 -4.89302e-05 1 -9.76559e-06 3.97809e-05 -5.41019e-05 9.76294e-06 1 8.18759e-05
1 4.89307e-05 5.41014e-05 3.37145e-05 -4.89302e-05 1 -9.76559e-06 3.97809e-05 -5.41019e-05 9.76295e-06 1 8.18759e-05
1 3.75928e-05 5.52266e-05 4.00612e-05 -3.75935e-05 1 1.1071e-05 4.08502e-06 -5.52262e-05 -1.10731e-05 1 7.07741e-05
1 4.4638e-05 7.60201e-06 8.71359e-07 -4.46382e-05 1 2.33336e-05 2.14575e-05 -7.60096e-06 -2.3334e-05 1 5.6171e-05
1 9.49161e-07 1.98765e-05 2.00128e-05 -9.49445e-07 1 1.43202e-05 5.71782e-05 -1.98765e-05 -1.43202e-05 1 8.53075e-05
1 3.22865e-05 3.10297e-05 8.24474e-05 -3.22871e-05 1 1.89827e-05 3.88535e-05 -3.10291e-05 -1.89837e-05 1 0.000122654
1 6.69576e-05 -3.01763e-05 3.735e-05 -6.69577e-05 1 -4.7747e-06 1.42105e-05 3.0176e-05 4.77672e-06 1 3.16494e-05
1 3.72757e-05 -1.75388e-05 -2.40119e-05 -3.72752e-05 1 2.67039e-05 2.5795e-05 1.75398e-05 -2.67033e-05 1 4.60325e-05
1 4.86866e-05 9.5094e-06 6.2487e-05 -4.86866e-05 1 4.18753e-06 1.40395e-05 -9.5092e-06 -4.18799e-06 1 6.9036e-05
1 8.09707e-05 -3.81053e-05 -4.36027e-05 -8.09723e-05 1 -4.08225e-05 6.57356e-05 3.81019e-05 4.08256e-05 1 8.14087e-06
1 -3.80877e-06 1.71403e-05 2.42051e-05 3.80886e-06 1 -5.53143e-06 3.46483e-05 -1.71403e-05 5.5315e-06 1 0.000102317
1 2.69017e-05 -8.88308e-06 1.88063e-05 -2.69016e-05 1 1.08027e-05 3.10031e-05 8.88337e-06 -1.08025e-05 1 4.15931e-05
1 4.31869e-05 -2.89974e-07 1.50095e-05 -4.31869e-05 1 -3.0081e-06 2.13601e-05 2.89844e-07 3.00811e-06 1 3.89657e-05
1 7.80277e-06 -7.42946e-07 1.49279e-05 -7.80276e-06 1 1.6949e-05 5.82607e-06 7.43078e-07 -1.69489e-05 1 7.29563e-05
1 1.4539e-05 -2.75511e-05 3.6335e-06 -1.45388e-05 1 8.06534e-06 5.6101e-05 2.75512e-05 -8.06494e-06 1 -9.77734e-06
1 3.4805e-05 1.15052e-05 1.08606e-05 -3.48053e-05 1 2.56692e-05 1.59211e-05 -1.15043e-05 -2.56696e-05 1 7.63334e-05
1 3.4456e-05 -2.87341e-05 4.20054e-05 -3.4456e-05 1 -9.55669e-07 1.76488e-05 2.87341e-05 9.56659e-07 1 3.29089e-05
1 -1.35091e-05 2.21762e-05 1.3767e-05 1.35088e-05 1 1.0466e-05 2.73164e-05 -2.21764e-05 -1.04657e-05 1 9.32418e-05
1 -1.67194e-05 1.19055e-05 6.79195e-05 1.67193e-05 1 1.23059e-05 4.94634e-05 -1.19057e-05 -1.23057e-05 1 0.000123221
1 7.29576e-06 -8.2857e-06 1.85237e-05 -7.2955e-06 1 3.04169e-05 1.45569e-05 8.28592e-06 -3.04169e-05 1 7.7114e-05
1 5.1961e-05 -4.06699e-05 4.6213e-05 -5.19612e-05 1 -3.35134e-06 1.82223e-05 4.06698e-05 3.35346e-06 1 3.48531e-05
1 -2.9317e-05 -1.69107e-06 6.89022e-06 2.93171e-05 1 2.41797e-05 3.01415e-05 1.69036e-06 -2.41797e-05 1 6.42266e-05
1 -3.34523e-05 3.7342e-05 6.27215e-05 3.3452e-05 1 7.76967e-06 5.99161e-05 -3.73423e-05 -7.76842e-06 1 0.000126856
1 5.30176e-05 -2.94478e-06 -4.1825e-06 -5.30176e-05 1 8.96352e-06 3.34858e-05 2.94525e-06 -8.96337e-06 1 4.41341e-05
1 1.45091e-05 -5.2278e-06 2.14401e-05 -1.45091e-05 1 8.18254e-06 1.9402e-05 5.22791e-06 -8.18246e-06 1 4.10474e-05
1 -2.42779e-05 2.67579e-05 4.93074e-05 2.42775e-05 1 1.4747e-05 6.10753e-06 -2.67582e-05 -1.47463e-05 1 4.85255e-05
1 3.08963e-05 2.62419e-05 -3.35922e-06 -3.08979e-05 1 6.12011e-05 5.83004e-05 -2.624e-05 -6.1202e-05 1 0.000108775
1 4.89307e-05 5.41014e-05 3.37145e-05 -4.89302e-05 1 -9.76557e-06 3.9781e-05 -5.41019e-05 9.76292e-06 1 8.18759e-05
1 -2.22854e-05 -1.19997e-05 2.69278e-05 2.22852e-05 1 -1.64304e-05 3.94108e-05 1.20001e-05 1.64302e-05 1 4.58251e-05
1 4.98515e-05 5.4492e-05 3.34536e-05 -4.98509e-05 1 -1.01997e-05 3.97423e-05 -5.44925e-05 1.01969e-05 1 8.15397e-05
1 -2.0469e-05 1.56102e-05 2.12612e-05 2.04688e-05 1 7.7453e-06 5.56786e-06 -1.56104e-05 -7.74498e-06 1 6.08924e-05
1 -7.37882e-05 1.1805e-05 -1.25587e-06 7.37884e-05 1 -1.9301e-05 3.50468e-05 -1.18036e-05 1.93019e-05 1 8.37416e-06
1 4.81666e-05 5.17705e-05 3.75011e-05 -4.81661e-05 1 -1.00153e-05 3.68035e-05 -5.1771e-05 1.00129e-05 1 7.4725e-05
1 -1.2373e-06 2.30805e-05 4.70206e-05 1.23694e-06 1 1.54481e-05 2.62582e-05 -2.30805e-05 -1.54481e-05 1 9.33341e-05
1 5.02921e-05 -8.40978e-06 6.62922e-05 -5.0292e-05 1 1.39143e-05 1.38866e-05 8.41048e-06 -1.39139e-05 1 7.99638e-05
1 4.98684e-05 5.44974e-05 3.34469e-05 -4.98678e-05 1 -1.02017e-05 3.97441e-05 -5.44979e-05 1.0199e-05 1 8.15396e-05
1 -4.31642e-06 1.77868e-06 2.92416e-06 4.31641e-06 1 1.90804e-06 2.05527e-07 -1.77869e-06 -1.90803e-06 1 2.05959e-06
1 -4.23528e-06 -3.59015e-06 -3.17426e-05 4.23514e-06 1 -3.9027e-05 5.39272e-05 3.59031e-06 3.9027e-05 1 3.08386e-05
1 -3.32675e-06 2.81573e-05 6.50266e-06 3.32635e-06 1 1.42387e-05 3.2869e-05 -2.81574e-05 -1.42387e-05 1 0.000111958
1 6.70543e-05 -3.02672e-05 3.73414e-05 -6.70544e-05 1 -4.55659e-06 1.42109e-05 3.02669e-05 4.55862e-06 1 3.17929e-05
1 6.1969e-06 1.76065e-05 2.7538e-05 -6.19707e-06 1 9.84185e-06 3.27716e-05 -1.76064e-05 -9.84196e-06 1 9.74986e-05
1 5.31888e-05 -1.05305e-05 3.52145e-05 -5.31889e-05 1 -7.44003e-06 2.17176e-05 1.05301e-05 7.44059e-06 1 2.51128e-05
1 1.54838e-05 -1.02141e-05 -9.61839e-06 -1.54839e-05 1 -1.11355e-05 2.15305e-05 1.02139e-05 1.11356e-05 1 2.92896e-05
1 1.39373e-05 8.38161e-06 9.62365e-06 -1.39374e-05 1 1.49282e-05 8.91995e-06 -8.3814e-06 -1.49283e-05 1 8.00239e-05
1 6.87746e-05 6.38606e-06 7.16601e-06 -6.87744e-05 1 -3.71307e-05 6.27553e-05 -6.38861e-06 3.71303e-05 1 4.52512e-05
1 -2.99795e-07 2.11037e-05 8.93523e-06 2.99582e-07 1 1.00883e-05 2.97644e-05 -2.11037e-05 -1.00883e-05 1 9.93527e-05
1 -2.49132e-05 1.17634e-05 5.63564e-05 2.49132e-05 1 7.76965e-06 4.78472e-05 -1.17636e-05 -7.76936e-06 1 0.000103725
1 9.26686e-06 1.05155e-05 2.98783e-05 -9.26692e-06 1 5.62852e-06 2.97282e-05 -1.05154e-05 -5.62862e-06 1 8.46888e-05
1 -2.49132e-05 1.17634e-05 5.63564e-05 2.49132e-05 1 7.76964e-06 4.78472e-05 -1.17636e-05 -7.76935e-06 1 0.000103725
1 1.31528e-05 1.74938e-05 2.18677e-05 -1.31529e-05 1 8.35932e-06 3.35731e-05 -1.74937e-05 -8.35955e-06 1 9.71673e-05
0.999999 -0.000877969 -0.000488783 0.0010029 0.000878758 0.999998 0.00161632 -0.00105253 0.000487363 -0.00161675 0.999999 0.00523422
1 -0.000436606 -0.000609781 0.000471286 0.000437602 0.999999 0.00163356 -0.000963199 0.000609067 -0.00163383 0.999998 0.0248245
1 -0.000850147 -0.000474049 0.000920252 0.000850933 0.999998 0.0016598 -0.000853505 0.000472637 -0.0016602 0.999999 0.0559389
1 -0.000487193 -0.00072462 0.00036592 0.000488273 0.999999 0.0014912 -0.000715532 0.000723893 -0.00149155 0.999999 0.0946774
0.999999 -0.00069939 -0.000769262 4.05599e-05 0.000700796 0.999998 0.00182853 -0.000476542 0.000767982 -0.00182907 0.999998 0.137887
1 1.56638e-06 0.000451142 -0.00123429 -2.8059e-06 0.999996 0.00274753 -0.00185451 -0.000451136 -0.00274753 0.999996 0.187922
1 -0.000181677 0.000106692 -0.00160903 0.000181389 0.999996 0.00269619 -0.00160155 -0.000107181 -0.00269617 0.999996 0.239782
1 -0.00017265 0.000404528 -0.00172065 0.00017156 0.999996 0.00269361 -0.00135945 -0.000404991 -0.00269354 0.999996 0.293581
1 -0.000177011 0.00053854 -0.00152978 0.000175825 0.999998 0.0022011 -0.00172546 -0.000538928 -0.00220101 0.999997 0.351762
1 -0.000196214 0.000680198 -0.000494211 0.000194586 0.999997 0.00239224 -0.00181025 -0.000680666 -0.00239211 0.999997 0.408795
0.999987 0.00185897 0.00464481 -0.0047422 -0.00185913 0.999998 2.94783e-05 -0.000463741 -0.00464474 -3.81132e-05 0.999989 0.460729
0.999988 0.00180199 0.00457708 -0.00502797 -0.00180202 0.999998 3.2576e-06 -0.000565646 -0.00457706 -1.15056e-05 0.99999 0.520099
0.999987 0.00212523 0.00460904 -0.0048044 -0.0021257 0.999998 9.85665e-05 -0.000254791 -0.00460882 -0.000108363 0.999989 0.577434
0.999988 0.00211623 0.00438044 -0.00527245 -0.00211637 0.999998 2.65876e-05 -0.000193964 -0.00438037 -3.58579e-05 0.99999 0.637603
0.999989 0.00177949 0.00441715 -0.0059096 -0.00177897 0.999998 -0.00012133 -3.1063e-05 -0.00441736 0.00011347 0.99999 0.697534
0.999989 0.00344165 0.00314388 -0.00257613 -0.00344719 0.999993 0.00175925 -0.00237095 -0.0031378 -0.00177007 0.999994 0.748465
0.99999 0.00345485 0.00296351 -0.00232389 -0.00345937 0.999993 0.00152204 -0.00237908 -0.00295823 -0.00153228 0.999994 0.810349
0.99999 0.00332513 0.00314529 -0.00227133 -0.00332916 0.999994 0.00127729 -0.00234497 -0.00314102 -0.00128774 0.999994 0.865999
0.999989 0.00345131 0.00306086 -0.00300215 -0.00345658 0.999993 0.00171783 -0.00193923 -0.00305491 -0.00172839 0.999994 0.91603
0.999989 0.00365837 0.00307726 -0.00304956 -0.00366273 0.999992 0.00141243 -0.0018826 -0.00307207 -0.00142368 0.999994 0.934799
0.999986 0.00439278 0.00291887 -0.00231194 -0.00439645 0.99999 0.00125356 -0.00285761 -0.00291334 -0.00126638 0.999995 0.95321
0.999987 0.0042602 0.00265566 -0.00250341 -0.00426363 0.99999 0.00128651 -0.00271954 -0.00265015 -0.00129782 0.999996 0.968137
0.999986 0.00450321 0.00293533 -0.00231588 -0.00450728 0.999989 0.00137971 -0.00283748 -0.00292908 -0.00139292 0.999995 0.979375
0.999987 0.00399359 0.00309986 -0.00216099 -0.00399673 0.999992 0.00100799 -0.00269827 -0.00309581 -0.00102037 0.999995 0.987162
0.999986 0.00447858 0.0027828 -0.00229176 -0.00448235 0.999989 0.0013473 -0.00290373 -0.00277674 -0.00135975 0.999995 0.992886
0.999985 0.00433417 0.00339765 -0.00300518 -0.00433798 0.99999 0.00111449 -0.0028968 -0.00339278 -0.00112921 0.999994 0.996968
0.999987 0.00408336 0.0030541 -0.00260034 -0.0040874 0.999991 0.00131696 -0.00312478 -0.00304869 -0.00132942 0.999994 0.999886
0.999988 0.00386775 0.00311493 -0.00255313 -0.00387216 0.999992 0.00141088 -0.00302001 -0.00310945 -0.00142293 0.999994 1.00217
0.999987 0.00405859 0.00295098 -0.00254849 -0.00406248 0.999991 0.00131627 -0.00303876 -0.00294561 -0.00132824 0.999995 1.00352
0.999987 0.00404378 0.00306207 -0.00272221 -0.00404782 0.999991 0.00131516 -0.00311715 -0.00305672 -0.00132753 0.999994 1.0045
0.999988 0.00376964 0.00317749 -0.0024617 -0.00377369 0.999992 0.00127075 -0.003031 -0.00317267 -0.00128272 0.999994 1.00572
0.999988 0.00371231 0.00332159 -0.00265652 -0.00371679 0.999992 0.001344 -0.00299433 -0.00331657 -0.00135632 0.999994 1.00638
0.999987 0.00382991 0.0033097 -0.0026438 -0.0038341 0.999992 0.00126104 -0.00296218 -0.00330484 -0.00127372 0.999994 1.00652
0.999986 0.00416882 0.00313729 -0.00280874 -0.00417312 0.99999 0.00136673 -0.00284479 -0.00313156 -0.0013798 0.999994 1.00689
0.999986 0.00412217 0.00325957 -0.00270325 -0.00412741 0.99999 0.00160276 -0.00285726 -0.00325293 -0.00161619 0.999993 1.00736
0.999986 0.00407896 0.00324846 -0.00263618 -0.00408373 0.999991 0.00146104 -0.00290921 -0.00324247 -0.00147429 0.999994 1.00733
0.999982 0.00444861 0.0039718 -0.00311629 -0.00445393 0.999989 0.00133299 -0.00290482 -0.00396582 -0.00135066 0.999991 1.00739
0.999983 0.00439711 0.00391149 -0.00307964 -0.00440215 0.999989 0.00128045 -0.00302842 -0.00390581 -0.00129765 0.999992 1.00726
0.999983 0.00441402 0.00392364 -0.00308367 -0.00441893 0.999989 0.00124371 -0.00314152 -0.00391811 -0.00126102 0.999992 1.0071
0.999984 0.00420034 0.00378585 -0.00308567 -0.00420562 0.99999 0.00138765 -0.00318666 -0.00377999 -0.00140355 0.999992 1.00731
0.999984 0.00424913 0.00372775 -0.00315374 -0.00425443 0.99999 0.00141531 -0.00318009 -0.00372169 -0.00143115 0.999992 1.00735
0.999984 0.00426211 0.00373261 -0.00315372 -0.00426707 0.99999 0.00132436 -0.00329478 -0.00372692 -0.00134026 0.999992 1.00737
0.999984 0.00428924 0.0037271 -0.00310184 -0.00429435 0.99999 0.00136522 -0.00328593 -0.0037212 -0.0013812 0.999992 1.00752
0.999984 0.0043141 0.00374188 -0.0030681 -0.00431923 0.99999 0.00136315 -0.00324548 -0.00373596 -0.00137929 0.999992 1.00747
0.999984 0.00426542 0.0037337 -0.00315285 -0.00427024 0.99999 0.0012841 -0.00327805 -0.00372818 -0.00130003 0.999992 1.00747
0.999984 0.0042472 0.00373965 -0.00314427 -0.00425206 0.99999 0.00129297 -0.00332965 -0.00373412 -0.00130885 0.999992 1.00744
0.999985 0.00411834 0.00369212 -0.0030648 -0.00412284 0.999991 0.00121405 -0.00315617 -0.00368709 -0.00122925 0.999992 1.01258
0.999984 0.00418139 0.00382226 -0.00308369 -0.00418718 0.99999 0.0015068 -0.00315224 -0.00381592 -0.00152278 0.999992 1.03333
0.999981 0.0051692 0.00347627 -0.00276778 -0.00517656 0.999984 0.00211432 -0.00320675 -0.00346529 -0.00213228 0.999992 1.06377
0.999982 0.00506138 0.00326919 -0.00246381 -0.00506742 0.999985 0.00184184 -0.00327378 -0.00325982 -0.00185838 0.999993 1.10119
0.999981 0.00511563 0.00329161 -0.00262023 -0.00512216 0.999985 0.0019764 -0.00284986 -0.00328145 -0.00199323 0.999993 1.1431
0.99998 0.00517358 0.00350888 -0.00225284 -0.00518016 0.999985 0.00186809 -0.00314086 -0.00349917 -0.00188623 0.999992 1.17601
0.999981 0.00489304 0.00362163 -0.00182733 -0.00490083 0.999986 0.00214598 -0.00318375 -0.00361108 -0.00216369 0.999991 1.21619
0.99998 0.00543654 0.00320889 -0.00266531 -0.00543624 0.999985 -0.000103043 2.5027e-05 -0.00320941 8.55963e-05 0.999995 1.26467
0.999981 0.00522427 0.00321828 -0.0026789 -0.00522481 0.999986 0.000157916 -0.000121651 -0.00321742 -0.000174728 0.999995 1.31258
0.99998 0.0054734 0.0031946 -0.00296135 -0.00547177 0.999985 -0.000517811 -0.000806325 -0.00319739 0.000500321 0.999995 1.36375
0.999978 0.00586648 0.00313411 -0.0029459 -0.00586573 0.999983 -0.000248014 -4.52356e-05 -0.00313551 0.000229625 0.999995 1.39801
0.999983 0.00492275 0.00320951 -0.00316129 -0.00492207 0.999988 -0.00021862 -0.000952343 -0.00321054 0.000202819 0.999995 1.42653
0.999975 0.00537502 0.004628 -0.0044813 -0.00537457 0.999986 -0.000109981 -0.0018806 -0.00462853 8.51049e-05 0.999989 1.46091
0.999975 0.00528756 0.00474349 -0.00426716 -0.00528478 0.999986 -0.000599859 -0.00183516 -0.0047466 0.000574776 0.999989 1.5068
0.999972 0.00562742 0.00495431 -0.00471418 -0.00562619 0.999984 -0.000261199 -0.00141293 -0.0049557 0.000233318 0.999988 1.57541
0.999974 0.00554742 0.00458895 -0.0045317 -0.00554515 0.999984 -0.000506569 -0.00120166 -0.00459169 0.000481109 0.999989 1.60989
0.999977 0.00519197 0.00440818 -0.00473747 -0.00519145 0.999987 -0.000129174 -0.0017727 -0.00440879 0.000106286 0.99999 1.66138
0.999975 0.00591943 0.00397264 -0.00262422 -0.00592003 0.999982 0.000141465 -0.00261558 -0.00397173 -0.000164979 0.999992 1.71642
0.999978 0.00536877 0.00392897 -0.00247032 -0.00536966 0.999986 0.000217428 -0.00257235 -0.00392774 -0.000238521 0.999992 1.77139
0.999976 0.0057239 0.0038313 -0.00235839 -0.00572535 0.999984 0.000367752 -0.00236099 -0.00382913 -0.000389679 0.999993 1.83015
0.999976 0.00589455 0.00369196 -0.00205342 -0.00589462 0.999983 8.2382e-06 -0.00236434 -0.00369184 -3.00007e-05 0.999993 1.88683
0.99998 0.0042594 0.00472456 -0.00283569 -0.00426252 0.999991 0.000650511 -0.00508151 -0.00472175 -0.000670637 0.999989 1.94339
0.999977 0.00468466 0.00495578 -0.00313442 -0.00468755 0.999989 0.000573041 -0.00465632 -0.00495304 -0.000596258 0.999988 1.98739
0.999977 0.00493248 0.00475673 -0.0025691 -0.00493638 0.999987 0.000807453 -0.00496772 -0.00475269 -0.000830915 0.999988 2.0354
0.99998 0.00413355 0.00469805 -0.0030069 -0.0041366 0.999991 0.000639754 -0.00525132 -0.00469537 -0.000659176 0.999989 2.08663
0.999981 0.00425991 0.00450267 -0.00136782 -0.00425852 0.999991 -0.000319461 -0.00369172 -0.00450399 0.00030028 0.99999 2.13773
0.999984 0.00384554 0.00423874 -0.00100583 -0.00384309 0.999992 -0.000585698 -0.00356814 -0.00424096 0.000569399 0.999991 2.19458
0.999981 0.0040255 0.00471115 -0.000895337 -0.00402331 0.999992 -0.000473994 -0.00398905 -0.00471302 0.000455031 0.999989 2.24561
0.999982 0.00377354 0.00471911 -0.00165647 -0.00377285 0.999993 -0.000153622 -0.00340087 -0.00471966 0.000135815 0.999989 2.28895
0.99998 0.0050905 0.00386293 -6.78552e-05 -0.00508756 0.999987 -0.000770838 -0.0030925 -0.0038668 0.000751169 0.999992 2.33328
0.999981 0.00483668 0.00386489 -0.000164291 -0.00483416 0.999988 -0.000661439 -0.00280357 -0.00386804 0.000642743 0.999992 2.38516
0.99998 0.00482001 0.00404419 -0.000503403 -0.00481722 0.999988 -0.000701138 -0.00304812 -0.00404752 0.000681642 0.999992 2.43978
0.999983 0.00471957 0.00350646 0.00124687 -0.00471828 0.999989 -0.000376534 -0.00418329 -0.0035082 0.000359983 0.999994 2.48666
0.999983 0.0046672 0.00355043 0.00128729 -0.00466467 0.999989 -0.000719879 -0.00416626 -0.00355375 0.000703305 0.999993 2.52353
0.99998 0.0049539 0.00392096 0.00136422 -0.00495075 0.999987 -0.000812876 -0.00402342 -0.00392493 0.000793448 0.999992 2.55641
0.999983 0.00460362 0.00352685 0.001204 -0.00460269 0.999989 -0.000271548 -0.00390694 -0.00352806 0.00025531 0.999994 2.5946
0.999982 0.00495163 0.00347803 0.00118808 -0.00495033 0.999988 -0.000383744 -0.00459987 -0.00347989 0.000366519 0.999994 2.64007
0.999986 0.003778 0.00362814 0.00128006 -0.00377392 0.999992 -0.00112954 -0.0043336 -0.00363238 0.00111583 0.999993 2.68668
0.999986 0.00380354 0.00360427 0.00152539 -0.00379832 0.999992 -0.00145371 -0.00411735 -0.00360977 0.00144 0.999992 2.74064
0.999985 0.00356825 0.00410194 0.00170264 -0.00356398 0.999993 -0.00104901 -0.00391797 -0.00410565 0.00103437 0.999991 2.7893
0.999983 0.00384786 0.00435231 0.00220201 -0.00384277 0.999992 -0.00117522 -0.00424977 -0.0043568 0.00115847 0.99999 2.82984
0.999978 0.0055325 0.00357635 0.00136106 -0.00552506 0.999983 -0.00208832 -0.00459321 -0.00358784 0.00206852 0.999991 2.87546
0.999979 0.00548975 0.00340949 0.00143872 -0.00548364 0.999983 -0.00180141 -0.00441193 -0.00341933 0.00178268 0.999993 2.92602
0.999977 0.00584098 0.00353527 0.00110493 -0.00583493 0.999981 -0.00172092 -0.00453874 -0.00354526 0.00170025 0.999992 2.98028
0.999982 0.00517338 0.0028775 0.00215253 -0.00516749 0.999985 -0.00205013 -0.00465301 -0.00288807 0.00203523 0.999994 3.02882
0.999973 0.00541484 0.00489921 0.000866721 -0.00541391 0.999985 -0.000202425 -0.00478846 -0.00490024 0.000175895 0.999988 3.07119
0.999973 0.00515412 0.00521065 0.00120996 -0.00515202 0.999987 -0.000416104 -0.00456475 -0.00521273 0.000389247 0.999986 3.11842
0.999974 0.00509451 0.00514255 0.00126067 -0.00509002 0.999987 -0.000886941 -0.00447011 -0.005147 0.000860742 0.999986 3.1679
0.999976 0.00537623 0.00437533 0.00209596 -0.00537069 0.999985 -0.00127617 -0.00396886 -0.00438212 0.00125264 0.99999 3.21827
0.999978 0.00532744 0.00395863 0.00220404 -0.00532211 0.999985 -0.00135594 -0.00399032 -0.0039658 0.00133484 0.999991 3.26848
0.999977 0.00531479 0.00420758 0.00233203 -0.0053083 0.999985 -0.00155133 -0.00409131 -0.00421576 0.00152896 0.99999 3.30586
0.999975 0.00549179 0.00453092 0.00215774 -0.00548509 0.999984 -0.00148856 -0.00413152 -0.00453903 0.00146367 0.999989 3.33659
0.999978 0.00474077 0.00461047 0.00160505 -0.00473608 0.999988 -0.00102666 -0.00417238 -0.00461528 0.0010048 0.999989 3.37748
0.999975 0.00520828 0.00475317 0.00284148 -0.00519607 0.999983 -0.00257718 -0.00326741 -0.00476651 0.00255242 0.999985 3.41944
0.999975 0.00512113 0.0049425 0.00300187 -0.00510803 0.999983 -0.00265822 -0.00319042 -0.00495603 0.0026329 0.999984 3.46912
0.999972 0.00545288 0.0050271 0.00292755 -0.0054384 0.999981 -0.00289001 -0.00331573 -0.00504277 0.00286259 0.999983 3.51831
0.999981 0.00415941 0.00445581 0.00390932 -0.00414611 0.999987 -0.00299121 -0.00324278 -0.00446819 0.00297268 0.999986 3.57533
0.999974 0.00504936 0.00507204 0.00427374 -0.00502571 0.999976 -0.00466337 -0.00400199 -0.00509547 0.00463776 0.999976 3.62792
0.99997 0.00582305 0.00507824 0.00422362 -0.00579861 0.999972 -0.00481541 -0.00395342 -0.00510614 0.00478582 0.999976 3.68418
0.99997 0.00608112 0.00470898 0.00354215 -0.00606927 0.999978 -0.00252566 -0.00192915 -0.00472423 0.002497 0.999986 3.74562
0.999975 0.0043008 0.00552598 0.00448666 -0.00428997 0.999989 -0.00196924 -0.000699149 -0.00553438 0.00194549 0.999983 3.80285
0.999972 0.00496123 0.00564462 0.00493124 -0.00494305 0.999983 -0.00322897 -0.00164176 -0.00566054 0.00320098 0.999979 3.85744
0.999976 0.00483768 0.0048755 0.00424227 -0.00482436 0.999985 -0.0027413 -0.00112902 -0.00488869 0.00271771 0.999984 3.89675
0.999974 0.0047509 0.0053647 0.00471934 -0.00473768 0.999986 -0.0024736 -0.000851332 -0.00537638 0.00244813 0.999983 3.92542
0.999977 0.00514715 0.00430607 0.00290958 -0.00513524 0.999983 -0.00277244 -0.00140447 -0.00432026 0.00275027 0.999987 3.94306
0.999976 0.00636187 0.0027511 0.00343679 -0.00635115 0.999972 -0.00389042 -0.00242701 -0.00277578 0.00387285 0.999989 3.93829
0.999976 0.00520084 0.00463401 0.00419367 -0.00518909 0.999983 -0.00254399 -0.00100069 -0.00464717 0.00251988 0.999986 3.92518
0.999977 0.00562111 0.00383656 0.00299207 -0.0056155 0.999983 -0.0014715 -0.000222419 -0.00384476 0.00144993 0.999992 3.90072
0.999977 0.00588354 0.00341037 0.00270332 -0.00587624 0.99998 -0.00214736 -0.000730483 -0.00342294 0.00212727 0.999992 3.8532
0.999975 0.00461807 0.00543568 0.00468945 -0.00460382 0.999986 -0.00263285 -0.00134342 -0.00544776 0.00260776 0.999982 3.83893
0.999971 0.00489026 0.00578261 0.00453243 -0.00487093 0.999983 -0.00335298 -0.00166838 -0.00579891 0.00332472 0.999978 3.83564
0.999973 0.00478015 0.00552439 0.00481528 -0.00477038 0.999987 -0.00177976 -0.000530758 -0.00553283 0.00175336 0.999983 3.84879
0.999975 0.00465951 0.0053563 0.00469006 -0.00465057 0.999988 -0.00168085 -0.000700294 -0.00536407 0.00165589 0.999984 3.87442
0.999974 0.00505987 0.00517297 0.0045482 -0.0050478 0.999985 -0.00234367 -0.000575277 -0.00518475 0.0023175 0.999984 3.91072
0.999977 0.00616546 0.00268486 0.00216002 -0.00615724 0.999976 -0.00305999 -0.00151472 -0.00270366 0.00304339 0.999992 3.94867
0.999973 0.00517055 0.00522519 0.00485548 -0.00515044 0.999979 -0.00385432 -0.0021259 -0.00524501 0.0038273 0.999979 3.97675
0.999972 0.00507097 0.0054997 0.00508421 -0.00504973 0.99998 -0.00386948 -0.00230373 -0.00551921 0.0038416 0.999977 3.99314
0.999975 0.00485872 0.00514691 0.00496278 -0.00484437 0.999984 -0.00279651 -0.00121364 -0.00516042 0.00277151 0.999983 3.98881
0.999974 0.00480076 0.00537123 0.00498803 -0.00478241 0.999983 -0.00342375 -0.00181693 -0.00538758 0.00339798 0.99998 3.97472
0.999979 0.00493286 0.00429102 0.00362566 -0.00491927 0.999983 -0.0031717 -0.00157867 -0.00430659 0.00315052 0.999986 3.9499
0.999977 0.00493006 0.00460831 0.00384514 -0.00491835 0.999985 -0.00255071 -0.00102741 -0.00462081 0.00252798 0.999986 3.91727
0.999978 0.00482386 0.00465597 0.00386655 -0.00481192 0.999985 -0.00257177 -0.00112611 -0.00466831 0.00254931 0.999986 3.88335
0.999971 0.00524999 0.00544961 0.00447822 -0.00523677 0.999983 -0.00243712 -0.000711278 -0.00546231 0.00240851 0.999982 3.86555
0.999971 0.00548396 0.00527008 0.00430479 -0.00547183 0.999982 -0.00231288 -0.000607552 -0.00528267 0.00228398 0.999983 3.86728
0.999975 0.00496393 0.00500263 0.00432655 -0.00495391 0.999986 -0.00201391 -0.000696188 -0.00501255 0.00198908 0.999985 3.88605
0.999976 0.00465442 0.00514576 0.00483792 -0.00464409 0.999987 -0.0020171 -0.000692881 -0.00515509 0.00199316 0.999985 3.91571
0.999977 0.00466636 0.0050223 0.00488514 -0.00465184 0.999985 -0.00289928 -0.00144785 -0.00503575 0.00287585 0.999983 3.95508
0.999984 0.00525776 -0.00186042 0.00404899 -0.00526384 0.999981 -0.00327966 -0.00157907 0.00184314 0.0032894 0.999993 3.99271
0.999548 0.00523867 -0.0295937 -0.000253071 -0.00534724 0.999979 -0.00359082 -0.0020156 0.0295742 0.00374744 0.999556 4.02014
0.997619 0.00522362 -0.0687689 -0.00738641 -0.00553009 0.999976 -0.00426676 -0.00289214 0.068745 0.0046369 0.997623 4.03845
0.993402 0.0055093 -0.114552 -0.0132787 -0.00582703 0.99998 -0.00243899 -0.00146251 0.114536 0.0030904 0.993414 4.05064
0.987446 0.0056198 -0.157855 -0.0196426 -0.00605585 0.999979 -0.00228148 -0.00135773 0.157839 0.00320879 0.98746 4.05672
0.980155 0.00523212 -0.198162 -0.0253211 -0.00589317 0.999979 -0.00274631 -0.00210985 0.198143 0.00385961 0.980165 4.06146
0.975588 0.00533627 -0.219544 -0.0274746 -0.00582308 0.999982 -0.0015703 -0.00120896 0.219532 0.00281039 0.975601 4.06048
0.972929 0.00483255 -0.231052 -0.0252063 -0.00554058 0.999982 -0.00241563 -0.00167358 0.231037 0.0036304 0.972938 4.04756
0.971605 0.004778 -0.236561 -0.0199428 -0.00524031 0.999985 -0.00132557 -0.000367325 0.236551 0.00252758 0.971616 4.02504
0.970824 0.00484249 -0.239743 -0.0124125 -0.00529591 0.999985 -0.0012471 -0.000862526 0.239734 0.00248037 0.970836 3.99459
0.970501 0.00507705 -0.241042 -0.00507529 -0.00577078 0.999981 -0.00217221 -0.00180866 0.241026 0.00349913 0.970512 3.9653
0.970273 0.00457436 -0.241971 0.000606161 -0.00490422 0.999988 -0.000760966 -0.000457423 0.241965 0.00192502 0.970283 3.94131
0.968383 0.00491381 -0.249421 0.00427412 -0.00521199 0.999986 -0.000535087 -1.13727e-05 0.249415 0.00181815 0.968395 3.92489
0.960875 0.00547691 -0.276926 0.00331904 -0.00586888 0.999983 -0.000586613 -0.000250183 0.276918 0.00218891 0.960891 3.90965
0.94295 0.00465909 -0.332902 -0.00134603 -0.00523085 0.999986 -0.000821295 -0.000732931 0.332893 0.0025158 0.942961 3.89229
0.934511 0.00510165 -0.355899 -0.00234368 -0.00543766 0.999985 5.62826e-05 8.25337e-05 0.355894 0.00188266 0.934525 3.88625
0.918167 0.00514762 -0.39616 -0.00524533 -0.00522817 0.999986 0.000876461 0.000347882 0.396159 0.00126645 0.918181 3.87848
0.901311 0.00432237 -0.43315 -0.010168 -0.00452636 0.99999 0.000560228 7.09394e-05 0.433148 0.00145565 0.901322 3.86951
0.89131 0.00452104 -0.453373 -0.0122876 -0.00500633 0.999987 0.00012966 -0.000302153 0.453367 0.00215417 0.891321 3.86373
0.886356 0.0041291 -0.462986 -0.0117381 -0.00416417 0.999991 0.000946306 0.000359103 0.462986 0.00108919 0.886365 3.86163
0.883112 0.00477365 -0.469138 -0.012904 -0.00526033 0.999986 0.000273102 -2.059e-05 0.469133 0.00222664 0.883125 3.85816
0.881619 0.00481789 -0.471938 -0.0155167 -0.00521726 0.999986 0.000462326 0.000173342 0.471934 0.00205463 0.881632 3.86136
0.880871 0.00491616 -0.473331 -0.0246847 -0.00534176 0.999986 0.000445111 9.43097e-05 0.473327 0.00213634 0.880884 3.87773
0.880355 0.0044314 -0.474295 -0.0392424 -0.00492927 0.999988 0.000193637 -0.000100183 0.474291 0.00216746 0.880366 3.90408
0.879932 0.00437136 -0.475079 -0.0586954 -0.00471404 0.999989 0.000469965 0.000156329 0.475076 0.00182601 0.879943 3.93851
0.87692 0.00430796 -0.480616 -0.0761469 -0.00484037 0.999988 0.000131695 0.000316827 0.480611 0.00221087 0.876931 3.97008
0.862317 0.00437368 -0.506351 -0.0945878 -0.00486167 0.999988 0.000358115 0.000534096 0.506346 0.0021529 0.862328 3.993
0.843735 0.00408047 -0.536745 -0.107592 -0.00436016 0.99999 0.000748238 0.000325492 0.536743 0.00170898 0.843744 4.0074
0.818209 0.00459179 -0.574903 -0.119766 -0.00465694 0.999988 0.00135917 0.00116034 0.574902 0.0015652 0.818221 4.01419
0.791689 0.00359008 -0.610914 -0.127987 -0.00360696 0.999993 0.00120223 0.000547175 0.610914 0.00125175 0.791696 4.01812
0.760058 0.00430381 -0.649841 -0.136215 -0.00448427 0.999989 0.00137796 0.00107485 0.64984 0.00186673 0.760069 4.01606
0.726903 0.0044555 -0.686726 -0.14219 -0.00447896 0.999988 0.00174696 0.00125104 0.686726 0.00180595 0.726914 4.01377
0.692031 0.0046264 -0.721853 -0.147024 -0.00405029 0.999989 0.00252603 0.00202158 0.721857 0.00117562 0.692042 4.0098
0.653795 0.00359591 -0.756663 -0.148268 -0.0036837 0.999992 0.00156938 0.000298682 0.756662 0.00176126 0.653803 4.00302
0.61773 0.00365992 -0.786382 -0.139675 -0.00354143 0.999992 0.00187217 0.0003009 0.786382 0.00162842 0.617738 3.98756
0.577386 0.00416658 -0.81646 -0.121869 -0.0034088 0.999991 0.00269253 0.00136151 0.816464 0.00122852 0.577395 3.96401
0.536041 0.00365634 -0.844184 -0.0980308 -0.00306935 0.999992 0.0023822 0.000354303 0.844186 0.00131414 0.536048 3.93785
0.499054 0.00400277 -0.866561 -0.0728281 -0.00302456 0.999991 0.00287725 0.000645481 0.866565 0.00118506 0.499062 3.91157
0.473937 0.00427816 -0.880548 -0.0533245 -0.00343415 0.99999 0.0030101 0.00123122 0.880552 0.00159733 0.473947 3.89322
0.439603 0.00431073 -0.898182 -0.0399556 -0.00327586 0.99999 0.00319602 0.00106672 0.898186 0.00153734 0.439612 3.87697
0.398094 0.00433422 -0.917334 -0.0296277 -0.00291359 0.99999 0.00346034 0.00115652 0.91734 0.00129519 0.398103 3.86212
0.354555 0.0042431 -0.935026 -0.0219143 -0.00298084 0.99999 0.00340759 0.000894817 0.93503 0.00157898 0.354564 3.84924
0.316697 0.00420595 -0.948517 -0.016596 -0.00294179 0.99999 0.00345197 0.000907082 0.948522 0.00169711 0.316706 3.83979
0.295759 0.00422935 -0.955253 -0.0112111 -0.00224751 0.999991 0.00373156 0.000870064 0.95526 0.0010433 0.295766 3.83303
0.284976 0.00439558 -0.958525 -0.0126844 -0.00205873 0.99999 0.00397365 0.00104378 0.958532 0.000840948 0.284982 3.83064
0.279246 0.00414287 -0.960211 -0.028618 -0.00200501 0.999991 0.00373141 0.00104398 0.960218 0.000883257 0.279251 3.83358
0.276145 0.00426441 -0.961107 -0.0581061 -0.00201552 0.999991 0.00385784 0.00110837 0.961114 0.000871805 0.276151 3.84111
0.274794 0.00424003 -0.961494 -0.0933567 -0.0023865 0.99999 0.00372773 0.00110667 0.9615 0.00127025 0.274801 3.85076
0.2739 0.00406861 -0.96175 -0.134927 -0.00259606 0.999991 0.00349104 0.00146605 0.961755 0.00154057 0.273908 3.86236
0.273279 0.00418957 -0.961926 -0.176195 -0.00197324 0.999991 0.00379477 0.00201149 0.961933 0.000861074 0.273285 3.87348
0.273077 0.00414638 -0.961983 -0.207814 -0.00230741 0.999991 0.0036552 0.00257591 0.961989 0.00122153 0.273084 3.88202
0.272937 0.00436604 -0.962022 -0.230865 -0.00182076 0.99999 0.00402179 0.0022001 0.96203 0.000653916 0.272942 3.88894
0.265891 0.0041176 -0.963994 -0.247255 -0.00234591 0.999991 0.00362431 0.00215248 0.964 0.00129777 0.265898 3.89316
0.238608 0.00408536 -0.971107 -0.257616 -0.00274752 0.99999 0.00353179 0.00173089 0.971112 0.00182542 0.238616 3.89101
0.202324 0.00390232 -0.979311 -0.269186 -0.00249831 0.999991 0.00346858 0.00157682 0.979315 0.00174485 0.202332 3.88854
0.158888 0.004081 -0.987288 -0.293182 -0.00246225 0.99999 0.00373725 0.00210766 0.987294 0.00183715 0.158896 3.88736
0.112324 0.00415751 -0.993663 -0.326163 -0.00200313 0.99999 0.00395755 0.00209956 0.99367 0.00154591 0.112332 3.88662
0.0721939 0.00423776 -0.997382 -0.365177 -0.00149005 0.99999 0.00414099 0.0026426 0.99739 0.00118719 0.0721995 3.88662
0.0502316 0.00388807 -0.99873 -0.411587 -0.00189901 0.999991 0.00379747 0.00261637 0.998736 0.00170584 0.0502386 3.88986
0.0320328 0.00368781 -0.99948 -0.459618 -0.00167958 0.999992 0.00363587 0.00291947 0.999485 0.00156224 0.0320387 3.89185
-0.000489389 0.00391784 -0.999992 -0.508422 -0.0017965 0.999991 0.00391871 0.00294358 0.999998 0.00179841 -0.000482346 3.89142
-0.0423649 0.00406744 -0.999094 -0.56258 -0.00182137 0.99999 0.00414832 0.00321462 0.999101 0.00199546 -0.042357 3.88813
-0.0876239 0.00373037 -0.996147 -0.612226 -0.00182086 0.999991 0.00390493 0.00295077 0.996152 0.00215601 -0.0876163 3.8829
-0.137091 0.00360835 -0.990552 -0.647378 -0.00110198 0.999992 0.00379525 0.00320733 0.990558 0.00161187 -0.137086 3.87647
-0.176965 0.00361285 -0.98421 -0.670793 -0.000736944 0.999992 0.00380329 0.00339762 0.984217 0.00139836 -0.176961 3.87177
-0.206769 0.00357224 -0.978383 -0.687726 -0.00061522 0.999993 0.00378116 0.00343636 0.97839 0.00138375 -0.206765 3.86829
-0.242764 0.00369541 -0.970078 -0.697787 -0.000224787 0.999993 0.00386561 0.0034768 0.970085 0.00115649 -0.242761 3.86396
-0.287811 0.00372296 -0.95768 -0.704442 -1.25577e-05 0.999992 0.00389122 0.00364904 0.957687 0.00113196 -0.287809 3.85832
-0.331529 0.00392519 -0.943437 -0.706411 0.000199151 0.999992 0.0040905 0.00348716 0.943445 0.00116823 -0.331527 3.85277
-0.375939 0.00384972 -0.926636 -0.706498 -0.00019277 0.999991 0.00423268 0.00324205 0.926644 0.00176986 -0.375935 3.8474
-0.41427 0.0036486 -0.910147 -0.705164 5.45568e-05 0.999992 0.00398394 0.00318191 0.910154 0.00160077 -0.414267 3.84284
-0.435754 0.00389852 -0.900058 -0.70594 0.000558965 0.999992 0.00406076 0.0034261 0.900066 0.00126639 -0.435752 3.84038
-0.445272 0.0036312 -0.895388 -0.706109 0.000267994 0.999992 0.00392214 0.00337713 0.895395 0.00150646 -0.445269 3.83949
-0.450557 0.0039971 -0.892739 -0.707216 0.00119971 0.999992 0.00387183 0.00361484 0.892747 0.000673454 -0.450558 3.83888
-0.453156 0.00411234 -0.891422 -0.708004 0.000943595 0.999991 0.00413352 0.00363435 0.891431 0.00103198 -0.453156 3.83874
-0.454561 0.0039816 -0.890707 -0.708461 0.0009925 0.999992 0.00396362 0.00355308 0.890715 0.000917676 -0.454561 3.83868
-0.462306 0.00404699 -0.886711 -0.707931 0.000939593 0.999991 0.00407413 0.0033191 0.88672 0.00105035 -0.462306 3.8377
-0.487056 0.00393982 -0.873362 -0.704883 0.00117748 0.999992 0.00385441 0.00351482 0.87337 0.000848945 -0.487057 3.83462
-0.520307 0.00399157 -0.85397 -0.700152 0.00100605 0.999991 0.00406113 0.00338433 0.853978 0.0012539 -0.520307 3.83086
-0.557656 0.00420666 -0.830062 -0.694656 0.00172194 0.999991 0.003911 0.00325642 0.830071 0.000751674 -0.557658 3.8269
-0.596032 0.00389766 -0.802951 -0.687879 0.00129561 0.999992 0.00389239 0.00288519 0.80296 0.00127967 -0.596032 3.82259
-0.632222 0.00417632 -0.774776 -0.685588 0.00210429 0.999991 0.00367319 0.00308966 0.774784 0.000691916 -0.632225 3.81585
-0.670552 0.00403155 -0.741852 -0.693316 0.00190017 0.999991 0.00371685 0.00303018 0.74186 0.0010827 -0.670554 3.7995
-0.707066 0.00371596 -0.707138 -0.709919 0.00176638 0.999992 0.00348868 0.00315178 0.707146 0.00121765 -0.707067 3.77504
-0.739951 0.00361858 -0.672652 -0.730116 0.00181443 0.999993 0.00338357 0.00319078 0.672659 0.0012832 -0.739952 3.7473
-0.773543 0.0034559 -0.633735 -0.7554 0.00165753 0.999993 0.00342999 0.00343773 0.633742 0.00160281 -0.773543 3.71252
-0.799194 0.00351947 -0.601063 -0.778677 0.00214083 0.999993 0.00300885 0.00345517 0.601069 0.00111788 -0.799196 3.67898
-0.816982 0.00338056 -0.576653 -0.796689 0.00214066 0.999994 0.00282954 0.00365481 0.576659 0.00107727 -0.816984 3.65429
-0.838492 0.00315247 -0.544905 -0.806352 0.00181342 0.999994 0.00299487 0.00330975 0.544911 0.00152303 -0.838493 3.63641
-0.861861 0.00363114 -0.507132 -0.811405 0.0027575 0.999993 0.00247378 0.00356953 0.507138 0.000733633 -0.861865 3.62311
-0.884808 0.00364598 -0.465942 -0.812475 0.0024892 0.999992 0.00309799 0.00365194 0.465949 0.00158131 -0.88481 3.61277
-0.90725 0.00378199 -0.420575 -0.811064 0.00274086 0.999992 0.00307986 0.00374482 0.420583 0.00164147 -0.907253 3.6054
-0.92551 0.00405387 -0.3787 -0.80768 0.00306592 0.99999 0.00321173 0.00351849 0.37871 0.00181142 -0.925514 3.60081
-0.943582 0.00353784 -0.33112 -0.802054 0.00279135 0.999992 0.00272994 0.00344746 0.331128 0.00165165 -0.943585 3.5976
-0.959332 0.00323201 -0.28226 -0.797095 0.00256622 0.999993 0.00272844 0.0036092 0.282267 0.00189314 -0.959334 3.59538
-0.971781 0.00283317 -0.23587 -0.79007 0.0023445 0.999994 0.00235219 0.00392434 0.235875 0.00173282 -0.971782 3.59436
-0.982653 0.00257997 -0.185438 -0.783226 0.00181166 0.999989 0.00431257 0.00225281 0.185447 0.00390181 -0.982647 3.59424
-0.990695 0.00194852 -0.136083 -0.776428 0.00134016 0.999989 0.00456197 0.00205284 0.136091 0.00433715 -0.990687 3.59471
-0.996172 0.0024443 -0.0873848 -0.769608 0.00212353 0.999991 0.00376357 0.00234025 0.0873932 0.00356359 -0.996168 3.5962
-0.999309 0.00235972 -0.0370956 -0.762455 0.0022335 0.999992 0.00344368 0.0025784 0.0371034 0.00335845 -0.999306 3.59831
-0.999896 0.00142541 0.0143627 -0.754994 0.00146301 0.999996 0.00260736 0.00323262 -0.0143589 0.0026281 -0.999893 3.60066
-0.997936 0.00169267 0.0641969 -0.747903 0.0018879 0.999994 0.00298062 0.00303622 -0.0641914 0.00309567 -0.997933 3.60368
-0.99688 0.00163066 0.0789131 -0.745415 0.0018492 0.999995 0.00269643 0.0029136 -0.0789083 0.00283395 -0.996878 3.59966
-0.995881 0.00144245 0.0906539 -0.742243 0.00165612 0.999996 0.00228177 0.0033993 -0.0906503 0.00242251 -0.99588 3.58071
-0.995319 0.00238588 0.0966174 -0.739437 0.0026546 0.999993 0.00265289 0.00349792 -0.0966104 0.00289696 -0.995318 3.54843
-0.994992 0.00211235 0.0999288 -0.735502 0.0023621 0.999994 0.002381 0.00321072 -0.0999232 0.00260512 -0.994992 3.51084
-0.994988 0.00225182 0.0999704 -0.730729 0.00254066 0.999993 0.00276204 0.00288476 -0.0999635 0.00300219 -0.994987 3.46809
-0.994967 0.00105116 0.100197 -0.725911 0.00135118 0.999995 0.00292647 0.0033744 -0.100194 0.00304712 -0.994963 3.41868
-0.994841 0.00176713 0.101426 -0.720296 0.00206615 0.999994 0.0028432 0.00289132 -0.101421 0.00303809 -0.994839 3.36633
-0.994815 0.00148723 0.101688 -0.714319 0.00180675 0.999994 0.00305008 0.00353905 -0.101683 0.00321799 -0.994812 3.31208
-0.994735 0.00187092 0.102463 -0.70867 0.0021035 0.999995 0.00216192 0.00288992 -0.102458 0.00236607 -0.994735 3.25721
-0.994641 0.00209763 0.103369 -0.701916 0.00231123 0.999995 0.00194665 0.00296906 -0.103365 0.00217513 -0.994641 3.17981
-0.99464 0.00225253 0.103376 -0.697535 0.00247039 0.999995 0.00197945 0.0031692 -0.103371 0.00222422 -0.99464 3.13863
-0.994662 0.00244193 0.103155 -0.691935 0.0026541 0.999995 0.00191954 0.00336783 -0.10315 0.00218308 -0.994663 3.08297
-0.994642 0.00237603 0.10335 -0.685761 0.00259056 0.999995 0.0019416 0.00306782 -0.103345 0.00219893 -0.994643 3.02283
-0.994822 0.00264693 0.101598 -0.675711 0.00290135 0.999993 0.00235655 0.00175133 -0.101591 0.00263912 -0.994823 2.95796
-0.994789 0.00273533 0.101921 -0.669739 0.00294677 0.999994 0.00192402 0.00147687 -0.101916 0.00221433 -0.994791 2.90011
-0.994787 0.00345645 0.101919 -0.663879 0.00368256 0.999991 0.00203046 0.00160753 -0.101911 0.00239519 -0.994791 2.84098
-0.996283 0.00353266 0.0860738 -0.660795 0.00376666 0.99999 0.00255635 0.00244952 -0.0860639 0.00287106 -0.996285 2.78569
-0.999587 0.00440989 0.0283814 -0.662727 0.00450685 0.999984 0.00335353 0.0016746 -0.0283662 0.00348006 -0.999592 2.73991
-0.998956 0.00454709 -0.0454494 -0.671384 0.00439726 0.999985 0.00339607 0.00208026 0.0454642 0.00319267 -0.998961 2.70796
-0.986906 0.00456102 -0.161231 -0.690286 0.00383851 0.999981 0.00479245 0.00217239 0.161249 0.00411081 -0.986905 2.66596
-0.973691 0.00463257 -0.227827 -0.701718 0.00365936 0.999982 0.00469391 0.00274177 0.227844 0.00373672 -0.97369 2.63857
-0.953727 0.0092883 -0.300531 -0.720269 0.00652296 0.999927 0.0102036 -0.00247541 0.300604 0.00777107 -0.953717 2.59646
-0.938031 0.00629444 -0.346495 -0.733824 0.00472329 0.999974 0.00537868 0.00267276 0.34652 0.00340877 -0.938037 2.5488
-0.930513 0.00694822 -0.366192 -0.748181 0.00546494 0.999972 0.00508703 0.00309541 0.366217 0.00273233 -0.930526 2.50083
-0.926346 0.00648274 -0.376619 -0.763535 0.00497909 0.999975 0.00496584 0.00350435 0.376641 0.00272487 -0.926355 2.45088
-0.927394 0.00642429 -0.374032 -0.780555 0.00496707 0.999976 0.00485978 0.00273455 0.374054 0.00264909 -0.927403 2.39683
-0.936505 0.00635589 -0.350598 -0.794454 0.00508107 0.999977 0.00455593 0.00307265 0.350619 0.00248524 -0.936515 2.34374
-0.948606 0.00686551 -0.316386 -0.807139 0.00573735 0.999973 0.00449718 0.00330401 0.316408 0.00245084 -0.94862 2.29082
-0.960805 0.00652682 -0.277149 -0.816786 0.00552017 0.999975 0.00441225 0.00353727 0.277171 0.0027094 -0.960817 2.24497
-0.972893 0.00505424 -0.231198 -0.82382 0.004398 0.999985 0.00335371 0.00381053 0.231212 0.00224599 -0.972901 2.20335
-0.981427 0.00465636 -0.191781 -0.826381 0.0040535 0.999986 0.00353572 0.00424012 0.191795 0.00269266 -0.981431 2.17449
-0.985513 0.0052083 -0.169518 -0.834788 0.00470426 0.999983 0.00337486 0.00429017 0.169533 0.00252851 -0.985521 2.13411
-0.988453 0.00475409 -0.151454 -0.841163 0.00436207 0.999986 0.00292053 0.00430345 0.151466 0.00222616 -0.98846 2.0927
-0.993044 0.00443745 -0.11766 -0.845902 0.00418831 0.999988 0.00236466 0.00456985 0.117669 0.00185541 -0.993051 2.04468
-0.996959 0.00486888 -0.0777695 -0.849533 0.00474916 0.999987 0.00172435 0.00421858 0.0777769 0.00134976 -0.99697 1.99578
-0.999459 0.00455589 -0.0325676 -0.849814 0.00451265 0.999989 0.00140126 0.0046944 0.0325736 0.00125354 -0.999469 1.94933
-0.999958 0.00453392 0.00794226 -0.850083 0.00454287 0.999989 0.00110973 0.00424719 -0.00793714 0.00114577 -0.999968 1.91491
-0.999313 0.00430129 0.036822 -0.849035 0.0043428 0.99999 0.00104724 0.00426673 -0.0368171 0.00120643 -0.999321 1.89115
-0.997086 0.00471507 0.0761446 -0.846563 0.00478011 0.999988 0.000671906 0.00423747 -0.0761405 0.00103393 -0.997097 1.87505
-0.985996 0.00671601 0.166633 -0.835815 0.00687186 0.999976 0.000358759 0.00492604 -0.166627 0.00149881 -0.986019 1.83315
-0.977239 0.00922636 0.211938 -0.832363 0.00877647 0.999957 -0.0030634 0.00356906 -0.211957 -0.00113361 -0.977278 1.80477
-0.973996 0.0035169 0.226536 -0.817526 0.00385407 0.999992 0.00104612 0.00335647 -0.226531 0.00189201 -0.974002 1.76288
-0.971494 0.00122414 0.237062 -0.806664 0.00135294 0.999999 0.000380622 0.00481487 -0.237061 0.000690502 -0.971494 1.71422
-0.970033 0.00137805 0.24297 -0.795791 0.00151616 0.999999 0.000381436 0.00502503 -0.242969 0.000738388 -0.970034 1.6655
-0.969171 0.00294834 0.246371 -0.785124 0.00319826 0.999995 0.000614245 0.00369447 -0.246368 0.00138327 -0.969175 1.61319
-0.968811 0.00284463 0.247784 -0.773474 0.00305331 0.999995 0.000457917 0.00404121 -0.247782 0.0012002 -0.968815 1.56131
-0.972081 0.0039119 0.234612 -0.761821 0.00414427 0.999991 0.000497439 0.00364934 -0.234608 0.00145585 -0.972089 1.49871
-0.982745 0.00581191 0.184874 -0.758921 0.00610712 0.999981 0.00102743 0.00274992 -0.184864 0.00213875 -0.982762 1.44307
-0.9941 0.00391727 0.108396 -0.755084 0.00403115 0.999992 0.000831466 0.0039552 -0.108392 0.00126352 -0.994107 1.37602
-0.999607 0.00222706 0.0279371 -0.755546 0.00222541 0.999998 -9.02123e-05 0.00406996 -0.0279372 -2.80056e-05 -0.99961 1.3049
-0.999996 0.00203027 0.00213411 -0.751911 0.00203002 0.999998 -0.000119959 0.00427101 -0.00213435 -0.000115626 -0.999998 1.251
-0.999961 0.00237392 0.00845238 -0.744304 0.00237026 0.999997 -0.000443867 0.00406763 -0.00845341 -0.000423815 -0.999964 1.19502
-0.999295 0.00253003 0.0374488 -0.734473 0.00252398 0.999997 -0.000208698 0.00418747 -0.0374492 -0.000114031 -0.999299 1.13621
-0.997139 0.00262355 0.0755478 -0.724867 0.00259649 0.999997 -0.000456396 0.00489739 -0.0755487 -0.000258931 -0.997142 1.0806
-0.993732 0.00302328 0.11175 -0.715548 0.00300618 0.999995 -0.000321515 0.00558005 -0.11175 1.64397e-05 -0.993736 1.01988
-0.991332 0.00286655 0.131352 -0.707602 0.00280277 0.999996 -0.000670447 0.00531629 -0.131353 -0.000296486 -0.991336 0.961332
-0.989905 0.00321642 0.141695 -0.700885 0.0031402 0.999995 -0.000761478 0.00569356 -0.141697 -0.00030884 -0.98991 0.902406
-0.989236 0.00261593 0.146307 -0.693456 0.0025806 0.999997 -0.000431339 0.00542968 -0.146307 -4.91373e-05 -0.989239 0.843596
-0.988824 0.0034477 0.149048 -0.685301 0.00334971 0.999994 -0.000908423 0.00548027 -0.149051 -0.000399002 -0.98883 0.783759
-0.988511 0.00273 0.151123 -0.677995 0.00265392 0.999996 -0.000705089 0.00491746 -0.151125 -0.000295919 -0.988515 0.723724
-0.988416 0.00265264 0.151743 -0.670279 0.00257805 0.999996 -0.000688313 0.00486133 -0.151744 -0.000289141 -0.98842 0.667618
-0.988342 0.00247009 0.15223 -0.664645 0.00237695 0.999997 -0.000793792 0.00549044 -0.152231 -0.000422696 -0.988345 0.628279
-0.987114 0.00257659 0.159999 -0.659373 0.00248775 0.999997 -0.000755524 0.00497832 -0.16 -0.000347752 -0.987117 0.599284
-0.982405 0.00272302 0.186742 -0.652621 0.0026122 0.999996 -0.00083954 0.00490944 -0.186743 -0.000336963 -0.982409 0.580305
-0.974586 0.00266765 0.223997 -0.645525 0.00248734 0.999996 -0.00108714 0.00479445 -0.223999 -0.00050236 -0.974589 0.567584
-0.96369 0.00272698 0.267011 -0.637842 0.00253821 0.999996 -0.00105209 0.00523423 -0.267013 -0.000336162 -0.963693 0.561365
-0.950038 0.0023016 0.312125 -0.62959 0.00199109 0.999997 -0.00131354 0.0048137 -0.312127 -0.000626446 -0.95004 0.553505
-0.934419 0.00255414 0.356165 -0.61742 0.00220901 0.999997 -0.00137573 0.00461014 -0.356168 -0.000498738 -0.934422 0.534717
-0.915321 0.00253373 0.402718 -0.599911 0.00231746 0.999997 -0.00102431 0.00558359 -0.402719 -4.29046e-06 -0.915324 0.508272
-0.894013 0.00248683 0.448034 -0.580694 0.00189026 0.999997 -0.00177865 0.00546284 -0.448037 -0.000743234 -0.894015 0.47197
-0.870116 0.00257531 0.492841 -0.556817 0.00195516 0.999997 -0.00177356 0.00557167 -0.492844 -0.000579624 -0.870118 0.434435
-0.845031 0.00234578 0.534712 -0.530893 0.00155577 0.999997 -0.00192833 0.00516066 -0.534715 -0.000797616 -0.845032 0.396014
-0.821479 0.00305175 0.57023 -0.502646 0.00234583 0.999995 -0.00197232 0.00541801 -0.570234 -0.000282558 -0.821483 0.354162
-0.807986 0.00257958 0.589196 -0.473844 0.0017447 0.999997 -0.00198555 0.00531272 -0.589199 -0.000576323 -0.807988 0.310068
-0.801069 0.00133171 0.598571 -0.442704 0.000344275 0.999998 -0.00176408 0.0045989 -0.598572 -0.00120707 -0.801068 0.259804
-0.797473 0.0017096 0.603352 -0.414748 0.000551115 0.999998 -0.00210507 0.00468925 -0.603354 -0.00134622 -0.797472 0.219275
-0.795532 0.00196558 0.605908 -0.393686 0.000726308 0.999997 -0.0022904 0.00405756 -0.605911 -0.00138201 -0.795532 0.185745
-0.794514 0.00220146 0.607242 -0.377712 0.00108003 0.999997 -0.00221222 0.00398208 -0.607245 -0.0011018 -0.794514 0.161108
-0.788831 0.00182501 0.614608 -0.366507 0.000626417 0.999997 -0.00216539 0.00421476 -0.61461 -0.00132312 -0.78883 0.14662
-0.772077 0.00176939 0.635527 -0.357111 0.000681537 0.999998 -0.00195615 0.00462261 -0.635529 -0.00107716 -0.772076 0.138531
-0.747733 0.00167281 0.663997 -0.348451 0.000405835 0.999998 -0.00206229 0.00461324 -0.663999 -0.00127257 -0.747732 0.135563
-0.717385 0.00204328 0.696674 -0.341528 0.000749605 0.999997 -0.00216101 0.00445851 -0.696677 -0.00102804 -0.717384 0.135618
-0.682994 0.00182705 0.730422 -0.335372 0.000505075 0.999998 -0.00202908 0.00435445 -0.730424 -0.00101693 -0.682993 0.138125
-0.645962 0.00209332 0.763367 -0.330665 0.000656991 0.999997 -0.00218626 0.00421451 -0.763369 -0.000910716 -0.645962 0.142653
-0.608208 0.00171868 0.793776 -0.32617 7.11276e-05 0.999998 -0.00211069 0.00432803 -0.793778 -0.00122728 -0.608206 0.147587
-0.569634 0.00149672 0.821897 -0.323196 -0.000427159 0.999998 -0.0021171 0.00435014 -0.821898 -0.00155705 -0.569632 0.153308
-0.528843 0.00161838 0.848718 -0.320822 -0.000499709 0.999997 -0.00221822 0.00431643 -0.84872 -0.0015972 -0.528841 0.160251
-0.484521 0.00175782 0.874778 -0.319236 -0.000454035 0.999997 -0.00226093 0.00415179 -0.87478 -0.00149264 -0.484518 0.167568
-0.440138 0.00188835 0.897928 -0.317924 -4.83407e-05 0.999998 -0.0021267 0.0040448 -0.89793 -0.000979446 -0.440137 0.174807
-0.397685 0.00160961 0.917521 -0.317024 -0.000598643 0.999998 -0.00201377 0.00423675 -0.917522 -0.00135011 -0.397683 0.18181
-0.348801 0.0014882 0.937195 -0.31737 -0.00104966 0.999997 -0.00197858 0.00458323 -0.937196 -0.00167387 -0.348799 0.190466
-0.299828 0.00166164 0.953992 -0.317147 -0.000577685 0.999998 -0.00192333 0.00432485 -0.953993 -0.00112777 -0.299826 0.198444
-0.253734 0.00185326 0.967272 -0.318256 -0.00087788 0.999997 -0.00214624 0.00400568 -0.967274 -0.00139372 -0.253731 0.206052
-0.203122 0.00206369 0.979151 -0.319557 -0.000487476 0.999997 -0.00220876 0.00380237 -0.979153 -0.000925959 -0.20312 0.214445
-0.155116 0.00190426 0.987894 -0.321041 -0.00113595 0.999997 -0.00210595 0.00405375 -0.987896 -0.00144886 -0.155114 0.221652
-0.105355 0.00195267 0.994433 -0.323081 -0.00159898 0.999996 -0.002133 0.00414453 -0.994433 -0.0018148 -0.105351 0.229617
-0.0561094 0.00178499 0.998423 -0.325135 -0.00153292 0.999997 -0.00187396 0.00399542 -0.998423 -0.00163565 -0.0561065 0.237101
-0.005462 0.00193739 0.999983 -0.328146 -0.00183059 0.999996 -0.00194741 0.00389207 -0.999983 -0.0018412 -0.00545843 0.244691
0.0444019 0.00181559 0.999012 -0.331572 -0.00175794 0.999997 -0.00173925 0.00395033 -0.999012 -0.00167898 0.044405 0.252147
0.0932419 0.0017584 0.995642 -0.334351 -0.00157505 0.999997 -0.00161859 0.00405337 -0.995642 -0.00141727 0.0932444 0.258987
0.143325 0.00155248 0.989674 -0.338167 -0.00161654 0.999998 -0.00133457 0.00419789 -0.989674 -0.00140857 0.143327 0.266042
0.192758 0.00189282 0.981244 -0.342925 -0.00144937 0.999998 -0.00164428 0.00380433 -0.981245 -0.00110524 0.19276 0.273133
0.241226 0.00192866 0.970467 -0.347599 -0.00176935 0.999997 -0.00154754 0.0037825 -0.970467 -0.00134379 0.241229 0.280126
0.290009 0.00222926 0.957021 -0.352713 -0.00159177 0.999997 -0.00184701 0.00381211 -0.957023 -0.000987713 0.290011 0.28663
0.336885 0.00202997 0.941544 -0.357028 -0.00161994 0.999997 -0.00157637 0.00403697 -0.941544 -0.000994191 0.336888 0.292044
0.385139 0.0019201 0.922857 -0.362695 -0.00161404 0.999998 -0.00140701 0.0040384 -0.922857 -0.000947633 0.385141 0.298092
0.429966 0.0020658 0.902843 -0.368936 -0.001662 0.999997 -0.0014966 0.00378233 -0.902843 -0.000857043 0.429969 0.30361
0.473932 0.00210596 0.880559 -0.374831 -0.0020692 0.999997 -0.00127793 0.00393378 -0.880559 -0.0012164 0.473935 0.30879
0.516752 0.0021332 0.856133 -0.381442 -0.00213994 0.999997 -0.00120002 0.00376246 -0.856133 -0.00121195 0.516755 0.313716
0.563407 0.00198977 0.826177 -0.387768 -0.001985 0.999997 -0.00105474 0.00432094 -0.826177 -0.00104572 0.563409 0.319359
0.599709 0.00179482 0.800216 -0.393783 -0.00143419 0.999998 -0.00116808 0.00408889 -0.800217 -0.000447148 0.599711 0.322752
0.639739 0.00204823 0.768589 -0.4018 -0.00179311 0.999998 -0.00117242 0.00406177 -0.76859 -0.00062812 0.639742 0.32689
0.677222 0.00231878 0.735775 -0.409962 -0.00229406 0.999997 -0.00103997 0.00383232 -0.735775 -0.000983625 0.677225 0.330293
0.714853 0.00218398 0.699271 -0.417018 -0.00194127 0.999997 -0.00113869 0.00352848 -0.699272 -0.000543481 0.714856 0.33375
0.748568 0.00223401 0.663054 -0.423375 -0.00244939 0.999997 -0.00060398 0.00371503 -0.663053 -0.00117196 0.748571 0.337513
0.779504 0.00233508 0.626393 -0.431009 -0.00255516 0.999997 -0.000548079 0.00366552 -0.626392 -0.0011733 0.779507 0.339759
0.820573 0.00237699 0.571536 -0.441794 -0.00246821 0.999997 -0.000615231 0.00364331 -0.571536 -0.000905831 0.820577 0.342476
0.838777 0.00224108 0.54447 -0.446824 -0.00224774 0.999997 -0.00065334 0.0036032 -0.54447 -0.000675821 0.83878 0.343185
0.864998 0.00247456 0.50177 -0.454558 -0.00292352 0.999996 0.000108196 0.00389163 -0.501767 -0.00156052 0.865001 0.345583
0.88837 0.00260887 0.45912 -0.462386 -0.0029394 0.999996 5.27534e-06 0.00388156 -0.459118 -0.00135422 0.888374 0.346577
0.910163 0.00234234 0.414244 -0.470479 -0.00279162 0.999996 0.000479179 0.00399558 -0.414241 -0.00159254 0.910166 0.347713
0.947019 0.00258819 0.321167 -0.486891 -0.0028859 0.999996 0.000450915 0.00381474 -0.321164 -0.00135388 0.947023 0.347065
0.974434 0.00208503 0.224665 -0.502748 -0.00235728 0.999997 0.000943594 0.00397759 -0.224662 -0.00144907 0.974436 0.345453
0.991973 0.00232591 0.126428 -0.518438 -0.00244623 0.999997 0.000796436 0.00373553 -0.126426 -0.00109931 0.991975 0.341654
0.999967 0.00232824 0.00783577 -0.536904 -0.00233649 0.999997 0.00104391 0.0037862 -0.00783332 -0.00106219 0.999969 0.335552
0.999787 0.00241679 -0.0204884 -0.541244 -0.0023974 0.999997 0.000971177 0.00384444 0.0204907 -0.000921852 0.99979 0.333645
0.99794 0.00185667 -0.0641292 -0.54756 -0.00178373 0.999998 0.00119454 0.0039786 0.0641313 -0.00107769 0.997941 0.330659
0.994995 0.00184676 -0.0999123 -0.551971 -0.00173137 0.999998 0.00124163 0.00375913 0.0999143 -0.00106243 0.994995 0.327853
0.993865 0.00191917 -0.110587 -0.553237 -0.00181475 0.999998 0.00104489 0.00373629 0.110589 -0.000837793 0.993866 0.326414
0.993698 0.00181278 -0.112079 -0.553233 -0.00169013 0.999998 0.00118932 0.00361566 0.112081 -0.000992392 0.993699 0.326522
0.993687 0.00162075 -0.11218 -0.553097 -0.00150134 0.999998 0.00114895 0.00364159 0.112182 -0.000973273 0.993687 0.326512
0.99369 0.00154584 -0.112146 -0.553176 -0.00143811 0.999998 0.00104152 0.00358692 0.112148 -0.000873667 0.993691 0.326344
0.993676 0.0017004 -0.112272 -0.553233 -0.00158267 0.999998 0.00113775 0.00361307 0.112274 -0.000952868 0.993677 0.326438
0.993682 0.001548 -0.112224 -0.553114 -0.00142923 0.999998 0.00113884 0.00360115 0.112225 -0.000971249 0.993682 0.326435
0.993681 0.00162847 -0.11223 -0.553088 -0.0015052 0.999998 0.00118307 0.00362553 0.112232 -0.00100666 0.993682 0.32642
0.993681 0.00153067 -0.112231 -0.55307 -0.00141322 0.999998 0.00112602 0.00362077 0.112233 -0.0009603 0.993681 0.326304
0.9937 0.00179652 -0.112058 -0.553271 -0.00161235 0.999997 0.00173417 0.00348518 0.112061 -0.00154257 0.9937 0.326628
0.99368 0.00173295 -0.112237 -0.55315 -0.00160924 0.999998 0.00119273 0.00361688 0.112239 -0.00100458 0.993681 0.32638
0.993674 0.00176893 -0.112287 -0.553195 -0.00164097 0.999998 0.00123199 0.00359445 0.112289 -0.00103993 0.993675 0.326466
0.993674 0.00159162 -0.112292 -0.553103 -0.00147776 0.999998 0.00109723 0.00354171 0.112294 -0.000924351 0.993675 0.326331
0.993675 0.00171015 -0.112279 -0.553207 -0.00159125 0.999998 0.00114864 0.00355599 0.112281 -0.000962713 0.993676 0.326422
0.993679 0.00165952 -0.112248 -0.553153 -0.00153981 0.999998 0.00115313 0.00360339 0.11225 -0.000973002 0.99368 0.326354
0.993673 0.0016869 -0.112301 -0.553138 -0.00156729 0.999998 0.00115337 0.00360533 0.112303 -0.000970067 0.993674 0.326345
0.993673 0.0016798 -0.112296 -0.553081 -0.00155757 0.999998 0.0011762 0.00360309 0.112297 -0.000993852 0.993674 0.32636
0.993678 0.00173963 -0.112257 -0.553105 -0.00162118 0.999998 0.00114638 0.0036227 0.112259 -0.000957139 0.993679 0.326346
0.993676 0.00174643 -0.112268 -0.553124 -0.00162853 0.999998 0.00114187 0.00361538 0.11227 -0.000951813 0.993677 0.326354
0.993678 0.00157447 -0.11226 -0.553127 -0.00145459 0.999998 0.00114975 0.00358721 0.112262 -0.000979192 0.993678 0.32637
0.993675 0.00179155 -0.112276 -0.55314 -0.00167499 0.999998 0.00113251 0.00360833 0.112278 -0.000937289 0.993676 0.326338
0.993669 0.00180379 -0.11233 -0.553132 -0.00167899 0.999998 0.00120564 0.00361905 0.112332 -0.00100941 0.99367 0.326399
0.993672 0.00165127 -0.112307 -0.553076 -0.00152788 0.999998 0.00118482 0.00360997 0.112308 -0.00100573 0.993673 0.326375
0.993675 0.00177201 -0.112276 -0.55313 -0.00165403 0.999998 0.00114402 0.00362057 0.112278 -0.000951073 0.993676 0.326341
0.993676 0.00168626 -0.112274 -0.553149 -0.00156582 0.999998 0.00116093 0.00359363 0.112276 -0.000977786 0.993677 0.326354
0.993676 0.00176083 -0.112267 -0.55313 -0.00164398 0.999998 0.00113341 0.00360858 0.112269 -0.000941678 0.993677 0.326341
0.993677 0.00178837 -0.112263 -0.553125 -0.00167138 0.999998 0.00113622 0.00361128 0.112265 -0.0009414 0.993678 0.326318
0.993672 0.00165406 -0.112306 -0.55308 -0.00153126 0.999998 0.00117964 0.00359855 0.112308 -0.00100021 0.993673 0.32638
0.993679 0.00161203 -0.112251 -0.553123 -0.00149066 0.999998 0.00116523 0.00360024 0.112253 -0.000990537 0.993679 0.326354
0.993678 0.00175299 -0.112256 -0.553118 -0.00163678 0.999998 0.00112736 0.00360722 0.112257 -0.000936498 0.993679 0.326317
0.993671 0.00172971 -0.112314 -0.553111 -0.00160312 0.999998 0.00121744 0.00361954 0.112315 -0.00102968 0.993672 0.326412
0.993678 0.00173415 -0.112252 -0.553108 -0.0016167 0.999998 0.00113736 0.00361678 0.112254 -0.000948691 0.993679 0.326321
0.99367 0.00178307 -0.112324 -0.553124 -0.00165726 0.999998 0.00121345 0.00361953 0.112326 -0.00101962 0.993671 0.326409
0.993673 0.00162978 -0.1123 -0.553068 -0.00150538 0.999998 0.00119253 0.00361046 0.112302 -0.00101593 0.993674 0.326384
0.993676 0.00161815 -0.112271 -0.553134 -0.00149675 0.999998 0.00116561 0.00359835 0.112273 -0.000990202 0.993677 0.326371
0.993672 0.00165404 -0.112306 -0.55308 -0.00153125 0.999998 0.00117958 0.00359854 0.112308 -0.00100015 0.993673 0.32638
0.993674 0.00177404 -0.112292 -0.553134 -0.0016554 0.999998 0.00114969 0.00362144 0.112294 -0.000956532 0.993675 0.326344
0.993672 0.00181046 -0.112307 -0.553202 -0.00168654 0.999998 0.00119839 0.00361584 0.112309 -0.0010014 0.993673 0.32639
0.993672 0.00165494 -0.112306 -0.553079 -0.00153218 0.999998 0.0011794 0.00359833 0.112308 -0.000999869 0.993673 0.32638
0.993673 0.00163069 -0.112299 -0.553067 -0.00150631 0.999998 0.00119241 0.00361027 0.112301 -0.0010157 0.993674 0.326384
0.993673 0.00163138 -0.1123 -0.553067 -0.00150655 0.999998 0.00119643 0.00360977 0.112302 -0.00101968 0.993674 0.326386
0.993673 0.00163179 -0.1123 -0.553068 -0.00150695 0.999998 0.00119656 0.00360972 0.112302 -0.00101976 0.993674 0.326387
0.993672 0.0016533 -0.112307 -0.553075 -0.00152946 0.999998 0.00118882 0.00360921 0.112309 -0.00100953 0.993673 0.326378
0.993672 0.00167637 -0.112313 -0.553087 -0.00155461 0.999998 0.00117172 0.00359791 0.112314 -0.000989701 0.993672 0.32637
0.993672 0.00167637 -0.112313 -0.553087 -0.00155461 0.999998 0.00117172 0.00359791 0.112314 -0.000989701 0.993672 0.32637
