1 -0 0 -0 -0 1 -0 0 0 -0 1 0
1 0.000121187 2.2453e-05 -4.37227e-05 -0.000121188 1 1.7436e-05 4.41977e-05 -2.24509e-05 -1.74387e-05 1 -3.29612e-05
1 9.35061e-05 1.14723e-08 4.02945e-05 -9.35061e-05 1 1.30351e-05 6.62251e-05 -1.02535e-08 -1.30351e-05 1 5.13935e-05
1 5.59957e-05 -9.12592e-06 -4.48543e-05 -5.59957e-05 1 -2.1378e-06 3.26304e-05 9.1258e-06 2.13831e-06 1 -4.85537e-05
1 5.4337e-05 -1.4152e-05 -3.94256e-05 -5.4337e-05 1 -8.99473e-07 2.70104e-05 1.4152e-05 9.00242e-07 1 -6.06029e-05
1 -1.24994e-05 -6.06898e-07 1.0111e-05 1.24994e-05 1 3.82079e-05 3.1569e-05 6.0642e-07 -3.82079e-05 1 -2.02404e-06
1 3.50045e-05 -3.33023e-06 -7.26755e-07 -3.50045e-05 1 -2.37763e-05 2.73315e-05 3.32939e-06 2.37764e-05 1 -1.81374e-06
1 2.93381e-05 -7.61854e-06 -2.64634e-05 -2.93381e-05 1 -1.98893e-07 2.16763e-05 7.61853e-06 1.99116e-07 1 -5.6418e-05
1 -2.06827e-05 3.58879e-07 -8.66301e-06 2.06827e-05 1 3.17102e-05 2.61603e-05 -3.59535e-07 -3.17102e-05 1 1.38812e-05
1 3.87894e-06 3.09217e-06 -4.86343e-06 -3.87892e-06 1 -4.58454e-06 3.53643e-05 -3.09219e-06 4.58453e-06 1 1.17417e-05
1 2.93611e-05 -7.63254e-06 -2.64778e-05 -2.93611e-05 1 -2.05401e-07 2.16772e-05 7.63254e-06 2.05625e-07 1 -5.64295e-05
1 -1.23232e-06 -1.01762e-05 8.69843e-06 1.2325e-06 1 1.687e-05 5.18634e-05 1.01761e-05 -1.687e-05 1 5.73698e-06
1 0.000121985 3.62882e-06 3.11188e-05 -0.000121985 1 1.08598e-05 3.36245e-05 -3.6275e-06 -1.08602e-05 1 -1.84507e-05
1 3.11927e-05 -2.52709e-06 -3.17436e-05 -3.11927e-05 1 -1.47298e-06 2.74386e-05 2.52705e-06 1.47306e-06 1 -4.43959e-05
1 3.15849e-05 -6.64157e-06 -6.67231e-06 -3.15846e-05 1 3.85409e-05 2.22313e-05 6.64278e-06 -3.85406e-05 1 -4.66095e-05
1 1.82554e-05 -3.90333e-05 -4.7082e-05 -1.82551e-05 1 8.32079e-06 8.41198e-05 3.90334e-05 -8.32008e-06 1 4.33712e-05
1 -1.89539e-06 2.20922e-05 -1.39423e-05 1.89522e-06 1 7.86529e-06 4.26762e-05 -2.20922e-05 -7.86525e-06 1 2.60598e-05
1 2.4031e-05 -1.60532e-05 -1.15743e-05 -2.40305e-05 1 3.58153e-05 4.35341e-05 1.60541e-05 -3.58149e-05 1 1.72263e-05
1 6.74235e-05 -1.19296e-05 -1.56359e-05 -6.74235e-05 1 -2.46693e-06 2.27882e-05 1.19294e-05 2.46774e-06 1 -4.03169e-05
1 1.83455e-05 -4.34934e-06 -2.04767e-05 -1.83455e-05 1 -1.55613e-05 3.45219e-05 4.34906e-06 1.55613e-05 1 2.34257e-05
1 7.13641e-05 -6.45804e-06 4.64767e-05 -7.13639e-05 1 2.91169e-05 5.91819e-05 6.46011e-06 -2.91165e-05 1 2.20982e-05
1 1.00969e-05 2.50326e-05 1.96683e-05 -1.00975e-05 1 2.33763e-05 3.29796e-05 -2.50323e-05 -2.33766e-05 1 2.11969e-05
1 -1.0421e-06 1.15628e-05 1.8053e-05 1.04194e-06 1 1.35122e-05 3.8815e-05 -1.15629e-05 -1.35122e-05 1 1.94987e-05
1 3.38202e-05 -7.10255e-05 -6.25583e-05 -3.38193e-05 1 1.35133e-05 9.57828e-05 7.1026e-05 -1.35109e-05 1 -1.65411e-05
1 7.35996e-05 -1.25009e-05 2.25789e-05 -7.35996e-05 1 3.74147e-06 3.95671e-05 1.25011e-05 -3.74055e-06 1 1.15698e-05
1 9.89664e-05 2.7815e-05 1.31489e-05 -9.8968e-05 1 5.67708e-05 7.4019e-05 -2.78094e-05 -5.67735e-05 1 9.01512e-06
1 2.07852e-05 -3.25417e-05 -1.02245e-05 -2.07849e-05 1 8.76289e-06 1.44705e-05 3.25419e-05 -8.76221e-06 1 -2.01623e-05
1 2.42963e-05 -4.13381e-05 -5.37378e-05 -2.42961e-05 1 4.30875e-06 9.34776e-05 4.13383e-05 -4.30774e-06 1 2.35098e-05
1 2.92529e-05 -6.28014e-06 -2.64028e-05 -2.92529e-05 1 -1.99361e-07 2.16855e-05 6.28013e-06 1.99545e-07 1 -5.59883e-05
1 2.92654e-05 -6.27525e-06 -2.64107e-05 -2.92654e-05 1 -1.97662e-07 2.16838e-05 6.27524e-06 1.97846e-07 1 -5.59986e-05
1 3.77837e-05 4.91339e-05 7.71404e-06 -3.7785e-05 1 2.70944e-05 2.49582e-05 -4.91329e-05 -2.70962e-05 1 2.53702e-05
1 5.77363e-05 1.07547e-05 -1.24413e-05 -5.77365e-05 1 1.90675e-05 3.17163e-05 -1.07536e-05 -1.90682e-05 1 2.39381e-05
1 -3.13599e-06 -8.32324e-06 -1.39824e-05 3.13601e-06 1 2.52276e-06 3.84669e-05 8.32323e-06 -2.52279e-06 1 2.24749e-05
1 3.21045e-06 0.000115331 -1.67974e-05 -3.2028e-06 1 -6.62796e-05 5.13728e-05 -0.000115331 6.62792e-05 1 0.000246724
0.999999 0.00164306 -0.000128107 -0.000624505 -0.00164328 0.999997 -0.00171811 0.00049708 0.000125284 0.00171832 0.999999 0.0100035
0.999998 0.00193584 -3.06713e-05 -0.00103746 -0.00193588 0.999997 -0.00158401 0.000504726 2.76048e-05 0.00158406 0.999999 0.0279373
0.999998 0.0017349 -8.72993e-05 -0.000766965 -0.00173504 0.999997 -0.00163557 0.000484834 8.44616e-05 0.00163572 0.999999 0.0514188
0.999998 0.00200544 -0.000225454 -0.000868574 -0.00200578 0.999997 -0.00148095 0.000622998 0.000222483 0.0014814 0.999999 0.0795915
0.999998 0.00187463 -0.000277092 -0.00118979 -0.00187507 0.999997 -0.0016188 0.000341113 0.000274056 0.00161932 0.999999 0.11074
0.999995 0.00208862 0.00243736 -0.00344379 -0.00207944 0.999991 -0.00376088 0.00107906 -0.00244519 0.00375579 0.99999 0.144452
0.999994 0.00230134 0.00242481 -0.00349059 -0.00229224 0.99999 -0.0037477 0.000973515 -0.00243341 0.00374212 0.99999 0.179762
0.999995 0.00213172 0.00232996 -0.00323547 -0.00212326 0.999991 -0.00362623 0.000788166 -0.00233767 0.00362126 0.999991 0.216018
0.999995 0.0019186 0.00236135 -0.00326135 -0.00190951 0.999991 -0.00384574 0.000637385 -0.00236871 0.00384122 0.99999 0.244268
0.999996 0.00236472 0.00180849 -0.00431342 -0.00235794 0.99999 -0.00374556 0.000804205 -0.00181733 0.00374128 0.999991 0.264481
0.99999 0.00332609 0.00290303 -0.00449148 -0.00331964 0.999992 -0.00222302 0.000281379 -0.0029104 0.00221336 0.999993 0.281414
0.999991 0.0029608 0.00287275 -0.00604662 -0.0029541 0.999993 -0.00233248 -0.000592233 -0.00287964 0.00232398 0.999993 0.290727
0.999991 0.00323819 0.00276252 -0.00624956 -0.00323157 0.999992 -0.00239609 -0.000455017 -0.00277026 0.00238714 0.999993 0.298946
0.999991 0.00329954 0.00263752 -0.00615745 -0.00329345 0.999992 -0.00231037 -0.000598454 -0.00264512 0.00230166 0.999994 0.304386
0.999991 0.00285429 0.00314433 -0.00600377 -0.00284721 0.999993 -0.00225404 -0.00047464 -0.00315074 0.00224507 0.999993 0.308487
0.999992 0.00226017 0.0033501 -0.00499831 -0.00225591 0.999997 -0.00127695 -0.000158657 -0.00335298 0.00126938 0.999994 0.312191
0.999992 0.0025085 0.00319431 -0.00461787 -0.00250431 0.999996 -0.00131284 -0.000108285 -0.00319759 0.00130483 0.999994 0.314233
0.999993 0.00218587 0.00297825 -0.0047322 -0.00218179 0.999997 -0.00137257 -0.000619796 -0.00298124 0.00136606 0.999995 0.315511
0.999993 0.00203387 0.00304825 -0.00465887 -0.00203021 0.999997 -0.00120326 -0.000510625 -0.00305069 0.00119706 0.999995 0.316716
0.999993 0.00211799 0.00311779 -0.00455907 -0.00211386 0.999997 -0.00132859 -0.000632441 -0.0031206 0.00132199 0.999994 0.317314
0.999993 0.00206314 0.00315789 -0.00454309 -0.0020595 0.999997 -0.0011543 -0.000477002 -0.00316026 0.00114779 0.999994 0.318152
0.999993 0.00205995 0.00323924 -0.00466096 -0.0020559 0.999997 -0.00125191 -0.000496713 -0.00324181 0.00124524 0.999994 0.318431
0.999993 0.00207668 0.00321153 -0.00488043 -0.00207244 0.999997 -0.00132315 -0.000619014 -0.00321426 0.00131648 0.999994 0.318576
0.999993 0.00206571 0.00312786 -0.00478116 -0.00206155 0.999997 -0.00133545 -0.000507605 -0.00313061 0.00132899 0.999994 0.318934
0.999993 0.00203281 0.00315493 -0.00482071 -0.00202867 0.999997 -0.0013154 -0.000540719 -0.0031576 0.00130899 0.999994 0.319137
0.999993 0.0020563 0.00325481 -0.00489308 -0.00205218 0.999997 -0.00126869 -0.000565828 -0.00325741 0.001262 0.999994 0.319238
0.999993 0.00200043 0.00321271 -0.00492216 -0.00199626 0.999997 -0.00130226 -0.000496603 -0.0032153 0.00129584 0.999994 0.319253
0.999993 0.00200419 0.00325016 -0.00488879 -0.00199988 0.999997 -0.00132825 -0.000465592 -0.00325282 0.00132174 0.999994 0.319319
0.999993 0.00202975 0.00312451 -0.00486154 -0.0020259 0.999997 -0.00123643 -0.000531122 -0.00312701 0.00123009 0.999994 0.31934
0.999993 0.0020478 0.00325342 -0.00488794 -0.0020435 0.999997 -0.00132428 -0.000426625 -0.00325612 0.00131762 0.999994 0.319375
0.999993 0.00205206 0.00312167 -0.00476928 -0.00204809 0.999997 -0.00127579 -0.000445115 -0.00312428 0.00126939 0.999994 0.319419
0.999993 0.00194499 0.00313046 -0.00474897 -0.00194092 0.999997 -0.00130051 -0.000455621 -0.00313298 0.00129443 0.999994 0.319414
0.999993 0.00206865 0.00315241 -0.00478524 -0.00206471 0.999997 -0.00125106 -0.000509981 -0.00315499 0.00124454 0.999994 0.319411
0.999993 0.00209015 0.0032354 -0.00489954 -0.00208582 0.999997 -0.00134027 -0.00049119 -0.00323819 0.00133351 0.999994 0.319333
0.999993 0.00203158 0.00316327 -0.00480177 -0.0020276 0.999997 -0.00126109 -0.000526482 -0.00316582 0.00125466 0.999994 0.319431
0.999993 0.00202792 0.00324781 -0.00484269 -0.00202372 0.999997 -0.00129575 -0.000529775 -0.00325042 0.00128917 0.999994 0.319355
0.999993 0.00205481 0.00315126 -0.00479967 -0.00205095 0.999997 -0.00122517 -0.000519706 -0.00315377 0.0012187 0.999994 0.319439
0.999993 0.00202272 0.00314395 -0.00476796 -0.00201886 0.999997 -0.00122911 -0.000516273 -0.00314643 0.00122276 0.999994 0.319455
0.999993 0.00191208 0.00316748 -0.00468953 -0.00190813 0.999997 -0.00124827 -0.000498389 -0.00316986 0.00124222 0.999994 0.31948
0.999993 0.00204655 0.00322894 -0.0048303 -0.00204233 0.999997 -0.00130953 -0.000508502 -0.00323161 0.00130293 0.999994 0.319368
0.999993 0.0020513 0.00319564 -0.00481987 -0.00204708 0.999997 -0.00132232 -0.000469557 -0.00319835 0.00131577 0.999994 0.319386
0.999993 0.00188347 0.00313977 -0.00472431 -0.0018796 0.999997 -0.00123357 -0.000497723 -0.00314209 0.00122766 0.999994 0.319524
0.999993 0.00201219 0.00315299 -0.00475555 -0.00200855 0.999997 -0.00115694 -0.000515021 -0.00315531 0.0011506 0.999994 0.319486
0.999993 0.00197226 0.00314569 -0.00472448 -0.0019683 0.999997 -0.00126 -0.000490852 -0.00314817 0.0012538 0.999994 0.319369
0.999993 0.00203136 0.00321218 -0.00484568 -0.00202727 0.999997 -0.00127655 -0.000513932 -0.00321476 0.00127003 0.999994 0.319358
0.999993 0.00202052 0.00310431 -0.00474795 -0.00201673 0.999997 -0.00122395 -0.000515291 -0.00310678 0.00121768 0.999994 0.319436
0.999993 0.00201216 0.0031038 -0.0047472 -0.00200841 0.999997 -0.0012123 -0.000508208 -0.00310623 0.00120606 0.999994 0.319445
0.999993 0.00204507 0.0032249 -0.00482786 -0.00204091 0.999997 -0.00129333 -0.00047578 -0.00322753 0.00128674 0.999994 0.319391
0.999993 0.00201778 0.00322743 -0.00483231 -0.00201356 0.999997 -0.00130855 -0.000505851 -0.00323006 0.00130204 0.999994 0.319365
0.999993 0.00198577 0.00312768 -0.00471087 -0.00198196 0.999997 -0.00121953 -0.000498673 -0.00313009 0.00121333 0.999994 0.319487
0.999993 0.0020743 0.00323581 -0.00482928 -0.00207011 0.999997 -0.00129874 -0.000498788 -0.00323849 0.00129203 0.999994 0.319373
0.999993 0.00211302 0.00319896 -0.00480527 -0.00210888 0.999997 -0.00129587 -0.00051812 -0.00320169 0.00128911 0.999994 0.31936
0.999993 0.00209441 0.00317875 -0.00476905 -0.00209052 0.999997 -0.00122718 -0.000484729 -0.00318131 0.00122053 0.999994 0.319457
0.999993 0.00206335 0.00320881 -0.00484774 -0.00205919 0.999997 -0.00129962 -0.000484669 -0.00321149 0.00129301 0.999994 0.319387
0.999993 0.00203929 0.00326731 -0.00481882 -0.00203511 0.999997 -0.00128284 -0.000509229 -0.00326992 0.00127618 0.999994 0.319395
0.999993 0.00203929 0.00326731 -0.00481882 -0.00203511 0.999997 -0.00128284 -0.000509229 -0.00326992 0.00127618 0.999994 0.319395
0.999993 0.00206462 0.00317509 -0.00477251 -0.00206078 0.999997 -0.00121059 -0.000503372 -0.00317758 0.00120404 0.999994 0.319461
0.999992 0.00208233 0.00328376 -0.00488661 -0.00207803 0.999997 -0.00131255 -0.000464168 -0.00328648 0.00130572 0.999994 0.31938
0.999993 0.00226403 0.00295442 -0.00472722 -0.00226046 0.999997 -0.00121274 -0.00056832 -0.00295715 0.00120605 0.999995 0.319823
0.999992 0.00248842 0.00312101 -0.00418848 -0.00248439 0.999996 -0.00129305 -0.00059203 -0.00312422 0.00128529 0.999994 0.327407
0.999993 0.00239287 0.00287931 -0.00497415 -0.00238873 0.999996 -0.0014396 -0.000833207 -0.00288275 0.00143271 0.999995 0.347397
0.999993 0.00250591 0.00280992 -0.00523911 -0.00250192 0.999996 -0.00142243 -0.000691876 -0.00281347 0.00141539 0.999995 0.370411
0.999992 0.00228687 0.00332188 -0.00402913 -0.00228234 0.999996 -0.00136684 -0.000674799 -0.003325 0.00135925 0.999994 0.399237
0.999993 0.00290096 0.00228721 -0.00409662 -0.00289457 0.999992 -0.00279073 9.83176e-05 -0.00229529 0.00278409 0.999993 0.429891
0.999993 0.00285498 0.0023842 -0.00399852 -0.00284832 0.999992 -0.0027922 -2.71459e-05 -0.00239215 0.00278539 0.999993 0.455442
0.999993 0.00298256 0.00216127 -0.00437672 -0.00297584 0.999991 -0.00310592 7.87113e-05 -0.00217052 0.00309946 0.999993 0.483185
0.999994 0.00275465 0.00216692 -0.00480993 -0.00274751 0.999991 -0.00328921 -0.000657477 -0.00217596 0.00328324 0.999992 0.513934
0.999993 0.00277583 0.00231309 -0.00525847 -0.00276788 0.99999 -0.00343141 -0.000176023 -0.0023226 0.00342499 0.999991 0.548268
0.999982 0.00457953 0.00381089 -0.00591956 -0.00457081 0.999987 -0.00229301 -0.00206778 -0.00382134 0.00227555 0.99999 0.579826
0.999983 0.00453965 0.00379175 -0.0060021 -0.00453081 0.999987 -0.00233701 -0.00190051 -0.00380231 0.00231979 0.99999 0.607298
0.999983 0.0042931 0.00388952 -0.00547464 -0.00428436 0.999988 -0.00225156 -0.00212366 -0.00389914 0.00223485 0.99999 0.627981
0.999984 0.00416284 0.00378748 -0.00586239 -0.00415445 0.999989 -0.00222043 -0.00186618 -0.00379668 0.00220466 0.99999 0.651141
0.999984 0.00434735 0.00371436 -0.00565182 -0.00433921 0.999988 -0.00219641 -0.00156252 -0.00372387 0.00218025 0.999991 0.679605
0.999983 0.00467246 0.00342012 -0.00503832 -0.00466726 0.999988 -0.00152491 -0.00292412 -0.0034272 0.00150892 0.999993 0.70952
0.999983 0.00478074 0.00344371 -0.00508711 -0.00477554 0.999987 -0.00151724 -0.00337023 -0.00345092 0.00150076 0.999993 0.743055
0.999983 0.00464902 0.00341124 -0.00492048 -0.0046443 0.999988 -0.00138972 -0.00327311 -0.00341766 0.00137385 0.999993 0.778207
0.999984 0.00435001 0.00361458 -0.00457074 -0.00434507 0.99999 -0.00137428 -0.00334008 -0.00362052 0.00135855 0.999993 0.806662
0.999983 0.004689 0.00360734 -0.00469274 -0.00468406 0.999988 -0.00137442 -0.00375785 -0.00361375 0.0013575 0.999993 0.825621
0.99998 0.00511287 0.00375157 -0.00510747 -0.00511557 0.999987 0.000711268 -0.00564552 -0.00374788 -0.000730445 0.999993 0.84142
0.999979 0.00519432 0.00375714 -0.00511546 -0.00519627 0.999986 0.000509354 -0.00521998 -0.00375444 -0.000528867 0.999993 0.852093
0.999979 0.00526601 0.00374795 -0.00475519 -0.00526881 0.999986 0.000739311 -0.00564447 -0.00374401 -0.000759043 0.999993 0.85888
0.999977 0.00573873 0.00373047 -0.00496201 -0.00574287 0.999983 0.00109879 -0.00575232 -0.0037241 -0.00112019 0.999992 0.8643
0.999979 0.00534303 0.0036917 -0.00481272 -0.00534614 0.999985 0.000833514 -0.0057491 -0.00368719 -0.000853233 0.999993 0.868232
0.999975 0.00553315 0.00449126 -0.00535853 -0.00553555 0.999985 0.000522934 -0.00510894 -0.0044883 -0.000547782 0.99999 0.871448
0.999973 0.00587411 0.00441716 -0.00535513 -0.00587626 0.999983 0.000474853 -0.00501107 -0.00441429 -0.000500797 0.99999 0.873554
0.999974 0.00584801 0.00418272 -0.00531157 -0.0058501 0.999983 0.000487799 -0.00503833 -0.0041798 -0.000512255 0.999991 0.875385
0.999975 0.00576883 0.00418798 -0.00531061 -0.00577081 0.999983 0.00045898 -0.00527553 -0.00418526 -0.000483137 0.999991 0.875745
0.999975 0.00566543 0.00412092 -0.00549159 -0.00566704 0.999984 0.000379203 -0.00538157 -0.00411871 -0.000402548 0.999991 0.876301
0.999976 0.00551608 0.00422854 -0.00549437 -0.00551765 0.999985 0.000359728 -0.00536352 -0.00422649 -0.000383051 0.999991 0.876849
0.999976 0.00540431 0.00425045 -0.00562451 -0.00540637 0.999985 0.000471506 -0.00549029 -0.00424784 -0.000494474 0.999991 0.877285
0.999976 0.00547683 0.00428479 -0.00550728 -0.00547828 0.999985 0.000326426 -0.00538263 -0.00428294 -0.000349891 0.999991 0.877617
0.999976 0.0053961 0.00426583 -0.00546325 -0.00539798 0.999985 0.00042938 -0.00539502 -0.00426345 -0.000452397 0.999991 0.877926
0.999978 0.00524291 0.00397456 -0.00514424 -0.00524306 0.999986 2.70818e-05 -0.00504431 -0.00397436 -4.79201e-05 0.999992 0.878052
0.999979 0.00515066 0.00401317 -0.00535172 -0.00515103 0.999987 8.11225e-05 -0.00505892 -0.0040127 -0.000101793 0.999992 0.878325
0.999978 0.00515815 0.00413548 -0.00543423 -0.00515872 0.999987 0.000129253 -0.00505807 -0.00413476 -0.000150584 0.999991 0.878379
0.99998 0.0049791 0.00398169 -0.00517748 -0.00497975 0.999988 0.000154465 -0.00518973 -0.00398088 -0.000174289 0.999992 0.878326
0.999979 0.00511964 0.00392606 -0.00512216 -0.0051204 0.999987 0.000183101 -0.00525225 -0.00392507 -0.000203201 0.999992 0.878321
0.999979 0.00507865 0.00396369 -0.00522206 -0.00507912 0.999987 0.000107685 -0.00526409 -0.0039631 -0.000127815 0.999992 0.878292
0.999979 0.00509133 0.00389537 -0.0051778 -0.005092 0.999987 0.000162597 -0.00529599 -0.00389449 -0.000182428 0.999992 0.878341
0.99998 0.00503727 0.00391103 -0.00519095 -0.00503803 0.999987 0.000184891 -0.00529191 -0.00391004 -0.000204591 0.999992 0.87837
0.999979 0.0050768 0.00393101 -0.0051136 -0.00507766 0.999987 0.000208771 -0.00529572 -0.0039299 -0.000228727 0.999992 0.878364
0.99998 0.00502574 0.00390057 -0.00521479 -0.00502654 0.999987 0.000195845 -0.00529931 -0.00389953 -0.000215448 0.999992 0.878328
0.999979 0.00511782 0.00397438 -0.00523202 -0.00511866 0.999987 0.000200932 -0.005252 -0.0039733 -0.000221271 0.999992 0.87837
0.999979 0.00509519 0.00392614 -0.0052176 -0.00509605 0.999987 0.000209353 -0.00528287 -0.00392502 -0.000229356 0.999992 0.878315
0.999979 0.00506308 0.00392929 -0.00518365 -0.00506377 0.999987 0.000166505 -0.00527899 -0.0039284 -0.000186398 0.999992 0.878301
0.999979 0.00512378 0.00392587 -0.00520924 -0.00512471 0.999987 0.000227025 -0.00528493 -0.00392465 -0.000247139 0.999992 0.878355
0.999979 0.00512315 0.00398726 -0.00522607 -0.00512401 0.999987 0.000205224 -0.00527666 -0.00398615 -0.00022565 0.999992 0.878356
0.999979 0.00507579 0.00392983 -0.00519252 -0.0050766 0.999987 0.000194303 -0.0052749 -0.00392879 -0.000214249 0.999992 0.878361
0.999979 0.00507534 0.00392834 -0.00511596 -0.00507602 0.999987 0.000163648 -0.00525773 -0.00392746 -0.000183585 0.999992 0.878432
0.999979 0.0050956 0.00395114 -0.00519791 -0.00509631 0.999987 0.000169347 -0.00526222 -0.00395023 -0.00018948 0.999992 0.878382
0.999979 0.00508059 0.00397632 -0.00525231 -0.00508138 0.999987 0.000186725 -0.00528742 -0.00397532 -0.000206926 0.999992 0.878342
0.999979 0.00510319 0.00392527 -0.00519117 -0.00510394 0.999987 0.000181004 -0.00526329 -0.0039243 -0.000201035 0.999992 0.878366
0.999979 0.00507228 0.00395556 -0.00523318 -0.00507306 0.999987 0.00018789 -0.00528297 -0.00395456 -0.000207953 0.999992 0.878343
0.999979 0.00515879 0.00395578 -0.00521797 -0.00515953 0.999987 0.000178042 -0.00526382 -0.0039548 -0.000198448 0.999992 0.87835
0.999979 0.00506716 0.00393152 -0.00523213 -0.00506799 0.999987 0.00019945 -0.00528244 -0.00393046 -0.000219371 0.999992 0.878346
0.999979 0.00515302 0.00396464 -0.00519765 -0.00515375 0.999987 0.000173526 -0.00525691 -0.00396369 -0.000193955 0.999992 0.878367
0.999979 0.00506912 0.00397414 -0.0051925 -0.00506991 0.999987 0.000188 -0.00527578 -0.00397314 -0.000208144 0.999992 0.878428
0.999979 0.00506491 0.00396723 -0.00518462 -0.00506565 0.999987 0.000178857 -0.00526994 -0.00396627 -0.00019895 0.999992 0.878428
0.999979 0.00506491 0.00396723 -0.00518462 -0.00506565 0.999987 0.000178857 -0.00526994 -0.00396627 -0.00019895 0.999992 0.878428
0.999979 0.00506491 0.00396723 -0.00518462 -0.00506565 0.999987 0.000178857 -0.00526994 -0.00396627 -0.00019895 0.999992 0.878428
0.999979 0.00507393 0.00397188 -0.00518262 -0.00507469 0.999987 0.000182248 -0.00526669 -0.0039709 -0.0002024 0.999992 0.878434
0.999979 0.00507393 0.00397188 -0.00518262 -0.00507469 0.999987 0.000182248 -0.00526669 -0.0039709 -0.0002024 0.999992 0.878434
0.999979 0.00507393 0.00397188 -0.00518262 -0.00507469 0.999987 0.000182248 -0.00526669 -0.0039709 -0.0002024 0.999992 0.878434
0.999979 0.00508429 0.00392133 -0.00517397 -0.00508499 0.999987 0.000169776 -0.00527859 -0.00392042 -0.000189713 0.999992 0.878344
0.999979 0.00508853 0.003928 -0.00518151 -0.00508927 0.999987 0.000178701 -0.00528435 -0.00392704 -0.000198688 0.999992 0.878344
0.999979 0.00507822 0.00397885 -0.00519048 -0.00507902 0.999987 0.000191492 -0.00527244 -0.00397782 -0.000211696 0.999992 0.878434
0.999979 0.00507393 0.00397188 -0.00518262 -0.00507469 0.999987 0.000182248 -0.00526669 -0.0039709 -0.0002024 0.999992 0.878434
0.999979 0.00507298 0.00393569 -0.00512276 -0.00507368 0.999987 0.000167825 -0.00526769 -0.00393478 -0.00018779 0.999992 0.878432
0.999979 0.00507393 0.00397188 -0.00518262 -0.00507469 0.999987 0.000182248 -0.00526669 -0.0039709 -0.0002024 0.999992 0.878434
0.999979 0.00508771 0.00391866 -0.0051746 -0.00508848 0.999987 0.000186596 -0.00526318 -0.00391766 -0.000206532 0.999992 0.878357
0.999979 0.00507822 0.00397885 -0.00519048 -0.00507902 0.999987 0.000191492 -0.00527244 -0.00397782 -0.000211696 0.999992 0.878434
0.999979 0.00509224 0.00391557 -0.00517633 -0.00509301 0.999987 0.000187556 -0.00526292 -0.00391457 -0.000207494 0.999992 0.87836
0.999979 0.00508296 0.00397381 -0.00519334 -0.0050837 0.999987 0.000178291 -0.00528963 -0.00397286 -0.000198489 0.999992 0.878422
0.999979 0.00507874 0.0039669 -0.00518545 -0.00507945 0.999987 0.000169161 -0.0052838 -0.00396599 -0.000189307 0.999992 0.878421
0.999979 0.00509668 0.00395241 -0.00519763 -0.00509739 0.999987 0.000171821 -0.00527904 -0.00395149 -0.000191964 0.999992 0.878366
0.999979 0.00509668 0.00395241 -0.00519763 -0.00509739 0.999987 0.000171821 -0.00527904 -0.00395149 -0.000191964 0.999992 0.878366
0.999979 0.00508296 0.00397381 -0.00519334 -0.0050837 0.999987 0.000178291 -0.00528963 -0.00397286 -0.000198489 0.999992 0.878422
0.999979 0.00510214 0.00394924 -0.0051977 -0.00510292 0.999987 0.000187872 -0.00526538 -0.00394823 -0.000208021 0.999992 0.878376
0.999979 0.00508296 0.00397381 -0.00519334 -0.0050837 0.999987 0.000178291 -0.00528963 -0.00397286 -0.000198489 0.999992 0.878422
0.999979 0.00508275 0.00396237 -0.00517847 -0.00508345 0.999987 0.000166979 -0.00528069 -0.00396147 -0.000187118 0.999992 0.87842
0.999979 0.00508275 0.00396237 -0.00517847 -0.00508345 0.999987 0.000166979 -0.00528069 -0.00396147 -0.000187118 0.999992 0.87842
0.999978 0.00514248 0.00413602 -0.00509238 -0.00514278 0.999987 6.21564e-05 -0.00529555 -0.00413564 -8.34257e-05 0.999991 0.878901
0.999979 0.00530217 0.00376981 -0.00543629 -0.00530161 0.999986 -0.000158074 -0.00518616 -0.00377059 0.000138085 0.999993 0.888318
0.99998 0.00495766 0.00398708 -0.00490393 -0.00496147 0.999987 0.000946845 -0.00558633 -0.00398234 -0.000966607 0.999992 0.905608
0.99998 0.00502899 0.00372335 -0.00482176 -0.00503273 0.999987 0.000995222 -0.00558263 -0.0037183 -0.00101394 0.999993 0.929708
0.99998 0.00485838 0.00413968 -0.00467345 -0.00486203 0.999988 0.000870359 -0.00599649 -0.0041354 -0.000890468 0.999991 0.957479
0.999979 0.00493699 0.00421425 -0.00480171 -0.00493989 0.999988 0.00067803 -0.00562304 -0.00421085 -0.000698833 0.999991 0.980949
0.999979 0.00504339 0.00415149 -0.00476753 -0.00504653 0.999987 0.000745409 -0.0052134 -0.00414768 -0.000766344 0.999991 1.00645
0.999977 0.00481797 0.00473035 -0.00510425 -0.00482649 0.999987 0.00179193 -0.00749045 -0.00472165 -0.00181472 0.999987 1.03488
0.999977 0.00483101 0.00469814 -0.00482007 -0.00483971 0.999987 0.0018434 -0.00683525 -0.00468917 -0.00186609 0.999987 1.06794
0.999977 0.00481053 0.00483239 -0.00401481 -0.00481908 0.999987 0.00176004 -0.0067924 -0.00482386 -0.00178329 0.999987 1.10145
0.999976 0.00477123 0.00494405 -0.00462219 -0.00477924 0.999987 0.00161041 -0.00728564 -0.0049363 -0.001634 0.999986 1.13669
0.999974 0.00520465 0.00500116 -0.0040412 -0.00521364 0.999985 0.00178526 -0.00757295 -0.0049918 -0.00181129 0.999986 1.16419
0.999964 0.00472118 0.00702782 -0.00797148 -0.00474061 0.999985 0.00275017 -0.00954129 -0.00701473 -0.00278339 0.999972 1.18632
0.999962 0.00478328 0.00723226 -0.00788126 -0.00480428 0.999984 0.00288916 -0.00923813 -0.00721832 -0.00292379 0.99997 1.21012
0.999962 0.00466681 0.00741367 -0.00748369 -0.00468767 0.999985 0.00279796 -0.00904909 -0.00740051 -0.00283261 0.999969 1.23894
0.999962 0.00478317 0.00734311 -0.0073169 -0.00480386 0.999985 0.00280184 -0.00911707 -0.0073296 -0.00283701 0.999969 1.2707
0.999963 0.00459759 0.00725693 -0.00703457 -0.00461965 0.999985 0.0030259 -0.00852077 -0.00724291 -0.00305931 0.999969 1.30339
0.999964 0.00532413 0.00661584 -0.0061459 -0.00533477 0.999985 0.00159134 -0.0077988 -0.00660727 -0.00162658 0.999977 1.33088
0.999964 0.00532417 0.00659747 -0.00595996 -0.00533427 0.999985 0.00151362 -0.00746236 -0.00658931 -0.00154876 0.999977 1.35046
0.999965 0.00512396 0.0065643 -0.00619849 -0.00513504 0.999985 0.00167152 -0.00779066 -0.00655563 -0.00170517 0.999977 1.37308
0.999963 0.00528255 0.00674757 -0.00555843 -0.00529374 0.999985 0.00164147 -0.00791036 -0.00673879 -0.00167713 0.999976 1.39984
0.999963 0.00533512 0.00668001 -0.00501871 -0.00534703 0.999984 0.00176564 -0.0078214 -0.00667048 -0.00180129 0.999976 1.43144
0.999957 0.00534773 0.00762669 -0.00624432 -0.00537202 0.999981 0.00316821 -0.0090802 -0.0076096 -0.00320904 0.999966 1.46489
0.99996 0.00522225 0.00722441 -0.00616082 -0.00524399 0.999982 0.00299342 -0.00882865 -0.00720865 -0.00303118 0.999969 1.49084
0.999954 0.00596013 0.00753991 -0.00605034 -0.00598334 0.999977 0.00305973 -0.00828873 -0.00752151 -0.0031047 0.999967 1.51077
0.999959 0.00498998 0.0075068 -0.00581858 -0.00501086 0.999984 0.00276519 -0.00879851 -0.00749288 -0.00280269 0.999968 1.5333
0.99996 0.00482824 0.00757589 -0.00593073 -0.00485055 0.999984 0.00292939 -0.00866742 -0.00756162 -0.00296601 0.999967 1.56093
0.999964 0.00508755 0.00677451 -0.00433158 -0.00509845 0.999986 0.00159303 -0.00839151 -0.00676631 -0.00162751 0.999976 1.59034
0.999966 0.0051042 0.00653114 -0.00413798 -0.00511489 0.999986 0.00162085 -0.00815872 -0.00652277 -0.0016542 0.999977 1.62343
0.999966 0.00506454 0.00649058 -0.00404113 -0.00507306 0.999986 0.00129574 -0.00846945 -0.00648393 -0.00132862 0.999978 1.6591
0.999962 0.00534603 0.00685397 -0.00354042 -0.00535526 0.999985 0.00132809 -0.00798409 -0.00684677 -0.00136474 0.999976 1.69618
0.999965 0.00498334 0.00671193 -0.00390348 -0.00499044 0.999987 0.00104145 -0.00823422 -0.00670665 -0.00107491 0.999977 1.73435
0.999955 0.00581961 0.00745126 -0.00463968 -0.00583511 0.999981 0.00206001 -0.00905798 -0.00743913 -0.00210339 0.99997 1.77008
0.999957 0.00555225 0.00744368 -0.00440037 -0.00556604 0.999983 0.00183365 -0.00907388 -0.00743337 -0.001875 0.999971 1.80828
0.999958 0.00570072 0.00711296 -0.00411918 -0.00571381 0.999982 0.0018212 -0.0087426 -0.00710245 -0.00186177 0.999973 1.83882
0.999959 0.00556818 0.00714591 -0.00382631 -0.00558013 0.999983 0.00165415 -0.00932325 -0.00713658 -0.00169396 0.999973 1.86093
0.999962 0.00530249 0.00695285 -0.00405346 -0.00531577 0.999984 0.00189376 -0.0089044 -0.0069427 -0.00193065 0.999974 1.88519
0.999959 0.00415011 0.00801097 -0.00464005 -0.00416455 0.99999 0.00178592 -0.0096431 -0.00800347 -0.00181921 0.999966 1.91271
0.999957 0.0045523 0.00807457 -0.0046314 -0.00456507 0.999988 0.00156362 -0.00938422 -0.00806736 -0.00160041 0.999966 1.94465
0.999959 0.00426548 0.00801468 -0.00429501 -0.00427847 0.99999 0.00160498 -0.00970807 -0.00800775 -0.00163921 0.999967 1.9788
0.999959 0.00374054 0.00821681 -0.00429755 -0.00375539 0.999991 0.00179177 -0.00949289 -0.00821003 -0.00182256 0.999965 2.01403
0.99996 0.00356414 0.00815474 -0.00394556 -0.00357781 0.999992 0.00166277 -0.00927423 -0.00814875 -0.00169188 0.999965 2.04264
0.999953 0.00186682 0.00951158 -0.00393014 -0.00187716 0.999998 0.00107895 -0.00781757 -0.00950954 -0.00109675 0.999954 2.07145
0.99996 0.000973508 0.00887072 -0.00468684 -0.000982536 0.999999 0.00101352 -0.00748426 -0.00886973 -0.0010222 0.99996 2.10269
0.999953 0.00139228 0.00960073 -0.00346649 -0.00140439 0.999998 0.00125401 -0.00800637 -0.00959897 -0.00126743 0.999953 2.13813
0.999954 0.00161425 0.00943136 -0.0037914 -0.00163214 0.999997 0.00188924 -0.00750702 -0.00942828 -0.00190455 0.999954 2.17475
0.999959 0.00144713 0.00888891 -0.00333211 -0.00145769 0.999998 0.00118158 -0.00783219 -0.00888718 -0.00119449 0.99996 2.21171
0.999966 0.00289742 0.00773887 0.000185613 -0.00292999 0.999987 0.00420108 -0.0110215 -0.0077266 -0.00422362 0.999961 2.24901
0.999967 0.00272767 0.00765439 0.000602263 -0.00275864 0.999988 0.00403735 -0.0108098 -0.00764329 -0.00405834 0.999963 2.28725
0.999968 0.00247446 0.00755213 0.000332689 -0.00250034 0.999991 0.00341906 -0.0109156 -0.0075436 -0.00343783 0.999966 2.3267
0.999968 0.00191046 0.00780995 0.000683918 -0.00194054 0.999991 0.00384649 -0.0105631 -0.00780253 -0.00386152 0.999962 2.36578
0.99995 0.00318207 0.00946002 -0.000926511 -0.00320416 0.999992 0.00232111 -0.00899272 -0.00945256 -0.00235131 0.999953 2.40432
0.999947 0.00319395 0.00975646 -0.000701541 -0.00321783 0.999992 0.0024326 -0.0087692 -0.00974861 -0.00246386 0.999949 2.43548
0.999946 0.00331247 0.00987816 -0.000384828 -0.003332 0.999993 0.00196141 -0.00852665 -0.00987159 -0.00199422 0.999949 2.4665
0.999951 0.00313637 0.00940058 -0.000491976 -0.00315564 0.999993 0.00203661 -0.00827992 -0.00939412 -0.00206617 0.999954 2.49989
0.999952 0.00261736 0.00939635 0.000184453 -0.00263496 0.999995 0.00186145 -0.00886062 -0.00939143 -0.00188612 0.999954 2.53607
0.999961 0.00360001 0.00807765 0.00162296 -0.00362159 0.99999 0.002659 -0.00973357 -0.008068 -0.00268815 0.999964 2.57367
0.99996 0.00355424 0.00822434 0.00133654 -0.00357484 0.999991 0.00249227 -0.00955286 -0.00821541 -0.00252157 0.999963 2.61057
0.999959 0.00352317 0.00834693 0.00130645 -0.00354549 0.99999 0.00266036 -0.00901358 -0.00833747 -0.00268985 0.999962 2.64049
0.999961 0.00326714 0.0082435 0.00216479 -0.00328712 0.999992 0.00241084 -0.00948444 -0.00823556 -0.00243785 0.999963 2.67038
0.999959 0.00361874 0.00834582 0.00191593 -0.00363777 0.999991 0.00226634 -0.0100475 -0.00833754 -0.0022966 0.999963 2.70282
0.999966 0.00458916 0.00683032 0.0037881 -0.00460336 0.999987 0.0020639 -0.00977592 -0.00682076 -0.00209527 0.999975 2.73984
0.999967 0.00444877 0.00676395 0.0038944 -0.00446327 0.999988 0.00213016 -0.00947985 -0.0067544 -0.00216028 0.999975 2.77631
0.99997 0.00414395 0.0065027 0.00152994 -0.00415763 0.999989 0.0020927 -0.00858049 -0.00649396 -0.00211968 0.999977 2.81062
0.999967 0.00426667 0.00685942 0.00403516 -0.00428171 0.999988 0.00217932 -0.00960629 -0.00685005 -0.00220862 0.999974 2.84158
0.999963 0.00528076 0.0068114 0.0040084 -0.00529446 0.999984 0.00199542 -0.00930139 -0.00680075 -0.00203141 0.999975 2.86363
0.999963 0.00484957 0.0071275 0.00347247 -0.00486048 0.999987 0.00151335 -0.00902968 -0.00712007 -0.00154794 0.999973 2.88732
0.999962 0.00490573 0.0071377 0.00343785 -0.0049175 0.999987 0.0016321 -0.00896574 -0.0071296 -0.00166714 0.999973 2.91582
0.999962 0.00471269 0.00734723 0.00408568 -0.0047267 0.999987 0.00189125 -0.00892377 -0.00733822 -0.00192591 0.999971 2.94811
0.999964 0.00462679 0.00712859 0.00403831 -0.00463742 0.999988 0.00147485 -0.00878288 -0.00712168 -0.00150785 0.999974 2.98164
0.999962 0.00444972 0.00745403 0.00384997 -0.00446384 0.999988 0.00187884 -0.00854515 -0.00744558 -0.00191205 0.99997 3.01683
0.999952 0.00333394 0.00926044 0.00408391 -0.00334859 0.999993 0.00156669 -0.00812492 -0.00925515 -0.00159762 0.999956 3.0463
0.99997 0.00439927 0.00642722 0.00473646 -0.00440669 0.99999 0.00114016 -0.00794328 -0.00642214 -0.00116845 0.999979 3.07903
0.999961 0.00304764 0.00828343 0.0051166 -0.00305772 0.999995 0.00120404 -0.00806954 -0.00827971 -0.00122932 0.999965 3.10747
0.999959 0.00331224 0.00845079 0.00529244 -0.00332778 0.999993 0.00182548 -0.00752884 -0.00844468 -0.00185352 0.999963 3.14196
0.999964 0.00224915 0.00821769 0.00616506 -0.00225918 0.999997 0.00121119 -0.00799943 -0.00821494 -0.00122971 0.999966 3.17666
0.999953 0.00292059 0.0092786 0.00620049 -0.00294359 0.999993 0.00246574 -0.00809013 -0.00927133 -0.00249294 0.999954 3.21462
0.99995 0.0032667 0.00941185 0.00609089 -0.00328952 0.999992 0.00241066 -0.00785054 -0.0094039 -0.0024415 0.999953 3.24384
0.999959 0.00306677 0.00856413 0.00704565 -0.00308381 0.999993 0.00197666 -0.00780972 -0.00855801 -0.00200299 0.999961 3.27478
0.999955 0.00289209 0.00902374 0.00719316 -0.00291392 0.999993 0.00240712 -0.00750971 -0.00901672 -0.0024333 0.999956 3.30631
0.999957 0.0031334 0.0087746 0.00669494 -0.00315139 0.999993 0.00203647 -0.00765399 -0.00876816 -0.00206403 0.999959 3.34085
0.999951 0.00327284 0.00932543 0.00748042 -0.00328842 0.999993 0.00165588 -0.00739038 -0.00931995 -0.00168646 0.999955 3.37629
0.99995 0.00304502 0.00956093 0.00777004 -0.00305901 0.999994 0.00144887 -0.007151 -0.00955647 -0.00147804 0.999953 3.41275
0.999951 0.00324089 0.00934902 0.0079202 -0.00325562 0.999993 0.00156048 -0.00701097 -0.00934391 -0.00159084 0.999955 3.44233
0.999951 0.0028786 0.00950621 0.00818078 -0.0028908 0.999995 0.00127045 -0.00723518 -0.00950251 -0.00129786 0.999954 3.47271
0.999952 0.0021127 0.00961647 0.00883506 -0.0021272 0.999997 0.00149819 -0.0074499 -0.00961327 -0.00151858 0.999953 3.50571
0.99995 0.00300726 0.0095688 0.00805703 -0.00301796 0.999995 0.00110384 -0.00689037 -0.00956543 -0.00113267 0.999954 3.5401
0.999945 0.0034131 0.00994614 0.00915744 -0.00342587 0.999993 0.00126669 -0.00741718 -0.00994175 -0.00130069 0.99995 3.57666
0.999949 0.00262432 0.00973011 0.00870049 -0.00263327 0.999996 0.000907535 -0.00703296 -0.00972769 -0.000933111 0.999952 3.61294
0.99995 0.00259123 0.00966513 0.00893709 -0.00260203 0.999996 0.00110446 -0.00661486 -0.00966223 -0.00112955 0.999953 3.6428
0.99995 0.00282799 0.00963908 0.00919049 -0.00283401 0.999996 0.000610649 -0.00700668 -0.00963731 -0.000637936 0.999953 3.67212
0.999949 0.00337032 0.00950003 0.00867043 -0.00337784 0.999994 0.000775819 -0.00614672 -0.00949736 -0.000807869 0.999955 3.70751
0.999946 0.00357543 0.00974533 0.00879252 -0.00358406 0.999993 0.000867948 -0.00597136 -0.00974216 -0.000902829 0.999952 3.74242
0.999947 0.00469859 0.00921063 0.0082695 -0.00469967 0.999989 9.62169e-05 -0.00572335 -0.00921007 -0.000139499 0.999958 3.77783
0.999966 0.00401755 0.00725368 0.00562091 -0.00404452 0.999985 0.00370744 -0.00172565 -0.00723868 -0.00373665 0.999967 3.80553
0.999963 0.00344104 0.00785744 0.00655905 -0.00346365 0.99999 0.0028654 -0.00257874 -0.0078475 -0.00289251 0.999965 3.82639
0.999956 0.00380988 0.00853752 0.00728247 -0.00382536 0.999991 0.00179848 -0.00341633 -0.0085306 -0.00183106 0.999962 3.84981
0.999957 0.0040308 0.0083361 0.00720605 -0.0040407 0.999991 0.0011715 -0.00382262 -0.00833131 -0.00120513 0.999965 3.87839
0.999959 0.00368602 0.00821136 0.00755551 -0.00369875 0.999992 0.00153557 -0.00364883 -0.00820563 -0.00156588 0.999965 3.91022
0.999962 0.00360994 0.00795055 0.0075478 -0.00361808 0.999993 0.00100981 -0.00405312 -0.00794685 -0.00103853 0.999968 3.9443
0.999962 0.00358538 0.00797233 0.00764158 -0.00359574 0.999993 0.0012853 -0.00372199 -0.00796766 -0.00131392 0.999967 3.97877
0.999962 0.00410025 0.00766319 0.00707328 -0.00411002 0.999991 0.00125926 -0.00342804 -0.00765795 -0.00129071 0.99997 4.00649
0.999962 0.00354535 0.00794942 0.00771893 -0.0035502 0.999994 0.000596432 -0.00428292 -0.00794726 -0.000624632 0.999968 4.02721
0.999963 0.00375449 0.00774093 0.00752027 -0.0037553 0.999993 9.07615e-05 -0.00475549 -0.00774053 -0.000119828 0.99997 4.04193
0.999962 0.00374648 0.00790116 0.00820478 -0.0037523 0.999993 0.000722185 -0.00406922 -0.00789839 -0.000751804 0.999969 4.05149
0.999967 0.00376191 0.00719338 0.00730839 -0.0037635 0.999993 0.000207572 -0.00483928 -0.00719255 -0.000234638 0.999974 4.05952
0.999965 0.00368304 0.00756289 0.00773017 -0.00368618 0.999993 0.000400936 -0.00471786 -0.00756136 -0.0004288 0.999971 4.06472
0.99996 0.00360456 0.00814779 0.00782772 -0.00361352 0.999993 0.00108482 -0.00305954 -0.00814382 -0.00111422 0.999966 4.06913
0.999959 0.00354019 0.00839303 0.00840993 -0.00354816 0.999993 0.000934568 -0.00341396 -0.00838966 -0.000964309 0.999964 4.07174
0.999962 0.00351884 0.00798833 0.00780255 -0.00353078 0.999993 0.00148191 -0.00329253 -0.00798306 -0.00151006 0.999967 4.07369
0.999961 0.00303486 0.00827227 0.00834728 -0.00304811 0.999994 0.00158973 -0.00323918 -0.0082674 -0.00161488 0.999965 4.07528
0.999958 0.00355396 0.00839962 0.00834156 -0.00357224 0.999991 0.00216206 -0.00292159 -0.00839186 -0.00219198 0.999962 4.07646
0.999963 0.00311963 0.007973 0.00791694 -0.00313347 0.999994 0.00172355 -0.00331026 -0.00796757 -0.00174847 0.999967 4.07717
0.999962 0.00353128 0.00796945 0.0078289 -0.00354568 0.999992 0.00179365 -0.00318539 -0.00796305 -0.00182184 0.999967 4.07782
0.999959 0.00359277 0.00832314 0.00803003 -0.00360482 0.999992 0.0014332 -0.00330473 -0.00831793 -0.00146315 0.999964 4.07817
0.999962 0.00369394 0.00785716 0.00774806 -0.00370535 0.999992 0.00143838 -0.00327688 -0.00785179 -0.00146744 0.999968 4.07833
0.999964 0.00376067 0.00763889 0.0075343 -0.00376993 0.999992 0.00119786 -0.00351743 -0.00763433 -0.00122662 0.99997 4.07835
0.999962 0.00353311 0.0080024 0.00790567 -0.00354607 0.999992 0.00160593 -0.00325795 -0.00799667 -0.00163424 0.999967 4.07795
0.999962 0.00313753 0.00814019 0.00804554 -0.00314803 0.999994 0.00127745 -0.00355462 -0.00813613 -0.00130303 0.999966 4.06694
0.999966 0.0034577 0.00752834 0.0071707 -0.00347059 0.999993 0.00170005 -0.00333766 -0.00752241 -0.00172612 0.99997 4.04459
0.999964 0.0032361 0.00790225 0.00748053 -0.00324952 0.999993 0.00168612 -0.00345448 -0.00789674 -0.00171174 0.999967 4.01489
0.999965 0.00323416 0.00770433 0.00724789 -0.00324894 0.999993 0.00190742 -0.00341138 -0.00769811 -0.00193238 0.999969 3.97907
0.999964 0.00320675 0.00790431 0.00727447 -0.00322007 0.999993 0.00167301 -0.00384478 -0.0078989 -0.00169841 0.999967 3.94073
0.999961 0.0032075 0.00824306 0.00756646 -0.00322361 0.999993 0.00194119 -0.00381632 -0.00823677 -0.00196768 0.999964 3.90956
0.999966 0.00374927 0.00739157 0.00628145 -0.00376684 0.99999 0.00236426 -0.0032328 -0.00738263 -0.00239202 0.99997 3.88734
0.999958 0.00417441 0.00810192 0.00708619 -0.00418822 0.99999 0.00168722 -0.00316084 -0.00809479 -0.00172109 0.999966 3.8793
0.999959 0.0038779 0.00815411 0.00703073 -0.00388989 0.999991 0.00145564 -0.00365074 -0.00814839 -0.00148729 0.999966 3.88577
0.999962 0.00312378 0.00813926 0.00736302 -0.00313829 0.999994 0.00177104 -0.00359226 -0.00813367 -0.00179651 0.999965 3.90125
0.999958 0.00395034 0.00823621 0.00746624 -0.00395722 0.999992 0.000819366 -0.00389525 -0.0082329 -0.000851924 0.999966 3.92274
0.999958 0.00374137 0.00840982 0.00768995 -0.0037519 0.999992 0.00123621 -0.00372402 -0.00840512 -0.00126771 0.999964 3.94116
0.999958 0.00408283 0.00826172 0.00759724 -0.00409032 0.999991 0.00089013 -0.00405169 -0.00825801 -0.000923886 0.999965 3.95428
0.999968 0.00387737 0.00696109 0.007782 -0.00388153 0.999992 0.000584805 -0.00443923 -0.00695877 -0.000611806 0.999976 3.96385
0.9999 0.00365183 -0.0136547 0.00440478 -0.00363726 0.999993 0.00109202 -0.00392195 0.0136585 -0.00104225 0.999906 3.96937
0.998825 0.00363535 -0.0483181 -0.00148856 -0.00362276 0.999993 0.000348224 -0.00439429 0.0483191 -0.00017277 0.998832 3.97166
0.996047 0.00333582 -0.0887674 -0.00667329 -0.00321205 0.999994 0.00153717 -0.00361011 0.088772 -0.00124596 0.996051 3.97212
0.990914 0.0032977 -0.134454 -0.0133981 -0.00304766 0.999993 0.00206543 -0.00312767 0.13446 -0.0016369 0.990918 3.97105
0.983388 0.00423021 -0.181469 -0.0211122 -0.00396546 0.99999 0.00182176 -0.00366809 0.181475 -0.00107189 0.983395 3.96847
0.977756 0.00406399 -0.209708 -0.0246979 -0.00384644 0.999992 0.00144524 -0.00403262 0.209712 -0.000606467 0.977763 3.96748
0.974412 0.00409185 -0.224731 -0.0270973 -0.00360865 0.99999 0.00256082 -0.00323796 0.22474 -0.00168432 0.974417 3.96686
0.972766 0.00406198 -0.231752 -0.0275392 -0.00350813 0.99999 0.0028019 -0.00297114 0.231761 -0.00191258 0.972771 3.96707
0.971785 0.00397408 -0.235836 -0.027903 -0.00345552 0.999991 0.00261206 -0.00262991 0.235844 -0.00172342 0.971789 3.96646
0.971239 0.00407432 -0.238071 -0.0284758 -0.0035504 0.99999 0.00262941 -0.00281142 0.23808 -0.00170854 0.971244 3.96664
0.971051 0.00397474 -0.238838 -0.0280915 -0.00327683 0.999989 0.0033191 -0.00233213 0.238848 -0.00244038 0.971054 3.96706
0.970876 0.00384828 -0.239553 -0.0283091 -0.00296335 0.999987 0.00405421 -0.00161329 0.239565 -0.00322626 0.970875 3.96721
0.970418 0.00444772 -0.241389 -0.028738 -0.0037569 0.999987 0.00332203 -0.00219637 0.2414 -0.00231688 0.970423 3.96673
0.965391 0.00403828 -0.260776 -0.0314056 -0.00357789 0.999991 0.00224018 -0.00318439 0.260782 -0.00122963 0.965397 3.96526
0.95559 0.00458311 -0.294664 -0.0365132 -0.00390863 0.999988 0.00287788 -0.00263076 0.294674 -0.00159834 0.955596 3.96187
0.942187 0.00458998 -0.335055 -0.041718 -0.00349182 0.999986 0.00387986 -0.00221659 0.335068 -0.00248561 0.942191 3.95725
0.926762 0.00417578 -0.375625 -0.0464446 -0.0031949 0.99999 0.00323415 -0.00228749 0.375635 -0.00179721 0.926766 3.95225
0.915588 0.00363928 -0.402102 -0.0493285 -0.00273041 0.999992 0.00283343 -0.00321538 0.402109 -0.00149635 0.91559 3.94951
0.908624 0.00431273 -0.417593 -0.0512067 -0.00302351 0.999988 0.00374874 -0.00230794 0.417604 -0.00214359 0.908627 3.94716
0.896541 0.00420019 -0.442941 -0.0547008 -0.0029987 0.99999 0.00341285 -0.00261811 0.44295 -0.00173152 0.896544 3.94352
0.879122 0.00398991 -0.476579 -0.0584735 -0.00253992 0.99999 0.00368663 -0.00242209 0.476589 -0.00203053 0.879124 3.93924
0.856891 0.00401419 -0.515482 -0.0634638 -0.00225857 0.999989 0.00403273 -0.00190775 0.515493 -0.00229136 0.856891 3.93244
0.831524 0.00458513 -0.555471 -0.0680651 -0.00270279 0.999987 0.0042084 -0.00203119 0.555483 -0.00199807 0.831526 3.92608
0.804886 0.0042143 -0.593414 -0.0718316 -0.00207488 0.999989 0.00428741 -0.00210297 0.593425 -0.00221961 0.804886 3.92013
0.787139 0.00367268 -0.616764 -0.07365 -0.00163203 0.999991 0.00387183 -0.00218402 0.616773 -0.00204109 0.787138 3.9157
0.776891 0.00378247 -0.629623 -0.0749338 -0.00156404 0.99999 0.00407758 -0.0022219 0.629633 -0.00218308 0.77689 3.91352
0.759034 0.0038811 -0.65104 -0.0777495 -0.00167112 0.999991 0.004013 -0.00248934 0.651049 -0.00195804 0.759033 3.90995
0.733121 0.00396068 -0.680087 -0.0800717 -0.00177843 0.999991 0.00390662 -0.00260117 0.680096 -0.00165454 0.733121 3.90445
0.702934 0.00410087 -0.711243 -0.0832364 -0.00175245 0.99999 0.00403374 -0.00264789 0.711253 -0.00158904 0.702935 3.89778
0.668963 0.00402531 -0.743285 -0.0855747 -0.0014805 0.999991 0.00408306 -0.0027985 0.743294 -0.00163098 0.668963 3.89084
0.63346 0.00375105 -0.773766 -0.0880483 -0.000697571 0.999991 0.00427666 -0.00247185 0.773775 -0.00216933 0.633457 3.88351
0.609525 0.00378978 -0.792758 -0.0889652 -0.00145532 0.999992 0.00366152 -0.0028467 0.792766 -0.00107807 0.609526 3.87842
0.581398 0.00377021 -0.813611 -0.090184 -0.00135534 0.999992 0.00366538 -0.00288912 0.813618 -0.00102833 0.581398 3.87259
0.546761 0.00367992 -0.837281 -0.0917838 -0.00138592 0.999993 0.00349002 -0.0028025 0.837288 -0.000747804 0.546762 3.86602
0.507296 0.00400975 -0.861763 -0.0935513 -0.000586551 0.999991 0.00430763 -0.0028875 0.861772 -0.00167978 0.507294 3.85915
0.465496 0.00363224 -0.885043 -0.0939453 -0.000448401 0.999992 0.00386816 -0.00303983 0.88505 -0.00140376 0.465494 3.85117
0.423096 0.00330719 -0.906079 -0.0944805 0.000410398 0.999993 0.00384161 -0.00319258 0.906085 -0.00199722 0.423091 3.84354
0.395044 0.00338537 -0.918656 -0.0947025 0.000467904 0.999992 0.00388631 -0.00306545 0.918662 -0.00196511 0.395039 3.83886
0.362319 0.00343536 -0.932048 -0.0947881 0.000481123 0.999992 0.00387282 -0.00337097 0.932054 -0.00185163 0.362315 3.83312
0.322413 0.00351431 -0.946593 -0.0947882 0.00058245 0.999992 0.00391094 -0.00323714 0.946599 -0.00181228 0.322409 3.82599
0.278452 0.00345215 -0.960444 -0.0942419 0.000951552 0.999992 0.00387017 -0.00335277 0.96045 -0.00199157 0.278447 3.81864
0.23328 0.00332206 -0.972404 -0.0927462 0.00103589 0.999993 0.00366482 -0.00345145 0.972409 -0.00186224 0.233275 3.81117
0.20532 0.00335394 -0.978689 -0.0920027 0.00108123 0.999993 0.00365378 -0.00320452 0.978694 -0.00180839 0.205315 3.80663
0.189002 0.00344374 -0.981971 -0.0918413 0.00125692 0.999992 0.00374886 -0.00321393 0.981976 -0.0019428 0.188996 3.80405
0.161485 0.00338128 -0.986869 -0.0907782 0.00161991 0.999992 0.00369131 -0.00321154 0.986874 -0.00219473 0.161478 3.79985
0.122945 0.00346159 -0.992407 -0.0891809 0.00103289 0.999993 0.00361601 -0.00330872 0.992413 -0.00146961 0.12294 3.79339
0.0801506 0.00333333 -0.996777 -0.0872051 0.00204544 0.999992 0.00350855 -0.00339141 0.996781 -0.00232006 0.0801431 3.78702
0.0333223 0.00321562 -0.999439 -0.0846676 0.00196518 0.999993 0.00328292 -0.0034347 0.999443 -0.00207348 0.0333157 3.77971
-0.0145667 0.00396302 -0.999886 -0.0823004 0.00156602 0.999991 0.00394062 -0.00349526 0.999893 -0.00150844 -0.0145727 3.77278
-0.044719 0.00363163 -0.998993 -0.080247 0.00257605 0.99999 0.00351994 -0.00347501 0.998996 -0.00241605 -0.044728 3.76822
-0.0798061 0.00381984 -0.996803 -0.0781394 0.00271792 0.99999 0.00361445 -0.00366133 0.996807 -0.00242078 -0.0798157 3.76324
-0.121855 0.00342007 -0.992542 -0.0748266 0.00246088 0.999992 0.00314362 -0.0034598 0.992545 -0.00205946 -0.121862 3.75719
-0.167237 0.00351516 -0.98591 -0.0711905 0.0026904 0.999992 0.003109 -0.00345152 0.985913 -0.00213255 -0.167245 3.75064
-0.214847 0.00342137 -0.976642 -0.066828 0.00342103 0.99999 0.00275059 -0.00355989 0.976642 -0.00275016 -0.214856 3.74437
-0.260501 0.00352564 -0.965467 -0.0626502 0.00377415 0.999989 0.00263337 -0.00369784 0.965466 -0.00295782 -0.260512 3.73803
-0.288714 0.00363802 -0.957408 -0.0600272 0.00357761 0.99999 0.00272097 -0.00380716 0.957409 -0.00263965 -0.288724 3.73405
-0.303454 0.00372454 -0.952839 -0.0673453 0.00358518 0.99999 0.00276706 -0.00382488 0.952839 -0.00257643 -0.303465 3.72962
-0.310875 0.00363548 -0.950444 -0.0834776 0.00420477 0.999988 0.00244968 -0.00379437 0.950441 -0.00323486 -0.310887 3.72367
-0.314715 0.00353187 -0.949179 -0.105903 0.00373103 0.99999 0.00248385 -0.00379755 0.949179 -0.00275972 -0.314726 3.71581
-0.316782 0.00374884 -0.948491 -0.133053 0.00321147 0.999991 0.00287981 -0.00366594 0.948493 -0.00213378 -0.316791 3.70696
-0.318331 0.00368814 -0.947972 -0.163451 0.00350655 0.99999 0.00271302 -0.00355577 0.947973 -0.00246048 -0.318341 3.69656
-0.318735 0.00354939 -0.947837 -0.186797 0.00325979 0.999991 0.00264851 -0.00265041 0.947838 -0.00224558 -0.318744 3.68893
-0.319016 0.00355291 -0.947743 -0.20421 0.00321071 0.999991 0.00266803 -0.00274007 0.947744 -0.00219178 -0.319025 3.68312
-0.319157 0.00346459 -0.947695 -0.224866 0.0032374 0.999991 0.00256551 -0.00260584 0.947696 -0.00224927 -0.319166 3.67628
-0.319071 0.0035771 -0.947724 -0.250447 0.00328041 0.999991 0.00266996 -0.00270154 0.947725 -0.00225701 -0.31908 3.668
-0.319205 0.00372525 -0.947678 -0.279521 0.00321472 0.999991 0.00284808 -0.00230119 0.94768 -0.0021374 -0.319214 3.65789
-0.319188 0.00355906 -0.947685 -0.31075 0.00327461 0.999991 0.00265258 -0.00174228 0.947686 -0.00225663 -0.319197 3.64738
-0.318921 0.00336357 -0.947775 -0.335863 0.00351457 0.999991 0.00236625 -0.00186871 0.947775 -0.00257637 -0.31893 3.63912
-0.31895 0.00359923 -0.947765 -0.353288 0.00338748 0.999991 0.00265758 -0.00142103 0.947765 -0.0023629 -0.318959 3.633
-0.319055 0.0034152 -0.94773 -0.36663 0.00358203 0.999991 0.00239763 -0.00167643 0.947729 -0.00262982 -0.319064 3.62841
-0.319138 0.00358838 -0.947701 -0.384637 0.00351822 0.99999 0.0026016 -0.00136502 0.947702 -0.00250395 -0.319148 3.62232
-0.318932 0.00359367 -0.947771 -0.407969 0.003278 0.999991 0.00268861 -0.00102671 0.947772 -0.00224931 -0.318941 3.61484
-0.319206 0.00370809 -0.947678 -0.435871 0.00266086 0.999992 0.00301653 -0.000895844 0.947682 -0.00155874 -0.319213 3.60546
-0.319084 0.00358585 -0.94772 -0.465277 0.00264615 0.999992 0.00289271 -0.000882894 0.947723 -0.00158479 -0.319091 3.59545
-0.319128 0.00365178 -0.947705 -0.496951 0.00386546 0.999989 0.0025516 -0.000456718 0.947704 -0.00284902 -0.319139 3.58397
-0.319022 0.00371382 -0.94774 -0.522663 0.00329191 0.999991 0.00281047 -0.000597603 0.947741 -0.00222327 -0.319032 3.57553
-0.318941 0.00316096 -0.947769 -0.551385 0.00332175 0.999992 0.00221731 -0.00116991 0.947769 -0.00244106 -0.318949 3.56651
-0.318934 0.00315361 -0.947772 -0.581253 0.00346204 0.999992 0.00216236 -0.000958499 0.947771 -0.00259157 -0.318942 3.5564
-0.318845 0.00303893 -0.947802 -0.613454 0.00317579 0.999993 0.00213792 -0.000911819 0.947802 -0.00232835 -0.318852 3.54547
-0.319045 0.00303667 -0.947735 -0.647022 0.00361593 0.999991 0.00198685 -0.00077505 0.947733 -0.00279305 -0.319053 3.53361
-0.3189 0.00315764 -0.947783 -0.681655 0.0033755 0.999992 0.00219583 -0.000652443 0.947782 -0.00249899 -0.318908 3.52215
-0.320423 0.00316125 -0.947269 -0.708707 0.00320238 0.999992 0.00225397 -0.000498952 0.947269 -0.00231129 -0.320431 3.51265
-0.339024 0.00301355 -0.940773 -0.72562 0.00393634 0.999991 0.00178471 -0.000435125 0.94077 -0.00309814 -0.339032 3.50368
-0.371336 0.00306078 -0.928493 -0.735786 0.0034727 0.999992 0.00190762 -0.000293032 0.928492 -0.00251601 -0.371344 3.49415
-0.409796 0.00318408 -0.912172 -0.741336 0.00354723 0.999992 0.00189703 -0.000588629 0.91217 -0.00245829 -0.409804 3.48628
-0.451296 0.00320409 -0.892368 -0.743108 0.00361922 0.999992 0.00176018 -0.000477603 0.892367 -0.00243531 -0.451304 3.47853
-0.492819 0.00362882 -0.870124 -0.742916 0.00400136 0.99999 0.00190415 -0.00011298 0.870123 -0.00254328 -0.492829 3.47178
-0.518473 0.00347449 -0.855087 -0.742784 0.0039246 0.999991 0.00168364 -0.000242754 0.855085 -0.00248296 -0.518482 3.4678
-0.533144 0.00353307 -0.846017 -0.743463 0.00402385 0.999991 0.00164033 -0.000386661 0.846015 -0.00252971 -0.533153 3.46514
-0.556292 0.00338745 -0.83098 -0.741403 0.00398161 0.999991 0.00141096 -0.000292283 0.830977 -0.00252373 -0.556301 3.46207
-0.588152 0.00355651 -0.808743 -0.738187 0.00393297 0.999991 0.00153732 -0.000443911 0.808741 -0.00227659 -0.588161 3.45783
-0.62288 0.00338346 -0.78231 -0.732795 0.00408196 0.999991 0.00107484 -0.000552703 0.782307 -0.00252386 -0.622889 3.45418
-0.658776 0.00328036 -0.752332 -0.727398 0.00342526 0.999993 0.00136092 -0.000516689 0.752331 -0.00168039 -0.658783 3.45005
-0.693578 0.0035531 -0.720373 -0.720909 0.00394139 0.999992 0.00113748 -0.000702858 0.720371 -0.00205034 -0.693586 3.44665
-0.715534 0.00366714 -0.698569 -0.71662 0.00447939 0.99999 0.000661271 -0.00088213 0.698564 -0.002656 -0.715543 3.44484
-0.739354 0.00350629 -0.673307 -0.711656 0.00409184 0.999991 0.00071429 -0.000749656 0.673304 -0.00222695 -0.739362 3.44239
-0.767037 0.00355095 -0.641593 -0.705283 0.00423671 0.999991 0.000469471 -0.000682215 0.641589 -0.00235814 -0.767045 3.44016
-0.795743 0.00356672 -0.605624 -0.698365 0.00435784 0.99999 0.000163404 -0.000779895 0.605618 -0.00250919 -0.795751 3.43782
-0.823782 0.00376247 -0.566894 -0.69103 0.0045253 0.99999 6.0985e-05 -0.000960479 0.566888 -0.00251513 -0.823791 3.43632
-0.849857 0.00349151 -0.527002 -0.683392 0.00415766 0.999991 -7.95785e-05 -0.00110804 0.526997 -0.00225873 -0.849864 3.43451
-0.864972 0.00378649 -0.501806 -0.678793 0.00454769 0.99999 -0.000293287 -0.00100554 0.501799 -0.00253574 -0.86498 3.43396
-0.873179 0.00295704 -0.48739 -0.675978 0.00331148 0.999995 0.000134409 -0.00128467 0.487388 -0.00149662 -0.873184 3.43324
-0.886417 0.00310589 -0.462878 -0.671935 0.00344761 0.999994 0.000107699 -0.00126666 0.462876 -0.00150036 -0.886422 3.43295
-0.903882 0.00313567 -0.427771 -0.665267 0.00342661 0.999994 8.97861e-05 -0.00116009 0.427769 -0.00138465 -0.903887 3.43247
-0.921785 0.00288257 -0.38769 -0.658163 0.00325062 0.999995 -0.000293601 -0.00124051 0.387687 -0.00153087 -0.92179 3.43225
-0.938957 0.00264811 -0.344024 -0.650762 0.00278379 0.999996 9.95214e-05 -0.00129111 0.344023 -0.000864245 -0.938961 3.43145
-0.954188 0.0029546 -0.299193 -0.643078 0.00328791 0.999994 -0.000610636 -0.0014409 0.299189 -0.00156638 -0.954193 3.43276
-0.962419 0.00282245 -0.271556 -0.638415 0.00312131 0.999995 -0.000668642 -0.00131065 0.271552 -0.00149112 -0.962422 3.43334
-0.966814 0.00261341 -0.255466 -0.63578 0.00292202 0.999995 -0.000828503 -0.00155493 0.255463 -0.00154749 -0.966818 3.43381
-0.973497 0.00305837 -0.228678 -0.631637 0.00334498 0.999994 -0.000865739 -0.00161653 0.228674 -0.00160772 -0.973502 3.43431
-0.981738 0.00313411 -0.190212 -0.625359 0.00337763 0.999994 -0.000956088 -0.00167229 0.190208 -0.0015811 -0.981743 3.4353
-0.989182 0.00302556 -0.146661 -0.618865 0.00307869 0.999995 -0.000135261 -0.00178893 0.14666 -0.000585321 -0.989187 3.43637
-0.99501 0.00304536 -0.0997332 -0.611418 0.00308439 0.999995 -0.000237199 -0.00167102 0.099732 -0.000543632 -0.995014 3.43871
-0.998608 0.00322848 -0.0526381 -0.604168 0.00325059 0.999995 -0.000334574 -0.00221054 0.0526368 -0.000505214 -0.998614 3.44001
-0.9997 0.00306688 -0.0242928 -0.600246 0.00307828 0.999995 -0.000431941 -0.00207804 0.0242913 -0.000506591 -0.999705 3.43271
-0.999961 0.00276268 -0.00839023 -0.598334 0.00276574 0.999996 -0.000354007 -0.00225893 0.00838922 -0.000377199 -0.999965 3.41529
-0.999996 0.00221492 -0.00192267 -0.597546 0.00221562 0.999997 -0.000362241 -0.00228634 0.00192187 -0.0003665 -0.999998 3.39166
-0.999995 0.00223503 0.00209278 -0.597469 0.00223411 0.999997 -0.000445737 -0.00226257 -0.00209377 -0.000441059 -0.999998 3.36347
-0.999986 0.00239602 0.0046457 -0.597154 0.00239221 0.999997 -0.00082498 -0.00244497 -0.00464766 -0.000813855 -0.999989 3.33336
-0.999982 0.00187328 0.00575706 -0.597218 0.00186918 0.999998 -0.000717323 -0.00233401 -0.00575839 -0.000706549 -0.999983 3.30781
-0.999977 0.00226242 0.00634041 -0.597065 0.00225651 0.999997 -0.00093942 -0.00274177 -0.00634252 -0.000925092 -0.999979 3.29012
-0.99998 0.00148169 0.00606666 -0.597351 0.00148214 0.999999 6.83291e-05 -0.00307632 -0.00606656 7.73194e-05 -0.999982 3.27711
-0.999989 -0.00167079 0.00446526 -0.597751 -0.0016669 0.999998 0.000874286 -0.00286532 -0.00446671 0.000866833 -0.99999 3.26763
-0.999979 0.00156466 0.00623528 -0.597387 0.00156475 0.999999 1.00507e-05 -0.00321103 -0.00623526 1.98072e-05 -0.999981 3.25149
-0.999977 0.00193473 0.00651627 -0.597366 0.0019355 0.999998 0.00011124 -0.00318229 -0.00651604 0.000123849 -0.999979 3.22872
-0.999976 0.00193218 0.00663435 -0.597073 0.00193181 0.999998 -6.29273e-05 -0.00313884 -0.00663445 -5.01095e-05 -0.999978 3.20165
-0.999977 0.00107167 0.00675 -0.597424 0.00107853 0.999999 0.0010131 -0.00348949 -0.0067489 0.00102035 -0.999977 3.16987
-0.999978 0.0012302 0.00659232 -0.597242 0.00124002 0.999998 0.00148631 -0.00321818 -0.00659048 0.00149445 -0.999977 3.14541
-0.999976 0.00120167 0.00679497 -0.596959 0.00120649 0.999999 0.000704819 -0.00359064 -0.00679412 0.000713 -0.999977 3.12854
-0.999976 0.00104508 0.00686034 -0.596784 0.00105097 0.999999 0.000854884 -0.00362989 -0.00685944 0.000862073 -0.999976 3.11491
-0.999977 0.000873507 0.00675467 -0.596609 0.000877274 0.999999 0.000554723 -0.0036902 -0.00675418 0.000560636 -0.999977 3.09716
-0.999964 0.00169274 0.00835943 -0.598184 0.00171101 0.999996 0.00217875 -0.00451689 -0.00835571 0.00219297 -0.999963 3.07194
-0.999963 0.00170252 0.00839906 -0.597795 0.00172047 0.999996 0.00213081 -0.00433347 -0.0083954 0.00214518 -0.999962 3.04314
-0.999964 0.00168466 0.00831626 -0.597673 0.00170031 0.999997 0.00187439 -0.00470096 -0.00831308 0.00188846 -0.999964 3.01069
-0.999961 0.00200539 0.00854967 -0.597524 0.002021 0.999996 0.00181754 -0.00468072 -0.00854599 0.00183475 -0.999962 2.97738
-0.999961 0.00126861 0.00878775 -0.596605 0.00128245 0.999998 0.00156879 -0.00481907 -0.00878574 0.00158 -0.99996 2.95
-0.999955 0.00204012 0.00931088 -0.595826 0.00208012 0.999989 0.00428912 -0.00744547 -0.00930203 0.00430829 -0.999947 2.9222
-0.999953 0.00211786 0.0094371 -0.595525 0.00216053 0.999987 0.00451363 -0.0071722 -0.00942743 0.00453381 -0.999945 2.89076
-0.999954 0.00202145 0.00942013 -0.595055 0.00206092 0.999989 0.00418199 -0.00732709 -0.00941158 0.00420121 -0.999947 2.85694
-0.999953 0.0017595 0.00949158 -0.594698 0.00179624 0.999991 0.00386322 -0.00728968 -0.0094847 0.00388009 -0.999947 2.8217
-0.999953 0.00193288 0.00954249 -0.594138 0.00197321 0.999989 0.00421917 -0.00634062 -0.00953424 0.0042378 -0.999946 2.78588
-0.999957 0.00127822 0.00920344 -0.594443 0.00131157 0.999993 0.00361874 -0.00834424 -0.00919875 0.00363065 -0.999951 2.75547
-0.999958 0.00181655 0.00895688 -0.594403 0.00185191 0.999991 0.00394172 -0.00817048 -0.00894963 0.00395814 -0.999952 2.73373
-0.999958 0.00149268 0.00899132 -0.594008 0.00152603 0.999992 0.0037036 -0.00842932 -0.00898572 0.00371717 -0.999953 2.70994
-0.999957 0.0014794 0.00918841 -0.593329 0.00151254 0.999992 0.00360077 -0.00815667 -0.00918301 0.00361451 -0.999951 2.68148
-0.999958 0.00168802 0.00906164 -0.593412 0.00171808 0.999993 0.00330974 -0.00826158 -0.00905599 0.00332516 -0.999953 2.64889
-0.999951 0.00204092 0.00969686 -0.593852 0.00207435 0.999992 0.0034387 -0.00722029 -0.00968976 0.00345865 -0.999947 2.61662
-0.999952 0.00218565 0.0095287 -0.593626 0.00221961 0.999991 0.00355402 -0.00695951 -0.00952085 0.003575 -0.999948 2.59008
-0.999953 0.00171424 0.00957783 -0.593392 0.00174904 0.999992 0.00362644 -0.00694175 -0.00957153 0.00364302 -0.999948 2.57026
-0.999953 0.00224631 0.00942244 -0.593173 0.00228225 0.99999 0.00380593 -0.00665854 -0.0094138 0.00382726 -0.999948 2.54726
-0.999948 0.00238623 0.00992127 -0.592606 0.00242537 0.999989 0.00393511 -0.006674 -0.00991177 0.00395897 -0.999943 2.51911
-0.999951 0.00135686 0.00978203 -0.592187 0.00138593 0.999995 0.00296537 -0.00643056 -0.00977796 0.00297879 -0.999948 2.48923
-0.999953 0.00100918 0.00959857 -0.591991 0.00103791 0.999995 0.00298895 -0.00617071 -0.0095955 0.00299878 -0.999949 2.45616
-0.999951 0.000995646 0.00980777 -0.591146 0.00102472 0.999995 0.00296017 -0.0063052 -0.00980478 0.00297008 -0.999948 2.42924
-0.999949 0.00106844 0.00999893 -0.590932 0.00109643 0.999995 0.00279411 -0.00620579 -0.0099959 0.00280494 -0.999946 2.41066
-0.999948 0.00121259 0.0101552 -0.591005 0.00123739 0.999996 0.00243569 -0.00658455 -0.0101522 0.00244813 -0.999945 2.38822
-0.999945 0.00234008 0.0101879 -0.591156 0.0023721 0.999992 0.00313206 -0.00658737 -0.0101805 0.00315605 -0.999943 2.35925
-0.999945 0.00246888 0.0101536 -0.591087 0.00250077 0.999992 0.0031289 -0.00607404 -0.0101458 0.00315412 -0.999944 2.32815
-0.999941 0.00276044 0.0104774 -0.59057 0.00279364 0.999991 0.00315575 -0.00662839 -0.0104686 0.00318484 -0.99994 2.29501
-0.999945 0.00264605 0.010149 -0.589799 0.00267577 0.999992 0.00291532 -0.00617898 -0.0101413 0.00294232 -0.999944 2.26035
-0.999943 0.00286561 0.0102421 -0.590122 0.00289639 0.999991 0.00299138 -0.00634242 -0.0102335 0.00302087 -0.999943 2.23277
-0.999938 0.00312873 0.0106533 -0.589667 0.00316475 0.999989 0.00336577 -0.006492 -0.0106427 0.00339928 -0.999938 2.21312
-0.999938 0.00291801 0.0107369 -0.589414 0.00295386 0.99999 0.00332407 -0.00617193 -0.0107271 0.00335558 -0.999937 2.19917
-0.99994 0.00288101 0.0105912 -0.589515 0.00291254 0.999991 0.00296318 -0.00660074 -0.0105826 0.00299385 -0.99994 2.18851
-0.999934 0.00314697 0.0110409 -0.589284 0.00317912 0.999991 0.0028958 -0.00643256 -0.0110316 0.00293071 -0.999935 2.18136
-0.999941 0.00284261 0.0105078 -0.589249 0.00287654 0.999991 0.00321584 -0.00626489 -0.0104985 0.00324587 -0.99994 2.17516
-0.999936 0.00320827 0.0108849 -0.589065 0.00324773 0.999988 0.00361002 -0.00624681 -0.0108732 0.00364514 -0.999934 2.17138
-0.999937 0.00304009 0.0107901 -0.588877 0.00307899 0.999989 0.00358996 -0.00605955 -0.0107791 0.00362296 -0.999935 2.1686
-0.999937 0.00305913 0.0107623 -0.588994 0.0030985 0.999989 0.00364369 -0.00636852 -0.010751 0.00367681 -0.999935 2.16664
-0.999934 0.00343952 0.0109719 -0.589151 0.00347867 0.999988 0.003551 -0.00621936 -0.0109596 0.00358893 -0.999934 2.16497
-0.999937 0.00327702 0.0107649 -0.58922 0.00331508 0.999988 0.00351938 -0.00616067 -0.0107532 0.00355485 -0.999936 2.16428
-0.999938 0.0028142 0.0107882 -0.588964 0.00285138 0.99999 0.00343209 -0.00615747 -0.0107784 0.00346263 -0.999936 2.16334
-0.999939 0.0028711 0.0106746 -0.588935 0.00290845 0.99999 0.00348544 -0.00609866 -0.0106645 0.00351627 -0.999937 2.16266
-0.999939 0.00286569 0.0106774 -0.587749 0.00290042 0.999991 0.00323824 -0.00671726 -0.0106681 0.00326901 -0.999938 2.16303
-0.999939 0.00296877 0.0106825 -0.589003 0.00300615 0.999989 0.00348481 -0.00634227 -0.0106721 0.00351671 -0.999937 2.1618
-0.999938 0.00284752 0.010719 -0.588871 0.00288456 0.99999 0.00344144 -0.00622082 -0.0107091 0.00347215 -0.999937 2.16159
-0.999939 0.00289643 0.0106551 -0.58889 0.00293173 0.99999 0.00329934 -0.00617391 -0.0106455 0.00333038 -0.999938 2.16168
-0.999938 0.00296177 0.0107026 -0.588855 0.0029966 0.99999 0.0032401 -0.00627971 -0.0106929 0.00327197 -0.999937 2.16166
-0.999938 0.00307844 0.0107102 -0.588874 0.0031138 0.99999 0.00328631 -0.00626997 -0.0107 0.00331946 -0.999937 2.16156
-0.999938 0.00302474 0.0106782 -0.588816 0.00306036 0.99999 0.00332166 -0.00629305 -0.0106681 0.00335413 -0.999937 2.16148
-0.999939 0.00296861 0.0106504 -0.588807 0.00300434 0.99999 0.00334058 -0.00628062 -0.0106403 0.00337237 -0.999938 2.16147
-0.999939 0.00293073 0.0106068 -0.58878 0.0029667 0.99999 0.0033776 -0.00630512 -0.0105967 0.00340887 -0.999938 2.16137
-0.999959 0.00288855 0.00861865 -0.58923 0.00291786 0.99999 0.00339091 -0.00624031 -0.00860877 0.00341591 -0.999957 2.16123
-0.99956 0.00319909 -0.0294758 -0.595503 0.00309831 0.999989 0.00346427 -0.00640863 0.0294865 0.00337142 -0.999559 2.15904
-0.995238 0.00286342 -0.0974305 -0.606027 0.00250546 0.99999 0.00379618 -0.00573109 0.0974403 0.00353399 -0.995235 2.15586
-0.983522 0.00308714 -0.180763 -0.619746 0.00245883 0.99999 0.00369983 -0.00593386 0.180772 0.0031944 -0.98352 2.15229
-0.962897 0.00230124 -0.269859 -0.636293 0.00137888 0.999993 0.00360743 -0.00563083 0.269866 0.00310148 -0.962893 2.14146
-0.934085 0.00421346 -0.357026 -0.656637 0.00290316 0.999987 0.00420589 -0.00527468 0.357039 0.00289216 -0.934085 2.12393
-0.91212 0.00423771 -0.409901 -0.672657 0.0025882 0.999986 0.00457891 -0.00505852 0.409914 0.00311561 -0.912119 2.10091
-0.899538 0.00438325 -0.43682 -0.687146 0.002733 0.999987 0.0044063 -0.00537093 0.436833 0.00276981 -0.899538 2.07509
-0.892646 0.00397471 -0.45074 -0.700905 0.00210835 0.999987 0.0046427 -0.00485907 0.450753 0.00319397 -0.892643 2.04618
-0.889065 0.00432148 -0.45776 -0.711269 0.00258585 0.999987 0.0044181 -0.00501328 0.457773 0.00274428 -0.889065 2.0231
-0.887212 0.00423115 -0.461343 -0.718851 0.00293785 0.999989 0.0035215 -0.00412658 0.461353 0.00176896 -0.887215 2.00646
-0.886318 0.00433939 -0.463056 -0.728096 0.00303095 0.999989 0.00356967 -0.00380299 0.463067 0.00176037 -0.886322 1.98632
-0.885729 0.00452118 -0.464181 -0.739958 0.00313324 0.999988 0.0037613 -0.00403479 0.464193 0.0018771 -0.885732 1.96198
-0.885455 0.00447848 -0.464704 -0.753585 0.00297298 0.999988 0.00397238 -0.00367159 0.464716 0.00213581 -0.885457 1.93464
-0.885317 0.00389651 -0.464973 -0.767547 0.002549 0.999991 0.00352665 -0.00338772 0.464982 0.00193699 -0.885318 1.90586
-0.885321 0.00403927 -0.464963 -0.779973 0.00240899 0.999989 0.00410031 -0.00368759 0.464974 0.00251 -0.885321 1.88209
-0.885918 0.00420107 -0.463823 -0.787981 0.00249682 0.999988 0.00428837 -0.00358353 0.463836 0.00264107 -0.885917 1.86558
-0.895068 0.00447983 -0.445908 -0.790841 0.00287676 0.999987 0.00427191 -0.00384036 0.445921 0.00254088 -0.895069 1.85316
-0.909754 0.00441381 -0.415124 -0.789556 0.00301469 0.999987 0.0040256 -0.00391247 0.415137 0.00241083 -0.909756 1.84399
-0.926356 0.00358378 -0.376632 -0.785698 0.00219441 0.999989 0.00411789 -0.0036921 0.376643 0.00298814 -0.926354 1.83747
-0.942744 0.00345393 -0.3335 -0.780311 0.00231762 0.99999 0.00380503 -0.00382853 0.33351 0.00281424 -0.942742 1.83297
-0.957302 0.00301853 -0.289075 -0.774227 0.00206033 0.999991 0.00361892 -0.00384503 0.289084 0.00286881 -0.9573 1.83039
-0.965355 0.00335476 -0.260917 -0.77087 0.00247893 0.99999 0.00368575 -0.00402286 0.260927 0.00291126 -0.965354 1.82825
-0.96925 0.00307313 -0.246058 -0.769209 0.00230655 0.999992 0.00340356 -0.00417442 0.246066 0.00273136 -0.969249 1.82702
-0.971144 0.00383453 -0.238462 -0.76908 0.00303312 0.999988 0.00372756 -0.00410521 0.238474 0.00289671 -0.971145 1.82586
-0.972125 0.004171 -0.234425 -0.769438 0.00334335 0.999987 0.00392787 -0.00409251 0.234438 0.00303462 -0.972126 1.82513
-0.97262 0.00373588 -0.232373 -0.769261 0.00294503 0.999989 0.00375022 -0.00406341 0.232384 0.00296319 -0.97262 1.82473
-0.973269 0.0041372 -0.229632 -0.769542 0.0033247 0.999987 0.00392505 -0.0041617 0.229645 0.00305667 -0.97327 1.82434
-0.97787 0.004307 -0.209167 -0.766201 0.00359263 0.999986 0.00379509 -0.00409746 0.209181 0.00295964 -0.977873 1.82437
-0.9845 0.00420509 -0.175334 -0.760642 0.00360468 0.999986 0.0037427 -0.00428013 0.175347 0.00305266 -0.984502 1.82506
-0.99093 0.00432522 -0.134307 -0.754455 0.00388313 0.999986 0.00355343 -0.00394004 0.134321 0.00299967 -0.990933 1.82547
-0.996055 0.00373925 -0.088662 -0.748366 0.00346496 0.999989 0.00324738 -0.00410053 0.0886732 0.00292735 -0.996056 1.81832
-0.999092 0.00401134 -0.0424266 -0.742996 0.00388076 0.999987 0.0031596 -0.00390129 0.0424387 0.00299208 -0.999095 1.80323
-0.999902 0.00478738 -0.013142 -0.740418 0.00474824 0.999984 0.00300771 -0.00419765 0.0131562 0.00294501 -0.999909 1.78098
-0.999987 0.00488368 0.00136079 -0.739788 0.00488777 0.999983 0.00302213 -0.00379979 -0.001346 0.00302874 -0.999995 1.75421
-0.999959 0.00295522 0.00857196 -0.739231 0.00298182 0.999991 0.00309154 -0.00409078 -0.00856275 0.00311698 -0.999958 1.73341
-0.999916 0.00272743 0.0126436 -0.739228 0.00276602 0.999992 0.0030358 -0.00397825 -0.0126352 0.00307052 -0.999915 1.71763
-0.999886 0.00377431 0.0146182 -0.740159 0.00382149 0.999988 0.00320093 -0.00429962 -0.014606 0.00325643 -0.999888 1.70503
-0.99987 0.00321009 0.0157989 -0.739876 0.00326449 0.999989 0.00341905 -0.00411189 -0.0157878 0.00347018 -0.999869 1.68748
-0.999856 0.00332521 0.0166124 -0.739879 0.00338285 0.999988 0.00344285 -0.00421825 -0.0166008 0.00349856 -0.999856 1.66378
-0.999851 0.00317204 0.0169467 -0.739637 0.00323475 0.999988 0.00367434 -0.00428319 -0.0169349 0.00372861 -0.99985 1.6353
-0.99985 0.00306036 0.0170486 -0.739195 0.00312292 0.999988 0.00364399 -0.00415733 -0.0170373 0.00369669 -0.999848 1.60477
-0.999845 0.00342516 0.0172567 -0.739086 0.0034885 0.999987 0.00364153 -0.00427727 -0.017244 0.00370116 -0.999844 1.57941
-0.999846 0.00334304 0.0172528 -0.739062 0.00340142 0.999989 0.00335569 -0.00432038 -0.0172414 0.00341385 -0.999846 1.56152
-0.999842 0.00344822 0.0174519 -0.738707 0.00350733 0.999988 0.0033578 -0.00432056 -0.0174401 0.00341848 -0.999842 1.54785
-0.99984 0.00378942 0.0174876 -0.739088 0.00384017 0.999989 0.00286901 -0.0030871 -0.0174765 0.00293571 -0.999843 1.52929
-0.999838 0.00370631 0.0176228 -0.738587 0.00375582 0.999989 0.00277723 -0.00296292 -0.0176123 0.00284297 -0.999841 1.50496
-0.999845 0.00352562 0.0172661 -0.737916 0.00357276 0.99999 0.00269993 -0.00279126 -0.0172564 0.0027612 -0.999847 1.47626
-0.999841 0.00356264 0.0174959 -0.736807 0.00361218 0.99999 0.00280076 -0.0026144 -0.0174857 0.00286351 -0.999843 1.44539
-0.999841 0.00363739 0.017445 -0.736437 0.00368384 0.99999 0.00263146 -0.00269654 -0.0174352 0.00269531 -0.999844 1.42084
-0.999826 0.00412307 0.0182117 -0.737088 0.00415778 0.99999 0.0018684 -0.00189842 -0.0182038 0.00194379 -0.999832 1.40302
-0.999825 0.00400249 0.0182666 -0.736823 0.00403237 0.999991 0.00159959 -0.00171879 -0.0182601 0.00167297 -0.999832 1.38965
-0.999823 0.00440479 0.0183131 -0.736386 0.00444198 0.999988 0.00199057 -0.00208576 -0.0183041 0.00207156 -0.99983 1.3711
-0.999824 0.00436914 0.0182632 -0.736147 0.00440371 0.999989 0.00185289 -0.00207819 -0.0182549 0.00193299 -0.999831 1.34706
-0.999835 0.00418556 0.0176725 -0.735421 0.00421791 0.999989 0.00179366 -0.00208935 -0.0176648 0.0018679 -0.999842 1.31778
-0.99983 0.00375973 0.0180306 -0.733961 0.0037888 0.999992 0.00157838 -0.00175351 -0.0180245 0.00164643 -0.999836 1.28694
-0.999827 0.00404472 0.0181565 -0.733494 0.00407068 0.999991 0.00139299 -0.00152761 -0.0181507 0.00146666 -0.999834 1.26279
-0.999829 0.00373405 0.0181022 -0.732998 0.00376238 0.999992 0.00153104 -0.00147864 -0.0180963 0.00159888 -0.999835 1.24383
-0.999831 0.00378165 0.0179693 -0.732602 0.00380966 0.999992 0.0015249 -0.00122712 -0.0179634 0.0015931 -0.999837 1.22255
-0.999834 0.00404327 0.0177623 -0.732759 0.00406977 0.999991 0.00145618 -0.00157344 -0.0177563 0.00152823 -0.999841 1.19472
-0.999841 0.00224719 0.0176739 -0.731381 0.00227518 0.999996 0.00156357 -0.00169355 -0.0176703 0.00160353 -0.999843 1.16352
-0.999847 0.00297118 0.0172577 -0.731002 0.00299604 0.999995 0.00141528 -0.00165268 -0.0172534 0.00146676 -0.99985 1.1307
-0.999842 0.00270237 0.0175838 -0.730501 0.00273122 0.999995 0.00161647 -0.00147051 -0.0175794 0.00166424 -0.999844 1.10448
-0.999847 0.00249691 0.0173317 -0.730066 0.00251848 0.999996 0.00122305 -0.00171808 -0.0173285 0.00126651 -0.999849 1.0862
-0.999843 0.00280052 0.0174707 -0.729991 0.00282578 0.999995 0.00142107 -0.00169501 -0.0174667 0.00147021 -0.999846 1.07173
-0.999836 0.00224776 0.0179741 -0.729817 0.00227651 0.999996 0.00157965 -0.00131627 -0.0179705 0.00162031 -0.999837 1.0528
-0.999831 0.00199717 0.0182677 -0.728759 0.00202865 0.999996 0.0017051 -0.00115134 -0.0182643 0.00174187 -0.999832 1.02783
-0.999817 0.00259189 0.0189702 -0.72914 0.00261506 0.999996 0.00119641 -0.00147098 -0.018967 0.0012458 -0.999819 0.998421
-0.999829 0.00289025 0.0182844 -0.728197 0.00291682 0.999995 0.00142703 -0.0011909 -0.0182802 0.00148012 -0.999832 0.968076
-0.99983 0.00212244 0.0183362 -0.727485 0.00214964 0.999997 0.00146344 -0.00151202 -0.0183331 0.00150261 -0.999831 0.942871
-0.99984 0.00219019 0.0177605 -0.727241 0.00221155 0.999997 0.00118319 -0.000446002 -0.0177579 0.00122228 -0.999842 0.925089
-0.999837 0.00207967 0.0179346 -0.726431 0.00209642 0.999997 0.000915255 -3.80153e-05 -0.0179327 0.000952704 -0.999839 0.902931
-0.999834 0.00220895 0.0180895 -0.726059 0.00222634 0.999997 0.000941016 -0.000458162 -0.0180874 0.000981134 -0.999836 0.875872
-0.999842 0.00275339 0.0175766 -0.725703 0.00276999 0.999996 0.000919964 -0.000395258 -0.017574 0.000968506 -0.999845 0.84477
-0.999841 0.00270906 0.017622 -0.724781 0.0027252 0.999996 0.00089189 -0.000214155 -0.0176195 0.000939772 -0.999844 0.812162
-0.999836 0.0025624 0.0179533 -0.723021 0.0025739 0.999996 0.000617398 0.000365092 -0.0179516 0.000663507 -0.999839 0.776843
-0.99984 0.00239752 0.017713 -0.722645 0.00240756 0.999997 0.000545537 0.000433992 -0.0177116 0.000588095 -0.999843 0.74936
-0.999836 0.00247222 0.0179241 -0.722111 0.00248563 0.999997 0.000725835 0.000603931 -0.0179223 0.000770269 -0.999839 0.728667
-0.999832 0.00285824 0.0180844 -0.721968 0.00286534 0.999996 0.000366728 0.000529332 -0.0180833 0.000418485 -0.999836 0.705874
-0.999832 0.00274675 0.0181429 -0.721353 0.00275199 0.999996 0.000263687 0.000542811 -0.0181421 0.000313571 -0.999835 0.67836
-0.999837 0.00215718 0.0179117 -0.721151 0.00216072 0.999998 0.000178201 0.000946003 -0.0179113 0.000216874 -0.99984 0.645151
-0.999839 0.00191571 0.017865 -0.720391 0.00191363 0.999998 -0.000133353 0.00075508 -0.0178652 -9.91449e-05 -0.99984 0.612077
-0.999836 0.00201323 0.0180106 -0.719716 0.00201892 0.999998 0.000297366 0.00145355 -0.01801 0.000333679 -0.999838 0.58632
-0.999831 0.00232869 0.0182593 -0.71952 0.00233045 0.999997 7.49621e-05 0.00156676 -0.0182591 0.000117502 -0.999833 0.567187
-0.999829 0.00240771 0.0183261 -0.719111 0.00240504 0.999997 -0.000168175 0.0010407 -0.0183264 -0.000124072 -0.999832 0.544148
-0.999832 0.00251934 0.0181433 -0.718389 0.00251677 0.999997 -0.000164572 0.00118613 -0.0181436 -0.000118882 -0.999835 0.514697
-0.999834 0.00221553 0.0181022 -0.717356 0.00220944 0.999997 -0.000356669 0.000854978 -0.018103 -0.000316614 -0.999836 0.483455
-0.999827 0.00215142 0.0184486 -0.71652 0.00214631 0.999998 -0.000297119 0.00108798 -0.0184492 -0.000257471 -0.99983 0.450459
-0.999832 0.0023797 0.0181847 -0.716329 0.00236753 0.999997 -0.000690727 0.000578571 -0.0181862 -0.000647558 -0.999834 0.424264
-0.999823 0.00243729 0.0186494 -0.71456 0.00242521 0.999997 -0.000670153 0.000548346 -0.018651 -0.000624805 -0.999826 0.405079
-0.999839 0.00219311 0.0178097 -0.715405 0.00219079 0.999998 -0.000149462 0.00227018 -0.0178099 -0.000110421 -0.999841 0.39224
-0.999839 0.00210794 0.0178107 -0.715062 0.00210345 0.999998 -0.000270574 0.00231009 -0.0178112 -0.000233067 -0.999841 0.382297
-0.999837 0.00229644 0.017884 -0.714875 0.00229277 0.999997 -0.000225678 0.00213246 -0.0178845 -0.000184637 -0.99984 0.374324
-0.999838 0.00252902 0.0178446 -0.714799 0.00252653 0.999997 -0.00016206 0.002485 -0.017845 -0.000116949 -0.999841 0.360117
-0.999839 0.00218347 0.017827 -0.714389 0.00217859 0.999998 -0.000292955 0.00232383 -0.0178275 -0.00025407 -0.999841 0.339353
-0.999841 0.00225431 0.0177121 -0.713896 0.00224937 0.999997 -0.000298594 0.00260631 -0.0177127 -0.000258706 -0.999843 0.312027
-0.999812 0.00214079 0.0192643 -0.712886 0.00213825 0.999998 -0.000152533 0.00257683 -0.0192646 -0.000111312 -0.999814 0.282136
-0.999149 0.00241988 0.0411647 -0.712229 0.00240549 0.999997 -0.000399267 0.00282971 -0.0411656 -0.000299906 -0.999152 0.259782
-0.99722 0.00247712 0.0744771 -0.703975 0.00244779 0.999997 -0.000485171 0.00251399 -0.0744781 -0.000301518 -0.997223 0.244409
-0.993291 0.00233114 0.115614 -0.697968 0.00229687 0.999997 -0.000429602 0.00229517 -0.115615 -0.000161169 -0.993294 0.236082
-0.987202 0.00155013 0.159466 -0.691601 0.00155014 0.999999 -0.00012429 0.00236451 -0.159466 0.000124496 -0.987203 0.228849
-0.982362 0.0020219 0.186978 -0.687958 0.00201579 0.999998 -0.000222783 0.0025825 -0.186978 0.000158054 -0.982364 0.225083
-0.979489 0.00212469 0.201485 -0.685645 0.00211779 0.999998 -0.000249836 0.00219273 -0.201485 0.00018199 -0.979492 0.221732
-0.977649 0.0024178 0.210232 -0.684646 0.00239695 0.999997 -0.000353969 0.00219166 -0.210232 0.000157859 -0.977651 0.219192
-0.972336 0.00209751 0.233576 -0.681248 0.00209517 0.999998 -0.000258138 0.00234663 -0.233576 0.000238384 -0.972339 0.219148
-0.963345 0.0014631 0.268263 -0.676595 0.00131662 0.999999 -0.000725936 0.00224075 -0.268264 -0.000346127 -0.963345 0.220987
-0.950921 0.00154562 0.30943 -0.671311 0.0014087 0.999999 -0.00066593 0.00243699 -0.30943 -0.000197354 -0.950922 0.22454
-0.936024 0.00207851 0.351931 -0.665769 0.00186668 0.999998 -0.000941228 0.00225754 -0.351932 -0.000224068 -0.936026 0.22818
-0.92563 0.00189618 0.378426 -0.662128 0.0016662 0.999998 -0.000935179 0.00213397 -0.378427 -0.000235097 -0.925631 0.230823
-0.919992 0.00208901 0.391931 -0.661119 0.00187305 0.999998 -0.000933359 0.00216649 -0.391932 -0.000124579 -0.919994 0.231859
-0.916476 0.0013566 0.400087 -0.659953 0.00116163 0.999999 -0.000729819 0.00223559 -0.400087 -0.000204109 -0.916477 0.232271
-0.906635 0.000949263 0.421914 -0.657307 0.000750293 1 -0.00063762 0.00222685 -0.421914 -0.00026153 -0.906636 0.234867
-0.890344 0.00149616 0.455286 -0.65317 0.00126581 0.999999 -0.000810824 0.00233651 -0.455287 -0.000145606 -0.890345 0.239229
-0.870009 0.00187978 0.493032 -0.648558 0.00161217 0.999998 -0.000967839 0.00199816 -0.493033 -4.71793e-05 -0.870011 0.244565
-0.846259 0.00189326 0.532769 -0.643649 0.00160132 0.999998 -0.00101006 0.00176849 -0.53277 -1.6384e-06 -0.84626 0.250224
-0.820685 0.00111232 0.57138 -0.639816 0.000800491 0.999999 -0.000796956 0.00216339 -0.571381 -0.000196665 -0.820685 0.256191
-0.803022 0.00128333 0.595948 -0.637186 0.000894242 0.999999 -0.000948466 0.00195183 -0.595948 -0.000228718 -0.803023 0.260411
-0.78158 0.00130808 0.623804 -0.63421 0.000902232 0.999999 -0.000966517 0.00208801 -0.623805 -0.000192594 -0.78158 0.265172
-0.754253 0.00132374 0.656582 -0.631207 0.000778433 0.999999 -0.00112188 0.0018831 -0.656583 -0.000335074 -0.754253 0.27171
-0.723615 0.00161099 0.690202 -0.628 0.00109616 0.999999 -0.00118485 0.00197258 -0.690203 -0.000100803 -0.723616 0.278067
-0.69091 0.000932207 0.72294 -0.624583 0.000436633 1 -0.000872178 0.0019538 -0.722941 -0.000286937 -0.69091 0.284308
-0.669704 0.000957642 0.742628 -0.622911 0.000289653 0.999999 -0.00102832 0.00211517 -0.742628 -0.000473565 -0.669704 0.28872
-0.658378 0.00103225 0.752687 -0.622337 0.000524545 0.999999 -0.000912592 0.00197605 -0.752688 -0.000206012 -0.658378 0.29086
-0.652527 0.00108305 0.757764 -0.622059 0.000605322 0.999999 -0.00090801 0.00177035 -0.757765 -0.00013381 -0.652528 0.291899
-0.64948 0.00107972 0.760378 -0.621455 0.000548142 0.999999 -0.000951784 0.00177448 -0.760378 -0.00020137 -0.649481 0.292237
-0.647838 0.0012101 0.761777 -0.614513 0.0005476 0.999999 -0.00112282 0.00206118 -0.761778 -0.000310258 -0.647838 0.286738
-0.647186 0.00135311 0.762331 -0.601224 0.000464686 0.999999 -0.00138047 0.00196832 -0.762332 -0.000539173 -0.647186 0.275434
-0.646764 0.00136745 0.762689 -0.583102 0.000593178 0.999999 -0.00128992 0.00194249 -0.76269 -0.000381861 -0.646764 0.260228
-0.646422 0.00148422 0.762979 -0.561851 0.000664545 0.999999 -0.00138226 0.00218416 -0.76298 -0.000386492 -0.646422 0.242287
-0.646318 0.00136578 0.763067 -0.544146 0.000445262 0.999999 -0.00141271 0.00208242 -0.763068 -0.000573295 -0.646317 0.228124
-0.64619 0.00132637 0.763176 -0.532276 0.000728598 0.999999 -0.00112104 0.0018894 -0.763176 -0.000168357 -0.64619 0.217641
-0.646063 0.00137276 0.763283 -0.522864 0.000916696 0.999999 -0.00102258 0.00184336 -0.763283 3.90457e-05 -0.646064 0.209605
-0.646239 0.00139284 0.763134 -0.510225 0.000902343 0.999999 -0.00106104 0.00215298 -0.763134 2.92606e-06 -0.64624 0.19859
-0.646124 0.00146965 0.763231 -0.491694 0.000982527 0.999999 -0.00109379 0.00180458 -0.763232 4.31731e-05 -0.646125 0.182658
-0.646086 0.00157856 0.763263 -0.470367 0.000986217 0.999999 -0.00123335 0.0019357 -0.763264 -4.41106e-05 -0.646087 0.165436
-0.64594 0.00149953 0.763386 -0.446331 0.000437572 0.999999 -0.00159406 0.00192425 -0.763388 -0.00069563 -0.64594 0.144762
-0.644986 0.00162937 0.764192 -0.421042 0.000451413 0.999998 -0.00175115 0.00181828 -0.764194 -0.000784502 -0.644986 0.123494
-0.629562 0.00171957 0.776948 -0.399306 0.000512122 0.999998 -0.00179826 0.00185954 -0.77695 -0.000734221 -0.629562 0.109673
-0.602731 0.00159577 0.797943 -0.3833 0.000535062 0.999999 -0.00159568 0.00181526 -0.797944 -0.000534819 -0.602731 0.102614
-0.568812 0.00174059 0.822466 -0.371349 0.00077686 0.999998 -0.00157904 0.00188565 -0.822467 -0.000259233 -0.568812 0.100346
-0.531876 0.00154324 0.846821 -0.361689 8.42467e-05 0.999998 -0.00176948 0.0019182 -0.846822 -0.0008698 -0.531875 0.100542
-0.507732 0.0015773 0.861514 -0.355527 0.000100799 0.999998 -0.00177144 0.00203884 -0.861515 -0.000812579 -0.507731 0.100824
-0.495753 0.00130802 0.868463 -0.351635 -0.000323868 0.999999 -0.001691 0.00201321 -0.868464 -0.00111959 -0.495751 0.0996125
-0.487797 0.00164329 0.872956 -0.348726 0.000156024 0.999998 -0.00179526 0.00212151 -0.872957 -0.000739519 -0.487796 0.0981555
-0.466646 0.00138189 0.884443 -0.345978 0.000544877 0.999999 -0.00127495 0.0026859 -0.884444 -0.000113038 -0.466647 0.10021
-0.434535 0.00129613 0.900654 -0.343538 0.000160636 0.999999 -0.0013616 0.00187738 -0.900655 -0.000446983 -0.434534 0.10492
-0.395122 0.00127162 0.918628 -0.342181 0.000303356 0.999999 -0.00125378 0.00214312 -0.918629 -0.000216726 -0.395122 0.111591
-0.352184 0.00125288 0.93593 -0.341544 0.000338074 0.999999 -0.00121143 0.00178696 -0.935931 -0.000110235 -0.352184 0.118039
-0.308012 0.00167001 0.951381 -0.342168 0.000173901 0.999999 -0.00169905 0.00196213 -0.951383 -0.000357882 -0.308012 0.12546
-0.280348 0.00163146 0.959897 -0.341886 0.000655076 0.999999 -0.00150829 0.0021596 -0.959898 0.00020596 -0.280349 0.129362
-0.265142 0.00149941 0.964208 -0.34098 0.000122739 0.999999 -0.00152131 0.00212989 -0.964209 -0.000285018 -0.265142 0.13084
-0.257423 0.0015321 0.966298 -0.332749 0.000259199 0.999999 -0.00151649 0.00215527 -0.966299 -0.000139916 -0.257423 0.129425
-0.253404 0.00167078 0.967359 -0.315767 0.000164742 0.999999 -0.001684 0.00225581 -0.967361 -0.000267367 -0.253404 0.125372
-0.251329 0.00154618 0.967901 -0.293042 0.000330445 0.999999 -0.00151165 0.00205504 -0.967902 -6.00841e-05 -0.251329 0.119351
-0.250442 0.0017235 0.96813 -0.26596 0.000165101 0.999998 -0.00173752 0.00211095 -0.968132 -0.000275308 -0.250442 0.112612
-0.248163 0.00155589 0.968717 -0.235112 -0.000249425 0.999999 -0.00167003 0.00194938 -0.968718 -0.000656063 -0.248163 0.104743
-0.228615 0.001772 0.973515 -0.211958 -9.79151e-05 0.999998 -0.0018432 0.00198518 -0.973517 -0.000516704 -0.228614 0.102066
-0.195051 0.00179463 0.980791 -0.195898 -0.000145782 0.999998 -0.00185877 0.00179649 -0.980793 -0.000505536 -0.19505 0.103205
-0.153121 0.00187641 0.988206 -0.184937 -0.000373188 0.999998 -0.00195662 0.00174402 -0.988207 -0.000668386 -0.15312 0.106617
-0.107554 0.00164362 0.994198 -0.176993 -0.000637152 0.999998 -0.00172214 0.00168962 -0.994199 -0.000818677 -0.107552 0.111752
-0.0612456 0.00178178 0.998121 -0.172369 -0.00050487 0.999998 -0.00181611 0.00181341 -0.998123 -0.00061515 -0.0612446 0.116545
-0.032582 0.00206449 0.999467 -0.168976 -0.000727239 0.999998 -0.00208929 0.00160942 -0.999469 -0.000794925 -0.0325805 0.119759
-0.0163405 0.00184398 0.999865 -0.166307 -0.000821436 0.999998 -0.00185765 0.0017854 -0.999866 -0.00085168 -0.016339 0.121439
0.0115637 0.00188589 0.999931 -0.165544 -0.000935514 0.999998 -0.0018752 0.00182097 -0.999933 -0.000913766 0.0115654 0.125044
0.0502297 0.00172378 0.998736 -0.167202 -0.000630823 0.999998 -0.00169423 0.00158064 -0.998737 -0.000544925 0.0502307 0.13012
0.093853 0.00182983 0.995584 -0.16921 -0.000647675 0.999998 -0.00177689 0.00174026 -0.995586 -0.000478049 0.093854 0.136669
0.139472 0.00178164 0.990224 -0.171615 -0.000770868 0.999998 -0.00169065 0.00193102 -0.990226 -0.000527535 0.139473 0.142805
0.167205 0.00167775 0.985921 -0.173523 -0.000850984 0.999998 -0.00155739 0.00192145 -0.985922 -0.0005786 0.167206 0.14661
0.18162 0.00180732 0.983367 -0.173901 -0.000561379 0.999998 -0.0017342 0.00181251 -0.983369 -0.000237075 0.181621 0.148368
0.190518 0.00184793 0.981682 -0.174395 -0.000732117 0.999998 -0.00174032 0.00185267 -0.981683 -0.000387144 0.190519 0.14944
0.214569 0.00184241 0.976707 -0.176313 -0.000977837 0.999998 -0.00167153 0.00197615 -0.976708 -0.000596403 0.21457 0.152206
0.249837 0.00173277 0.968286 -0.179686 -0.000768508 0.999998 -0.00159123 0.00180293 -0.968288 -0.000346588 0.249838 0.157025
0.291159 0.00167361 0.956673 -0.183546 -0.00105781 0.999998 -0.00142747 0.00158514 -0.956674 -0.000596357 0.29116 0.162825
0.33379 0.00184022 0.942646 -0.188176 -0.00135442 0.999998 -0.00147258 0.00172921 -0.942647 -0.00078521 0.333792 0.168183
0.36041 0.00180475 0.932792 -0.191495 -0.00110034 0.999998 -0.00150964 0.00185428 -0.932794 -0.0004823 0.360411 0.17134
0.374011 0.001879 0.927422 -0.192186 -0.00159921 0.999998 -0.00138111 0.00203501 -0.927423 -0.000966596 0.374013 0.173282
0.382339 0.00197539 0.92402 -0.192556 -0.00148968 0.999998 -0.00152143 0.00221174 -0.924021 -0.000794793 0.382341 0.174055
0.404383 0.00190043 0.914588 -0.195672 -0.0015353 0.999998 -0.00139908 0.0018829 -0.914588 -0.0008384 0.404386 0.176893
0.438028 0.00182875 0.89896 -0.200876 -0.0015263 0.999998 -0.00129058 0.00157159 -0.89896 -0.000806772 0.43803 0.180774
0.475784 0.00168364 0.879561 -0.205698 -0.00132721 0.999998 -0.00119625 0.00159035 -0.879561 -0.000598201 0.475785 0.185551
0.51505 0.00169978 0.857159 -0.211377 -0.000878879 0.999999 -0.00145494 0.00185926 -0.85716 -3.97161e-06 0.515051 0.189665
0.538966 0.00173441 0.842326 -0.215104 -0.00106358 0.999998 -0.00137853 0.00189253 -0.842327 -0.000152899 0.538967 0.192223
0.552129 0.00167341 0.833757 -0.217219 -0.000921883 0.999999 -0.00139658 0.0015735 -0.833758 2.46385e-06 0.55213 0.193421
0.575047 0.00161487 0.818119 -0.22098 -0.0011877 0.999999 -0.00113906 0.00169887 -0.81812 -0.000316666 0.575048 0.195857
0.606188 0.00182131 0.795319 -0.226633 -0.00106963 0.999998 -0.00147476 0.00144163 -0.79532 4.32871e-05 0.606189 0.198859
0.640017 0.00186307 0.768358 -0.232321 -0.00127324 0.999998 -0.00136417 0.00188664 -0.768359 -0.000105207 0.640019 0.203275
0.674467 0.00159981 0.738303 -0.238612 -0.00127942 0.999999 -0.000998081 0.00188044 -0.738304 -0.000271425 0.674469 0.206518
0.695182 0.00185375 0.718831 -0.243099 -0.0013385 0.999998 -0.00128436 0.00171856 -0.718833 -6.92896e-05 0.695183 0.208314
0.705777 0.00160805 0.708432 -0.244863 -0.00118861 0.999999 -0.00108572 0.00184348 -0.708433 -7.57712e-05 0.705778 0.20952
0.71236 0.00189867 0.701811 -0.246556 -0.00147249 0.999998 -0.00121075 0.00165304 -0.701812 -0.000170915 0.712362 0.209779
0.728824 0.00207357 0.684698 -0.249632 -0.00184143 0.999998 -0.00106834 0.00194844 -0.684699 -0.000482188 0.728826 0.211553
0.753689 0.00213333 0.657228 -0.255388 -0.00181711 0.999998 -0.00116213 0.00193638 -0.657229 -0.000318371 0.753691 0.213718
0.781256 0.00233614 0.624207 -0.262161 -0.00216794 0.999997 -0.00102916 0.00208697 -0.624207 -0.000549206 0.781258 0.216018
0.808198 0.00189596 0.588907 -0.269106 -0.00159165 0.999998 -0.00103512 0.00168733 -0.588908 -0.000100751 0.8082 0.217984
0.824649 0.00184625 0.565642 -0.273308 -0.00157149 0.999998 -0.000972897 0.00162323 -0.565642 -8.66044e-05 0.824651 0.218818
0.833291 0.00192926 0.552832 -0.275701 -0.0017918 0.999998 -0.000788972 0.00168081 -0.552832 -0.000333121 0.833293 0.219566
0.848246 0.00186295 0.5296 -0.280017 -0.00165437 0.999998 -0.000867891 0.00172779 -0.5296 -0.000139972 0.848247 0.220172
0.867907 0.00225001 0.496721 -0.286407 -0.00211969 0.999997 -0.000826044 0.00159994 -0.496722 -0.000335966 0.86791 0.221426
0.888955 0.0019542 0.45799 -0.293474 -0.00170419 0.999998 -0.000959083 0.00147751 -0.457991 7.20821e-05 0.888957 0.221968
0.909207 0.00195906 0.416339 -0.300961 -0.00168935 0.999998 -0.0010162 0.00141586 -0.41634 0.000220592 0.909209 0.22263
0.927736 0.00228642 0.373231 -0.308991 -0.00220387 0.999997 -0.000647876 0.00157653 -0.373232 -0.000221495 0.927738 0.222611
0.938716 0.0025366 0.344684 -0.31402 -0.0025474 0.999997 -0.000421563 0.00161921 -0.344683 -0.000482321 0.938719 0.222315
0.950107 0.00205749 0.311919 -0.319257 -0.00210349 0.999998 -0.000188997 0.00169333 -0.311918 -0.00047655 0.950109 0.222436
0.962535 0.00222644 0.271149 -0.326503 -0.00217807 0.999998 -0.000479319 0.00133475 -0.27115 -0.000129221 0.962537 0.221601
0.97402 0.00269091 0.226445 -0.333858 -0.0027158 0.999996 -0.000201635 0.00147758 -0.226444 -0.000418581 0.974024 0.221084
0.983475 0.00146323 0.181039 -0.340805 -0.00140731 0.999999 -0.000437313 0.00139426 -0.181039 0.000175308 0.983476 0.219864
0.988324 0.00165618 0.152355 -0.34533 -0.00158669 0.999999 -0.000577677 0.00139629 -0.152356 0.000329191 0.988326 0.218744
0.99046 0.00141405 0.137797 -0.347412 -0.00134623 0.999999 -0.000585423 0.00120901 -0.137797 0.000394332 0.99046 0.217826
0.99152 0.00173854 0.129945 -0.348683 -0.00170263 0.999998 -0.000387442 0.00126999 -0.129946 0.000162907 0.991521 0.217801
0.992052 0.00147798 0.125818 -0.349269 -0.00141135 0.999999 -0.000618747 0.00134933 -0.125819 0.000436256 0.992053 0.217271
0.992282 0.00147225 0.12399 -0.349403 -0.00142434 0.999999 -0.000474988 0.00150047 -0.12399 0.000294718 0.992283 0.21733
0.9924 0.00152885 0.123047 -0.349637 -0.00148429 0.999999 -0.000453864 0.00148961 -0.123048 0.000267777 0.992401 0.217222
0.992474 0.001304 0.122446 -0.349436 -0.00126308 0.999999 -0.000411856 0.0014586 -0.122447 0.000254097 0.992475 0.217357
0.99274 0.00150538 0.120274 -0.34975 -0.00145035 0.999999 -0.000545027 0.00130847 -0.120274 0.00036663 0.992741 0.217067
0.994946 0.00130159 0.100404 -0.352849 -0.00124633 0.999999 -0.000613086 0.00123665 -0.100405 0.000484851 0.994947 0.216132
0.997793 0.0015219 0.0663847 -0.358645 -0.00149506 0.999999 -0.000454042 0.00135701 -0.0663853 0.000353791 0.997794 0.21466
0.9997 0.00154829 0.0244615 -0.3652 -0.00154166 0.999999 -0.000289702 0.00126349 -0.0244619 0.000251904 0.999701 0.212742
0.999773 0.00177428 -0.0212278 -0.372089 -0.00177965 0.999998 -0.000234092 0.001197 0.0212273 0.000271817 0.999775 0.209932
0.997699 0.00136453 -0.0677889 -0.378866 -0.00139856 0.999999 -0.000454648 0.000987942 0.0677882 0.000548409 0.9977 0.206078
0.995323 0.00171399 -0.0965891 -0.383298 -0.0017736 0.999998 -0.00053126 0.00107866 0.096588 0.000700085 0.995324 0.20354
0.993774 0.00127042 -0.111406 -0.38499 -0.00127636 0.999999 1.79346e-05 0.00130879 0.111406 0.000124371 0.993775 0.203268
0.992862 0.00155276 -0.119255 -0.386022 -0.00151591 0.999999 0.000399694 0.00136624 0.119256 -0.000216061 0.992864 0.202752
0.992386 0.00128919 -0.123164 -0.386243 -0.0012656 0.999999 0.000269761 0.00127928 0.123164 -0.000111831 0.992386 0.202419
0.992108 0.00129386 -0.125376 -0.386404 -0.00130434 0.999999 -1.51088e-06 0.00104114 0.125376 0.000165032 0.992109 0.202185
0.991969 0.00161522 -0.126472 -0.386797 -0.00162973 0.999999 -1.13246e-05 0.00117868 0.126472 0.000217349 0.99197 0.202166
0.991901 0.00149191 -0.127003 -0.386891 -0.00150485 0.999999 -5.95808e-06 0.00118924 0.127003 0.00019703 0.991902 0.202119
0.991873 0.00179032 -0.127218 -0.386898 -0.00180991 0.999998 -3.83942e-05 0.00114451 0.127218 0.000268335 0.991875 0.202046
0.991843 0.00189253 -0.127452 -0.38683 -0.00191976 0.999998 -9.08102e-05 0.00118478 0.127452 0.000334747 0.991845 0.202077
0.991835 0.00141658 -0.127518 -0.386769 -0.00144206 0.999999 -0.000107445 0.00125407 0.127518 0.000290456 0.991836 0.20177
0.991837 0.00145385 -0.127503 -0.386753 -0.00147432 0.999999 -6.62148e-05 0.00126282 0.127502 0.000253655 0.991838 0.201865
0.99184 0.00148057 -0.127477 -0.386702 -0.00149706 0.999999 -3.35603e-05 0.00120811 0.127476 0.000224127 0.991842 0.201876
0.991837 0.00131853 -0.127504 -0.386676 -0.00134718 0.999999 -0.000138474 0.00127038 0.127503 0.000309115 0.991838 0.201885
0.99184 0.00142607 -0.127481 -0.386443 -0.00144274 0.999999 -3.83834e-05 0.00127581 0.127481 0.000221991 0.991841 0.202326
0.991837 0.00138899 -0.127503 -0.386374 -0.00140563 0.999999 -4.05354e-05 0.00121343 0.127502 0.000219426 0.991838 0.202298
0.991832 0.00137388 -0.127547 -0.386391 -0.00139247 0.999999 -5.65531e-05 0.00122191 0.127547 0.000233696 0.991833 0.202298
0.99184 0.00133259 -0.127485 -0.38637 -0.001358 0.999999 -0.000112382 0.00125947 0.127484 0.00028459 0.991841 0.202277
0.991839 0.00142657 -0.127488 -0.386379 -0.00144423 0.999999 -4.61026e-05 0.00122284 0.127488 0.000229848 0.99184 0.202276
0.991841 0.0015195 -0.127472 -0.386772 -0.00153651 0.999999 -3.51213e-05 0.00126166 0.127471 0.000230696 0.991842 0.201877
0.991835 0.00141073 -0.127517 -0.386754 -0.0014329 0.999999 -8.21155e-05 0.0012844 0.127517 0.000264165 0.991836 0.201886
0.991838 0.00146444 -0.127495 -0.386773 -0.00148756 0.999999 -8.61216e-05 0.00125836 0.127495 0.000275075 0.991839 0.201876
0.99184 0.00148731 -0.127477 -0.386778 -0.00150743 0.999999 -6.13581e-05 0.0012631 0.127476 0.000253019 0.991842 0.201891
0.991838 0.00141783 -0.1275 -0.386762 -0.00144347 0.999999 -0.000108678 0.0012638 0.1275 0.000291833 0.991839 0.20187
0.99184 0.0016067 -0.12748 -0.3868 -0.00161513 0.999999 3.72875e-05 0.00121695 0.12748 0.000168914 0.991841 0.201925
0.991844 0.00159421 -0.127449 -0.38679 -0.00160676 0.999999 4.40888e-06 0.00121325 0.127449 0.000200407 0.991845 0.201843
0.991845 0.00156783 -0.127442 -0.386819 -0.00158502 0.999999 -3.349e-05 0.00127338 0.127441 0.000235214 0.991846 0.201883
0.991851 0.00163392 -0.127393 -0.386876 -0.00164766 0.999999 -2.51417e-06 0.00132843 0.127393 0.000212394 0.991852 0.2019
0.991844 0.00159146 -0.127447 -0.386824 -0.00160265 0.999999 1.47869e-05 0.00125904 0.127447 0.000189586 0.991845 0.201822
0.991843 0.00152699 -0.127458 -0.386773 -0.00154721 0.999999 -5.96717e-05 0.00126388 0.127458 0.00025639 0.991844 0.201867
0.991845 0.00161173 -0.127438 -0.386798 -0.00162463 0.999999 2.73584e-06 0.00119758 0.127438 0.000204326 0.991847 0.201832
0.991848 0.00157919 -0.12742 -0.386774 -0.00158615 0.999999 4.68236e-05 0.00121255 0.12742 0.000155666 0.991849 0.201899
0.991841 0.00149411 -0.127475 -0.386773 -0.0015175 0.999999 -8.6421e-05 0.00125744 0.127475 0.00027916 0.991842 0.201866
0.991846 0.00161689 -0.127432 -0.386821 -0.00162932 0.999999 6.7301e-06 0.00122597 0.127432 0.000200953 0.991847 0.201866
0.991845 0.0015447 -0.12744 -0.386792 -0.00156157 0.999999 -3.2508e-05 0.00126091 0.12744 0.00023125 0.991846 0.20188
0.991842 0.00148412 -0.127465 -0.386771 -0.0015046 0.999999 -6.43387e-05 0.00126009 0.127465 0.000255598 0.991843 0.20188
0.991837 0.00147916 -0.127503 -0.386753 -0.00150157 0.999999 -7.96145e-05 0.00126171 0.127502 0.000270418 0.991838 0.20189
0.991841 0.00149921 -0.127473 -0.386773 -0.00152281 0.999999 -8.76443e-05 0.00125741 0.127473 0.000281047 0.991842 0.201865
0.991841 0.00150375 -0.127474 -0.386788 -0.0015239 0.999999 -6.05663e-05 0.00126074 0.127473 0.000254329 0.991842 0.201898
0.991839 0.00150944 -0.127491 -0.386758 -0.00152933 0.999999 -5.81286e-05 0.00122125 0.127491 0.00025263 0.99184 0.201855
0.991847 0.00166128 -0.127424 -0.386816 -0.00167267 0.999999 1.75989e-05 0.00121324 0.127424 0.000195683 0.991848 0.201849
0.991851 0.00164465 -0.12739 -0.386814 -0.00165578 0.999999 1.85376e-05 0.0012231 0.12739 0.000192544 0.991853 0.201886
0.991851 0.00165364 -0.127395 -0.386829 -0.00166994 0.999999 -2.11078e-05 0.00128229 0.127395 0.000233679 0.991852 0.201932
0.991849 0.00168484 -0.127409 -0.386823 -0.00170125 0.999999 -1.99478e-05 0.00122501 0.127409 0.00023654 0.99185 0.201833
0.991843 0.00145926 -0.127461 -0.38681 -0.00147292 0.999999 -1.28875e-05 0.00130543 0.127461 0.000200522 0.991844 0.201872
0.991853 0.00164918 -0.127376 -0.386823 -0.00166825 0.999999 -4.29865e-05 0.00123092 0.127376 0.000255131 0.991854 0.201828
0.991848 0.00157285 -0.12742 -0.386771 -0.00158012 0.999999 4.39852e-05 0.00121223 0.12742 0.000157713 0.991849 0.201898
0.991853 0.00162596 -0.127379 -0.386788 -0.00163573 0.999999 2.7844e-05 0.00123917 0.127379 0.000180741 0.991854 0.20191
0.991849 0.00160499 -0.127406 -0.386838 -0.00161424 0.999999 3.0702e-05 0.00126855 0.127406 0.000175212 0.991851 0.20184
0.991839 0.00158954 -0.127486 -0.386781 -0.0015995 0.999999 2.41992e-05 0.00121021 0.127486 0.000179913 0.99184 0.201902
0.99184 0.00143781 -0.127484 -0.386805 -0.00145315 0.999999 -2.73766e-05 0.00129926 0.127484 0.000212407 0.991841 0.201872
0.991842 0.00149668 -0.127462 -0.386765 -0.00151832 0.999999 -7.26227e-05 0.00126688 0.127462 0.000265559 0.991843 0.201863
0.991846 0.00162804 -0.127428 -0.386812 -0.001641 0.999999 3.22823e-06 0.00120327 0.127428 0.000205907 0.991848 0.201828
0.991839 0.00159046 -0.127486 -0.386781 -0.0016004 0.999999 2.45015e-05 0.00121017 0.127486 0.000179727 0.99184 0.201902
0.991844 0.00153518 -0.127449 -0.38681 -0.00154849 0.999999 -5.345e-06 0.00126106 0.127449 0.000202654 0.991845 0.201822
0.991848 0.00157779 -0.127419 -0.386773 -0.00158486 0.999999 4.58414e-05 0.0012121 0.127419 0.000156474 0.991849 0.201899
0.991846 0.00159336 -0.127433 -0.38682 -0.00161513 0.999999 -6.74715e-05 0.00126916 0.127433 0.000272742 0.991847 0.201837
0.991845 0.00160169 -0.127441 -0.386847 -0.00161141 0.999999 2.68049e-05 0.00126089 0.127441 0.000178773 0.991846 0.201849
0.991853 0.00153308 -0.127378 -0.386684 -0.00155197 0.999999 -4.90449e-05 0.00116313 0.127378 0.000246332 0.991854 0.201972
0.991845 0.00139634 -0.127443 -0.386646 -0.0014187 0.999999 -8.46828e-05 0.00124198 0.127443 0.000264796 0.991846 0.201975
0.991849 0.00152203 -0.127412 -0.386712 -0.00154104 0.999999 -5.06372e-05 0.00118576 0.127412 0.000246571 0.99185 0.201977
0.991847 0.00148545 -0.127429 -0.386634 -0.0015004 0.999999 -2.1288e-05 0.00117013 0.127429 0.000212308 0.991848 0.202006
0.991846 0.00147285 -0.12743 -0.38666 -0.00150242 0.999999 -0.000135927 0.00121017 0.12743 0.000326271 0.991848 0.201984
0.991844 0.00144693 -0.127448 -0.386661 -0.00147517 0.999999 -0.000127163 0.00121546 0.127447 0.000314133 0.991845 0.202006
0.991854 0.00152764 -0.127368 -0.386697 -0.00154482 0.999999 -3.60955e-05 0.00120551 0.127368 0.000232562 0.991856 0.201959
0.991846 0.00162696 -0.127428 -0.386695 -0.00165157 0.999999 -8.75269e-05 0.0011782 0.127428 0.00029727 0.991848 0.201926
0.99185 0.00154305 -0.127401 -0.38668 -0.00156353 0.999999 -6.07029e-05 0.00115983 0.127401 0.000259403 0.991851 0.201951
0.991846 0.00146042 -0.127431 -0.386647 -0.00148421 0.999999 -9.17308e-05 0.00122126 0.127431 0.000280117 0.991847 0.20198
0.991845 0.00139725 -0.127446 -0.386653 -0.00141953 0.999999 -8.40308e-05 0.00124868 0.127445 0.000264259 0.991846 0.201971
0.991848 0.00141362 -0.12742 -0.386646 -0.00143519 0.999999 -7.74147e-05 0.00124209 0.12742 0.000259655 0.991849 0.201977
0.99185 0.00153822 -0.127404 -0.386694 -0.00156599 0.999999 -0.000117844 0.00122008 0.127403 0.000316397 0.991851 0.201956
0.991844 0.00142111 -0.127451 -0.38662 -0.00144961 0.999999 -0.000130879 0.00121611 0.127451 0.000314566 0.991845 0.202005
0.991846 0.00147272 -0.12743 -0.38666 -0.00150229 0.999999 -0.000135946 0.00121017 0.12743 0.000326275 0.991848 0.201984
0.991844 0.00144693 -0.127448 -0.386661 -0.00147517 0.999999 -0.000127163 0.00121546 0.127447 0.000314133 0.991845 0.202006
0.991849 0.00158887 -0.127411 -0.386685 -0.00161078 0.999999 -6.89403e-05 0.00119517 0.12741 0.000273609 0.99185 0.201923
0.991847 0.00154806 -0.127428 -0.386683 -0.0015654 0.999999 -3.59262e-05 0.00116262 0.127428 0.000235109 0.991848 0.202014
0.991843 0.00149521 -0.127455 -0.386644 -0.00151091 0.999999 -2.64748e-05 0.00118846 0.127455 0.000218831 0.991844 0.202002
0.991849 0.00150546 -0.127406 -0.386679 -0.00152489 0.999999 -5.49542e-05 0.00120093 0.127406 0.000248787 0.991851 0.20195
0.991849 0.00156721 -0.127406 -0.386685 -0.00158645 0.999999 -4.95303e-05 0.00116984 0.127406 0.000251251 0.991851 0.201976
0.99185 0.0015223 -0.127406 -0.386696 -0.00154228 0.999999 -5.8228e-05 0.00121608 0.127406 0.000254249 0.991851 0.201953
0.99185 0.00153822 -0.127404 -0.386694 -0.00156599 0.999999 -0.000117844 0.00122008 0.127403 0.000316397 0.991851 0.201956
0.991848 0.00150903 -0.127415 -0.386687 -0.00153251 0.999999 -8.62765e-05 0.00126307 0.127415 0.000280838 0.991849 0.201998
0.991848 0.00152423 -0.127415 -0.38668 -0.00153893 0.999999 -1.69353e-05 0.0012125 0.127414 0.000212879 0.99185 0.201948
0.991849 0.00151735 -0.127409 -0.386696 -0.00153466 0.999999 -3.77036e-05 0.00121173 0.127409 0.000232926 0.99185 0.201973
0.991849 0.00158887 -0.127411 -0.386685 -0.00161078 0.999999 -6.89403e-05 0.00119517 0.12741 0.000273609 0.99185 0.201923
0.991848 0.0016413 -0.127418 -0.386697 -0.00166685 0.999999 -9.38865e-05 0.00117584 0.127418 0.000305508 0.991849 0.201918
0.991848 0.00141362 -0.12742 -0.386646 -0.00143519 0.999999 -7.74147e-05 0.00124209 0.12742 0.000259655 0.991849 0.201977
