-4.44089e-16 1.11022e-16 -5.20417e-18 
0.000119717 -4.37089e-06 5.43203e-06 
0.000249203 -5.56173e-06 -0.000199498 
-0.000418746 -1.74846e-05 -0.00018961 
0.000149206 -0.000117694 -1.18036e-05 
0.000401414 -0.000105696 -9.78074e-06 
2.03146e-05 -4.22161e-05 -3.08268e-05 
-0.000674909 -7.67985e-06 -0.000268829 
-0.000151999 4.0773e-05 -0.000138097 
-0.000491085 1.28031e-05 -0.000124404 
-0.00100774 9.13194e-06 -0.000243565 
0.000542186 -5.02062e-05 -0.000292512 
-0.000163485 -7.9444e-07 -3.328e-06 
0.000239501 -6.38011e-05 8.85732e-05 
-0.000189004 8.10895e-05 -0.000231567 
1.24055e-05 3.75848e-05 -0.000125999 
-0.000250202 -1.60523e-05 -0.000407535 
-0.000603216 1.30451e-05 -0.000261672 
0.000493155 -2.22426e-05 2.34152e-05 
0.000216285 1.44291e-06 9.73014e-05 
8.40332e-05 1.37537e-05 -8.34521e-05 
7.46701e-05 4.65749e-05 -0.000129287 
-3.10624e-06 5.85103e-05 -6.4976e-05 
0.000302457 1.83601e-05 -8.32318e-05 
-0.00060035 -6.87227e-06 -4.6357e-05 
0.000349396 -6.81123e-05 -7.31129e-05 
-0.0015233 0.000160604 -0.000590633 
-0.000656942 4.5759e-05 -3.45296e-05 
-0.000424379 8.21131e-05 -0.0002425 
-0.00154327 -3.02584e-05 -0.000340256 
0.000945493 -0.000115198 0.00015905 
-0.000739936 8.70449e-05 -0.000361235 
-0.00117119 4.15213e-05 -0.000391377 
-0.0008295 3.26178e-05 -0.000346128 
-0.000284629 5.01043e-05 -0.000251807 
0.000295093 -2.0236e-06 7.46748e-05 
0.00030451 3.64951e-05 9.6773e-05 
-0.000566436 2.44211e-05 -0.000202368 
-0.00153856 0.000128279 -0.000360085 
-0.000876596 0.000128079 -0.000126497 
-0.00219738 0.00016714 -0.000578889 
-0.000887755 9.34344e-05 -0.000234613 
-0.00140004 9.96032e-05 -0.000376718 
-0.000780388 0.000121602 -6.09633e-05 
-0.00196728 0.000172261 -0.000782821 
-0.00181137 0.00020471 -0.00044714 
-0.00105299 0.000116302 -0.00047536 
-0.000838884 0.000162215 -0.000131997 
-0.0010537 4.56165e-05 -0.000584986 
-0.00012326 0.000127277 -0.000161027 
-0.00190301 0.000168268 -0.000646672 
-0.000558388 8.01046e-05 -0.000118478 
-0.00163293 0.000134161 -0.000462997 
-0.00116288 0.000167696 -0.000466466 
-0.00145418 0.000126738 -0.000450934 
-0.00123124 0.000163905 -0.000411734 
-0.00171816 0.000116884 -0.000619021 
-0.000547225 8.89011e-05 -0.000184514 
-0.000550574 0.000161902 -0.000256519 
-0.0019618 0.000269019 -0.000468649 
-0.000566537 0.00011826 -0.000155475 
-0.00141828 0.000207827 -0.000214304 
-0.00142655 0.000168533 -0.000351352 
-0.00133406 0.000233787 -0.000430762 
-0.00109288 0.00013234 -0.000410741 
-0.00149748 0.000180447 -0.000297483 
-0.00026078 0.000111172 -7.99624e-05 
-0.00189259 0.000205494 -0.000576347 
-0.000914345 0.000106178 -0.000467553 
-0.00172344 0.000182477 -0.000473921 
-0.000556606 0.000152036 -0.000150146 
-0.00188377 0.000237096 -0.000482149 
-0.00169632 0.000193822 -0.000462089 
-0.000398573 2.97622e-05 2.15541e-05 
-0.000569621 0.000151185 -0.000198343 
-0.000334354 7.04791e-05 -0.000155942 
-0.00129297 0.000104893 6.10046e-05 
-0.000843723 0.000157329 -7.36786e-05 
-0.00226337 0.000234308 -0.000433808 
-0.000152338 8.68988e-05 -0.000239254 
-0.00108217 0.000132395 -0.000302305 
-0.00171088 0.000123538 -0.000241048 
-0.000963076 0.000210219 -0.000221819 
-0.00150736 0.000192472 -0.000330701 
-0.00087587 7.81781e-05 -0.000266792 
-0.000971563 0.000160947 -0.000388412 
-0.00126205 0.000199856 -0.000253615 
-0.00102586 0.000197734 -0.000446493 
-0.00222641 0.000196483 -0.000705451 
-0.000879064 0.000124015 -0.00014854 
-0.000624461 6.14851e-05 -0.000380716 
-0.00063594 1.31924e-05 0.000117385 
-0.0012945 0.000192138 -0.000306678 
-0.00253887 0.000157398 -0.000629263 
-0.00210505 0.000161691 -0.000305723 
-0.00221786 0.000151794 -0.000307657 
-0.00189611 0.000167826 -0.000377254 
0.000476169 1.22493e-05 2.53433e-05 
-0.00128953 0.000192638 -0.000464343 
-0.000933758 0.000110191 -0.000328435 
-0.00120913 0.000178448 -0.000257145 
-0.00103812 0.00014776 -0.000147173 
-0.00100915 0.000211084 7.30467e-05 
-0.00190792 0.000179194 -0.000353403 
-0.00097139 6.81103e-05 -0.00045295 
-0.00238847 0.000162127 -0.000632065 
-0.0010318 0.000173715 -0.000398752 
-0.00093228 0.000147446 6.17432e-05 
-0.00183853 0.000110769 -0.000446204 
-0.000589935 0.000103625 -0.000155126 
-0.00205515 0.000189974 -0.000441314 
-0.00131141 0.00022381 -0.000265991 
-0.00177634 0.000170013 -0.000264454 
-0.00203597 0.000247238 -0.000519476 
-0.00184934 0.000195328 -0.000338793 
-0.00225279 0.000279904 -0.000652323 
-0.000411851 7.65205e-05 -0.000102355 
-0.000895739 0.000124919 -0.000531517 
-0.00172167 0.000268015 -0.000570504 
-0.00095097 3.27651e-05 -0.000615724 
-0.00135596 0.000149701 -0.000426359 
-0.000558675 0.000152597 -0.000106774 
-0.00227247 0.000211002 -0.000669124 
-0.00154471 0.00023585 -0.000284598 
-0.00144547 0.000164635 -0.000336795 
-0.00128948 0.000120747 -0.000291498 
-0.000963476 7.0733e-05 0.000328476 
0.000103731 6.30997e-05 0.000864189 
-0.00167915 0.000168827 0.00108611 
-0.000805276 0.000282301 0.00123168 
-0.0016203 0.000228659 0.00181119 
-0.00126161 0.000238057 0.00239996 
-0.00105122 0.000150871 0.00313293 
-0.00110624 8.96149e-05 0.00331955 
0.000265693 5.9147e-05 0.00354232 
-0.000132548 0.000115796 0.00419804 
0.000748035 7.7277e-06 0.00470951 
-0.00170968 0.00018944 0.00490421 
-0.000851171 -1.77978e-05 0.00607319 
-0.00184362 0.000177388 0.0054534 
-0.00206945 0.00022279 0.0061623 
-0.000724526 6.51875e-05 0.00702358 
-0.000881776 0.0002364 0.00737015 
0.000385051 7.42931e-05 0.00765624 
-0.000415366 0.000257693 0.00812546 
-0.000949147 0.000150105 0.00827024 
-0.000775815 0.000292119 0.00916735 
-0.000777343 0.000282981 0.00968876 
-0.00100373 0.000142811 0.0103372 
-0.00290638 0.000299478 0.0107183 
-0.00140236 0.000249404 0.0105197 
-0.000357112 0.000150369 0.0109865 
7.90452e-05 0.000193854 0.0116041 
-0.00029643 0.000109151 0.0119142 
-0.00102423 0.000337645 0.0121947 
-0.00154026 0.000171697 0.0130287 
-0.00170333 0.000300792 0.0134903 
-0.00157912 0.000361534 0.0137393 
-0.000910445 0.000274033 0.014479 
-0.000686916 0.000359291 0.0146036 
-0.000604595 0.000200775 0.0151503 
-0.00058415 0.000328196 0.0152393 
-0.00128774 0.000314733 0.0155587 
-0.00153556 0.000483356 0.0165434 
-0.00103269 0.000387884 0.0168988 
-0.00232827 0.000506932 0.0173174 
-0.00169772 0.000373489 0.0174634 
-0.000184197 0.000252547 0.0183681 
-0.000721681 0.000288519 0.0187722 
-0.000642374 0.000332934 0.0189895 
-0.000203349 0.000362249 0.0194803 
-0.000988261 0.000356021 0.0200173 
-0.00328172 0.000379616 0.0204796 
-0.00150573 0.000187442 0.0205437 
-0.00240378 0.000696797 0.0208443 
-0.00203918 0.00049396 0.0219111 
0.000143686 0.000325594 0.0222819 
-0.00173117 0.000358665 0.0223308 
-0.00114954 0.000338093 0.0239831 
-0.00322505 0.000445608 0.0253787 
-0.000572766 0.000196723 0.0268713 
-0.00200051 5.43207e-05 0.0285601 
-0.00230623 0.000410421 0.029449 
-0.00132494 0.00024279 0.0307007 
-0.00204983 0.000327877 0.0319114 
0.000289494 0.000168605 0.0337882 
-0.000547147 0.000236939 0.0350902 
-0.00278563 0.000512993 0.0365025 
-0.00106683 0.000133026 0.0372854 
-0.00239484 0.000439309 0.0389797 
-0.00138821 0.000329956 0.0403839 
-0.000206084 0.00013705 0.0416465 
-0.00291911 0.000344535 0.044259 
-0.00392109 0.000388111 0.0452294 
-0.00228198 0.000198577 0.0473826 
-0.00260636 0.00025662 0.0478409 
-0.00243711 0.000288437 0.0500446 
-0.00301919 0.000364892 0.0512907 
-0.00358924 0.000375261 0.0522186 
-0.00172033 0.000158423 0.0537593 
-0.00294176 0.000359801 0.0557596 
-0.00331417 0.000373735 0.056203 
-0.00191816 1.33977e-05 0.058752 
-0.00166993 0.000136567 0.0596328 
-0.00221318 0.000132816 0.0609124 
-0.00403092 -7.94983e-05 0.0621192 
-0.00152479 -2.65824e-05 0.0638043 
-0.0033205 -5.87361e-05 0.065163 
-0.00357653 0.00010254 0.0667559 
-0.00182407 -8.10039e-05 0.067864 
-0.00164894 -1.0701e-05 0.0696215 
-0.00143864 -0.000114518 0.0712295 
-0.00186443 -7.31401e-05 0.0725689 
-0.00505255 0.000276925 0.0736847 
-0.0025689 0.000151792 0.075184 
-0.00244648 -8.41874e-05 0.0764286 
-0.00358951 0.000131927 0.0777349 
-0.00290006 -2.96087e-05 0.0796448 
-0.00359147 0.000123575 0.0819412 
-0.00529586 0.000299544 0.0844415 
-0.00330232 1.6093e-05 0.0871828 
-0.00299987 4.08151e-05 0.0892742 
-0.0040536 -0.000144559 0.0915534 
-0.00404369 2.4705e-05 0.0939852 
-0.00317542 -9.80525e-05 0.0977615 
-0.00345829 -0.000363013 0.0998165 
-0.00264077 -0.000351251 0.102004 
-0.00283047 -0.000298894 0.104716 
-0.00580324 -0.000153538 0.107282 
-0.00518878 -0.000303839 0.109538 
-0.0042764 -0.000364084 0.11214 
-0.00560826 -0.000507845 0.11446 
-0.00619792 -0.000312984 0.117051 
-0.00614687 -0.00029572 0.119592 
-0.00530475 -0.000624818 0.122304 
-0.00520592 -0.000383753 0.124931 
-0.00592453 -0.000302115 0.127586 
-0.00682849 -0.00020553 0.129723 
-0.00519618 -0.000511284 0.132193 
-0.0063487 -0.00062931 0.134957 
-0.00521515 -0.000783223 0.13725 
-0.00411224 -0.00084049 0.139872 
-0.00422142 -0.000909204 0.142649 
-0.00653688 -0.000505995 0.144816 
-0.00567243 -0.000705076 0.146746 
-0.00524039 -0.000937797 0.149776 
-0.00683951 -0.000963726 0.15193 
-0.00597924 -0.000848033 0.153828 
-0.00504184 -0.000861212 0.156951 
-0.0052154 -0.000897964 0.159045 
-0.00527842 -0.000952709 0.161189 
-0.00636958 -0.000728761 0.163803 
-0.00483944 -0.000925771 0.166486 
-0.00592352 -0.00103613 0.168742 
-0.00644718 -0.000885775 0.171739 
-0.00589093 -0.000970806 0.17365 
-0.00477856 -0.00139793 0.175633 
-0.00731298 -0.00138534 0.178873 
-0.00497771 -0.00125512 0.180967 
-0.00461629 -0.00140065 0.183249 
-0.00944316 -0.00117821 0.186402 
-0.00722931 -0.00132858 0.188167 
-0.00719204 -0.00105795 0.191251 
-0.00762348 -0.00144134 0.193582 
-0.00661919 -0.00147165 0.195724 
-0.00734414 -0.00129296 0.19826 
-0.00837059 -0.00134531 0.201592 
-0.00635919 -0.00158494 0.203353 
-0.0073126 -0.00169274 0.205129 
-0.00690705 -0.00179345 0.207358 
-0.00400086 -0.00165794 0.210143 
-0.00748691 -0.00155445 0.212311 
-0.00539383 -0.0015215 0.214563 
-0.00725698 -0.00160587 0.216561 
-0.00915173 -0.00134988 0.220066 
-0.00643156 -0.00160693 0.222131 
-0.00921504 -0.0015616 0.22448 
-0.00839184 -0.00144835 0.227709 
-0.00507665 -0.00166895 0.229554 
-0.0075424 -0.00183408 0.232149 
-0.00634818 -0.0020256 0.234153 
-0.00580826 -0.00185615 0.236345 
-0.00953638 -0.0022482 0.239167 
-0.00554627 -0.00206273 0.241731 
-0.00894809 -0.00206262 0.244248 
-0.0070896 -0.00237221 0.248939 
-0.00679751 -0.00281148 0.253689 
-0.00837215 -0.00234152 0.257513 
-0.00795251 -0.00232635 0.262385 
-0.00794897 -0.00245668 0.266655 
-0.00495542 -0.00259661 0.270485 
-0.00669767 -0.002579 0.274504 
-0.00407427 -0.00277421 0.278564 
-0.00618114 -0.00271722 0.283235 
-0.0062775 -0.00265998 0.287306 
-0.00659351 -0.00308125 0.291098 
-0.00741882 -0.00267031 0.295579 
-0.00771538 -0.00287851 0.299423 
-0.00635245 -0.00295861 0.303579 
-0.00811413 -0.00310776 0.30784 
-0.00514645 -0.00315362 0.31231 
-0.0042791 -0.00308387 0.315897 
-0.00714462 -0.00308835 0.320906 
-0.0082399 -0.00298909 0.325437 
-0.00571845 -0.0034444 0.32912 
-0.00561665 -0.00336798 0.332778 
-0.00392647 -0.00351534 0.337395 
-0.0043787 -0.00348874 0.341045 
-0.00584897 -0.00342702 0.346094 
-0.00574734 -0.00367456 0.350648 
-0.00402033 -0.00379267 0.355436 
-0.00391588 -0.00362927 0.360305 
-0.0059746 -0.00360106 0.364519 
-0.0020063 -0.00399361 0.36835 
-0.00394209 -0.0039092 0.373502 
-0.00607969 -0.00423824 0.383398 
0.00283714 -0.00434169 0.392047 
0.000237743 -0.0044984 0.397303 
-0.00139787 -0.00456756 0.401961 
0.00130435 -0.00435918 0.406386 
0.00182516 -0.00453348 0.410682 
0.00427426 -0.00480925 0.41542 
0.00281127 -0.00488855 0.42026 
0.00199921 -0.00501395 0.424952 
0.00695448 -0.00542306 0.429634 
0.006445 -0.00550945 0.434423 
0.00473456 -0.0051118 0.439793 
0.00830351 -0.00567164 0.443864 
0.00707193 -0.00617811 0.448507 
0.00696454 -0.00593808 0.453252 
0.0080162 -0.00657865 0.457557 
0.00828856 -0.00657615 0.461902 
0.0117062 -0.0067578 0.466332 
0.0128552 -0.00676695 0.470959 
0.00907998 -0.00648657 0.476474 
0.0144693 -0.00677098 0.484656 
0.0133409 -0.0068751 0.489334 
0.0140973 -0.00691176 0.493858 
0.0116832 -0.00639539 0.503042 
0.00467003 -0.0064694 0.507489 
0.00202562 -0.00644937 0.512304 
-0.0122156 -0.00242008 0.52139 
-0.0159795 -0.000201386 0.526148 
-0.0150957 0.00096101 0.531042 
-0.0151955 0.00228086 0.535822 
-0.0120777 0.00200444 0.538881 
-0.015053 -0.000170487 0.535895 
-0.0101196 -0.00056064 0.536455 
-0.0125303 -0.0021946 0.535067 
-0.0119328 -0.00368604 0.533175 
-0.0162881 -0.00494575 0.532215 
-0.019185 -0.00623726 0.531315 
-0.0172873 -0.00800453 0.52942 
-0.0178802 -0.010715 0.527671 
-0.0196366 -0.0131605 0.526355 
-0.0258337 -0.0195758 0.525154 
-0.0177926 -0.012597 0.531178 
-0.0186988 -0.0100242 0.537955 
-0.0110782 -0.0098259 0.53948 
-0.0049737 -0.00934179 0.544793 
-0.0131132 -0.00844255 0.550933 
-0.00483705 -0.00917116 0.556395 
-0.00313992 -0.0090691 0.558902 
-0.0135001 -0.00905182 0.562246 
-0.00217647 -0.0102425 0.567774 
-0.00750364 -0.0102993 0.571076 
-0.00819621 -0.0105979 0.577074 
-0.00625279 -0.0116861 0.5811 
-0.0117082 -0.0109151 0.58864 
-0.00224484 -0.0123232 0.590762 
-0.00630381 -0.0125258 0.593448 
-0.0099599 -0.0130645 0.602232 
0.00149877 -0.0137145 0.604128 
-0.00492452 -0.0134006 0.608068 
-0.00946206 -0.0132873 0.61607 
-0.00989196 -0.0135508 0.620692 
-0.00759533 -0.0145581 0.622331 
-0.00788322 -0.0143161 0.629479 
-0.00325541 -0.0151227 0.630837 
0.0013016 -0.0157041 0.635693 
-0.0321152 -0.0410998 0.678491 
-0.0146454 -0.0478384 0.690938 
-0.0120796 -0.047764 0.696586 
-0.00915447 -0.0477665 0.702756 
-0.00899696 -0.0472246 0.705702 
-0.006879 -0.0441694 0.710719 
-0.000849794 -0.0443177 0.716718 
-0.00112998 -0.0392264 0.717297 
-0.00251347 -0.0463066 0.714547 
-0.00198317 -0.0533756 0.715331 
-0.0046162 -0.0574173 0.713247 
-0.00821131 -0.0619193 0.712707 
-0.00546071 -0.0685082 0.713489 
-0.00674474 -0.0740165 0.710178 
-0.00826063 -0.0764991 0.708653 
-0.00682266 -0.0830776 0.708945 
-0.00978857 -0.0862568 0.705937 
-0.0081555 -0.092697 0.708072 
-0.0108739 -0.0925643 0.706651 
-0.00703394 -0.0888752 0.709919 
0.014847 -0.0798759 0.663861 
0.0139538 -0.0752344 0.66516 
-0.00333642 -0.0806414 0.715375 
-0.00323371 -0.075043 0.716951 
-0.00232368 -0.0730939 0.718647 
0.0182325 -0.0582373 0.668514 
-0.00220685 -0.0627897 0.717831 
0.0188605 -0.05172 0.671173 
0.0204196 -0.0503555 0.673584 
0.022922 -0.0482623 0.674965 
0.0264757 -0.0436843 0.675459 
0.0244058 -0.0394834 0.676087 
0.0250325 -0.0348983 0.676927 
0.0257504 -0.0329293 0.680227 
0.0288189 -0.0335852 0.685565 
0.0284548 -0.0345252 0.690678 
0.0119255 -0.0425619 0.749117 
0.0289604 -0.0350865 0.699844 
0.031257 -0.0356067 0.704018 
0.0319103 -0.0360583 0.708285 
0.0323409 -0.0365389 0.712917 
0.0150582 -0.0439079 0.772371 
0.0156592 -0.0448676 0.777356 
0.0346701 -0.0387285 0.726803 
0.0353382 -0.0391293 0.731073 
0.0389546 -0.0401276 0.735176 
0.0256268 -0.046968 0.799484 
0.0246587 -0.0484494 0.804312 
0.0435073 -0.0423308 0.748665 
0.0457873 -0.0429581 0.752935 
0.0284472 -0.0497116 0.819389 
0.0290479 -0.0505842 0.824544 
0.0448534 -0.0444549 0.766715 
0.0322768 -0.0506016 0.833839 
0.0469469 -0.0456582 0.776036 
0.034612 -0.0512865 0.843964 
0.0488154 -0.046405 0.784401 
0.0344496 -0.0522402 0.853229 
0.035975 -0.0527833 0.858257 
0.0497006 -0.0483183 0.798111 
0.0387899 -0.0539316 0.868344 
0.0516644 -0.0490211 0.807019 
0.0398319 -0.0534473 0.877172 
0.0399299 -0.0547238 0.882295 
0.0395914 -0.0544462 0.886298 
0.0407812 -0.0549759 0.895432 
