1 6.77626e-21 0 -6.93889e-18 6.77626e-21 1 3.30872e-24 0 0 0 1 0
1 -5.19513e-05 -2.63793e-08 -2.66926e-06 5.19513e-05 1 -1.77638e-11 -1.50443e-06 2.63793e-08 1.63934e-11 1 -1.57906e-09
1 -2.87664e-05 -1.45646e-08 -1.47673e-06 2.87664e-05 1 1.35234e-12 2.77895e-06 1.45646e-08 -1.77132e-12 1 -8.69676e-10
1 1.86371e-05 9.56288e-09 9.60223e-07 -1.86371e-05 1 -1.25679e-11 -1.2066e-06 -9.56288e-09 1.23897e-11 1 5.82982e-10
1 1.64091e-06 8.5524e-10 8.1927e-08 -1.64091e-06 1 2.93568e-12 -1.06226e-07 -8.55241e-10 -2.93708e-12 1 6.47423e-11
1 1.87978e-06 9.77504e-10 9.32452e-08 -1.87978e-06 1 2.97161e-12 -1.21693e-07 -9.77503e-10 -2.97345e-12 1 7.60043e-11
1 -2.14251e-05 -1.08212e-08 -1.10322e-06 2.14251e-05 1 -9.48717e-13 1.38722e-06 1.08212e-08 7.16872e-13 1 -6.27437e-10
1 -1.19324e-05 -5.99974e-09 -6.17363e-07 1.19324e-05 1 5.01302e-12 7.72608e-07 5.99974e-09 -5.08462e-12 1 -3.31302e-10
1 -1.25711e-05 -6.28956e-09 -6.49265e-07 1.25711e-05 1 -1.7106e-11 8.14009e-07 6.28956e-09 1.70269e-11 1 -3.44343e-10
1 -8.34827e-05 -4.2395e-08 -4.29682e-06 8.34827e-05 1 -1.41934e-11 -7.32984e-06 4.2395e-08 1.06542e-11 1 -2.50921e-09
1 -2.87664e-05 -1.45645e-08 -1.486e-06 2.87664e-05 1 1.35239e-12 2.77895e-06 1.45645e-08 -1.77136e-12 1 -8.33222e-10
1 -1.03728e-05 -5.21876e-09 -5.4162e-07 1.03728e-05 1 5.3826e-12 6.71626e-07 5.21876e-09 -5.43673e-12 1 -2.69451e-10
1 -3.24393e-05 -1.64203e-08 -1.67598e-06 3.24393e-05 1 -1.02143e-12 2.10037e-06 1.64203e-08 4.88766e-13 1 -9.37303e-10
1 -4.53366e-05 -2.29706e-08 -2.33904e-06 4.53366e-05 1 4.02543e-12 -5.15667e-06 2.29706e-08 -5.06683e-12 1 -1.32775e-09
1 -4.94464e-17 1.17351e-13 -1.39121e-08 4.94464e-17 1 -3.23355e-19 -4.51299e-13 -1.17351e-13 3.2315e-19 1 5.46811e-11
1 1.96779e-06 1.02305e-09 8.75324e-08 -1.96779e-06 1 2.99437e-12 -1.27392e-07 -1.02305e-09 -2.99638e-12 1 1.19116e-10
1 1.86371e-05 9.563e-09 9.46311e-07 -1.86371e-05 1 -1.25679e-11 -1.2066e-06 -9.563e-09 1.23897e-11 1 6.37663e-10
1 -3.01564e-05 -1.52937e-08 -1.56539e-06 3.01564e-05 1 -7.04388e-12 2.52213e-06 1.52937e-08 6.58268e-12 1 -8.49747e-10
1 -8.34827e-05 -4.23949e-08 -4.3061e-06 8.34827e-05 1 -1.41934e-11 -7.32984e-06 4.23949e-08 1.06542e-11 1 -2.47276e-09
1 1.87978e-06 9.77621e-10 7.93332e-08 -1.87978e-06 1 2.97159e-12 -1.21693e-07 -9.77621e-10 -2.97343e-12 1 1.30685e-10
1 -9.38315e-07 -3.51081e-10 -6.14444e-08 9.38315e-07 1 -1.63268e-11 6.08375e-08 3.51081e-10 1.63264e-11 1 5.66029e-11
1 -5.20926e-05 -2.64502e-08 -2.69603e-06 5.20926e-05 1 -1.77637e-11 -1.53054e-06 2.64502e-08 1.63858e-11 1 -1.50649e-09
1 -1.23399e-05 -6.1728e-09 -6.50337e-07 1.23399e-05 1 -1.70978e-11 7.99039e-07 6.1728e-09 1.70217e-11 1 -2.86592e-10
1 -1.25711e-05 -6.28944e-09 -6.63177e-07 1.25711e-05 1 -1.71059e-11 8.14009e-07 6.28944e-09 1.70269e-11 1 -2.89662e-10
1 -1.70443e-16 1.94622e-13 -2.31868e-08 1.7045e-16 1 4.59274e-17 -7.52155e-13 -1.94622e-13 -4.59297e-17 1 9.11352e-11
1 1.96779e-06 1.02313e-09 7.82577e-08 -1.96779e-06 1 2.99442e-12 -1.27392e-07 -1.02313e-09 -2.99643e-12 1 1.5557e-10
1 -2.91126e-05 -1.47395e-08 -1.51867e-06 2.91126e-05 1 -6.53975e-12 2.71497e-06 1.47395e-08 6.11064e-12 1 -7.84718e-10
1 -8.34462e-05 -4.23768e-08 -4.31252e-06 8.34462e-05 1 -1.41269e-11 -7.3231e-06 4.23768e-08 1.05908e-11 1 -2.43915e-09
1 1.64091e-06 8.55435e-10 5.87402e-08 -1.64091e-06 1 2.93563e-12 -1.06227e-07 -8.55435e-10 -2.93704e-12 1 1.55878e-10
1 -1.26564e-05 -6.332e-09 -6.73157e-07 1.26564e-05 1 -1.71088e-11 8.19529e-07 6.332e-09 1.70287e-11 1 -2.7006e-10
1 -2.14251e-05 -1.0821e-08 -1.12641e-06 2.14251e-05 1 -9.4874e-13 1.38722e-06 1.0821e-08 7.16899e-13 1 -5.36302e-10
1 5.52407e-07 4.17811e-10 5.64735e-09 -5.52407e-07 1 -1.6247e-11 -3.56797e-08 -4.17811e-10 1.62468e-11 1 1.42396e-10
1 -6.69802e-05 -3.39395e-08 -3.46728e-06 6.69802e-05 1 1.89263e-12 -4.28108e-06 3.39395e-08 -4.16591e-12 1 -1.91688e-09
1 -1.25711e-05 -6.28937e-09 -6.72452e-07 1.25711e-05 1 -1.71059e-11 8.14009e-07 6.28937e-09 1.70269e-11 1 -2.53208e-10
1 -3.59807e-05 -1.82206e-08 -1.87858e-06 3.59807e-05 1 -6.46312e-12 2.32966e-06 1.82206e-08 5.80753e-12 1 -9.64295e-10
1 1.96779e-06 1.02321e-09 6.8983e-08 -1.96779e-06 1 2.99437e-12 -1.27392e-07 -1.02321e-09 -2.99639e-12 1 1.92024e-10
1 -2.11804e-05 -1.06825e-08 -1.11843e-06 2.11804e-05 1 -1.74738e-11 1.37142e-06 1.06825e-08 1.72476e-11 1 -5.06417e-10
1 -4.946e-05 -2.50833e-08 -2.57416e-06 4.946e-05 1 2.48942e-12 -5.46846e-06 2.50833e-08 -3.73004e-12 1 -1.36654e-09
1 -3.24393e-05 -1.64195e-08 -1.70005e-06 3.24393e-05 1 -1.4318e-11 2.10032e-06 1.64195e-08 1.37853e-11 1 -8.41877e-10
1 -1.70701e-16 3.13527e-13 -3.70988e-08 1.70714e-16 1 4.96457e-17 -1.20345e-12 -3.13527e-13 -4.96501e-17 1 1.45817e-10
1 1.86588e-05 9.57369e-09 9.25213e-07 -1.86588e-05 1 -1.26071e-11 -1.20801e-06 -9.57369e-09 1.24284e-11 1 7.25501e-10
1 -1.03728e-05 -5.21853e-09 -5.69444e-07 1.03728e-05 1 5.3826e-12 6.71625e-07 5.21853e-09 -5.43673e-12 1 -1.60088e-10
1 -6.69802e-05 -3.39394e-08 -3.47656e-06 6.69802e-05 1 1.89259e-12 -4.28108e-06 3.39394e-08 -4.16586e-12 1 -1.88042e-09
1 -2.90275e-05 -1.4695e-08 -1.52915e-06 2.90275e-05 1 -6.4636e-12 2.73069e-06 1.4695e-08 6.03704e-12 1 -7.23447e-10
1 -3.04559e-05 -1.54078e-08 -1.60272e-06 3.04559e-05 1 1.32033e-11 -7.34316e-06 1.54078e-08 -1.36725e-11 1 -7.62573e-10
1 -6.73631e-05 -3.41359e-08 -3.49896e-06 6.73631e-05 1 5.3393e-13 -4.35182e-06 3.41359e-08 -2.83343e-12 1 -1.88177e-09
1 -8.05334e-05 -4.08467e-08 -4.17735e-06 8.05334e-05 1 -9.17679e-12 -6.785e-06 4.08467e-08 5.88726e-12 1 -2.28076e-09
1 -1.19324e-05 -5.99942e-09 -6.54462e-07 1.19324e-05 1 5.01303e-12 7.72607e-07 5.99942e-09 -5.08462e-12 1 -1.85485e-10
1 -4.53366e-05 -2.29703e-08 -2.3715e-06 4.53366e-05 1 4.02543e-12 -5.15667e-06 2.29703e-08 -5.06682e-12 1 -1.20016e-09
1 -3.24394e-05 -1.64129e-08 -1.70991e-06 3.24394e-05 1 1.40839e-12 2.10037e-06 1.64129e-08 -1.94081e-12 1 -8.02269e-10
1 -3.44229e-05 -1.74247e-08 -1.81247e-06 3.44229e-05 1 -1.03898e-11 1.7339e-06 1.74247e-08 9.79e-12 1 -8.60587e-10
1 -1.03728e-05 -5.21845e-09 -5.78719e-07 1.03728e-05 1 5.38255e-12 6.71624e-07 5.21845e-09 -5.43668e-12 1 -1.23634e-10
1 -1.19324e-05 -5.99939e-09 -6.59099e-07 1.19324e-05 1 5.01305e-12 7.72607e-07 5.99939e-09 -5.08464e-12 1 -1.67258e-10
1 1.64091e-06 8.55631e-10 3.55534e-08 -1.64091e-06 1 2.93566e-12 -1.06228e-07 -8.55631e-10 -2.93706e-12 1 2.47013e-10
1 -8.34827e-05 -4.23947e-08 -4.33856e-06 8.34827e-05 1 -1.41934e-11 -7.32984e-06 4.23947e-08 1.06542e-11 1 -2.34517e-09
1 -2.87664e-05 -1.45641e-08 -1.52774e-06 2.87664e-05 1 1.35239e-12 2.77895e-06 1.45641e-08 -1.77135e-12 1 -6.69178e-10
1 5.52407e-07 4.18007e-10 -1.75394e-08 -5.52407e-07 1 -1.6247e-11 -3.56805e-08 -4.18007e-10 1.62468e-11 1 2.33532e-10
1 -2.90275e-05 -1.46949e-08 -1.54306e-06 2.90275e-05 1 -6.46358e-12 2.73069e-06 1.46949e-08 6.03703e-12 1 -6.68766e-10
1 -8.27152e-05 -4.20241e-08 -4.30494e-06 8.27152e-05 1 -1.2932e-11 -7.18805e-06 4.20241e-08 9.45599e-12 1 0.00146421
1 -3.24393e-05 -1.6388e-08 -1.72521e-06 3.24393e-05 1 -2.70238e-12 2.10037e-06 1.6388e-08 2.17076e-12 1 0.00786523
1 -5.20926e-05 -2.64296e-08 -2.7361e-06 5.20926e-05 1 -1.7763e-11 -1.53054e-06 2.64296e-08 1.63862e-11 1 0.021859
1 1.86371e-05 9.63373e-09 8.97511e-07 -1.86371e-05 1 -1.25656e-11 -1.2066e-06 -9.63373e-09 1.23861e-11 1 0.0260977
1 -3.50948e-05 -7.32223e-05 -1.3331e-05 3.50948e-05 1 -2.46739e-09 1.60938e-06 7.32223e-05 -1.02336e-10 1 0.0335993
1 -7.06952e-05 -0.000953675 -0.000153179 7.06975e-05 1 2.42039e-06 -4.97309e-06 0.000953675 -2.48781e-06 1 0.0416778
0.999995 -1.93569e-05 -0.00326884 -0.000519228 1.93566e-05 1 -1.04702e-07 -4.61607e-07 0.00326884 4.14276e-08 0.999995 0.0575459
0.999986 -7.58922e-05 -0.00530977 -0.000851398 7.58923e-05 1 -1.72403e-07 -5.9552e-06 0.00530977 -2.3057e-07 0.999986 0.0746169
0.999983 -3.57668e-05 -0.00590912 -0.000961034 3.57663e-05 1 -1.91666e-07 2.2847e-06 0.00590912 -1.96846e-08 0.999983 0.0855038
0.999981 -3.24393e-05 -0.00622279 -0.00108546 3.24386e-05 1 -2.01862e-07 2.06522e-06 0.00622279 -4.89804e-13 0.999981 0.104791
0.99998 1.0562e-05 -0.00633534 -0.0011764 -1.05635e-05 1 -2.05505e-07 -7.22072e-07 0.00633534 2.72424e-07 0.99998 0.121231
0.99998 -3.31991e-05 -0.0063783 -0.00125175 3.31984e-05 1 -2.06903e-07 1.91947e-06 0.0063783 -4.85116e-09 0.99998 0.134414
0.99998 -3.24394e-05 -0.00639748 -0.00136348 3.24387e-05 1 -2.07531e-07 2.05619e-06 0.00639748 1.46106e-12 0.99998 0.153403
0.999979 -2.16348e-05 -0.00640479 -0.00145867 2.16339e-05 1 -2.0777e-07 -5.76071e-06 0.00640479 6.92051e-08 0.999979 0.169384
0.999979 -1.29004e-05 -0.00640805 -0.00154948 1.28994e-05 1 -2.07889e-07 7.85062e-07 0.00640805 1.25225e-07 0.999979 0.184392
0.999979 -3.53977e-05 -0.00640917 -0.001645 3.53971e-05 1 -2.07915e-07 2.23861e-06 0.00640917 -1.89555e-08 0.999979 0.199532
0.999979 -5.3024e-05 -0.00640937 -0.00167419 5.30238e-05 1 -2.07911e-07 -1.75696e-06 0.00640937 -1.31943e-07 0.999979 0.204037
0.999979 2.24541e-06 -0.00640989 -0.00178222 -2.24679e-06 1 -2.07929e-07 -2.03228e-07 0.00640989 2.22327e-07 0.999979 0.221684
0.999979 -2.87682e-05 -0.00641011 -0.00188105 2.87675e-05 1 -2.07945e-07 2.71764e-06 0.00641011 2.35384e-08 0.999979 0.237071
0.999979 -3.55015e-05 -0.00641018 -0.00199526 3.55009e-05 1 -2.07948e-07 2.23397e-06 0.00641018 -1.96238e-08 0.999979 0.254958
0.999979 2.65254e-06 -0.0064102 -0.00211983 -2.65392e-06 1 -2.07939e-07 -2.40542e-07 0.0064102 2.24947e-07 0.999979 0.274801
0.999979 2.42761e-06 -0.00641021 -0.00238763 -2.429e-06 1 -2.07941e-07 -2.34668e-07 0.00641021 2.23507e-07 0.999979 0.316668
0.999979 -3.24393e-05 -0.00641023 -0.00246963 3.24387e-05 1 -2.07956e-07 2.02027e-06 0.00641023 1.25785e-11 0.999979 0.329194
0.999979 -3.5979e-05 -0.00641023 -0.00257931 3.59784e-05 1 -2.07949e-07 2.24594e-06 0.00641023 -2.26848e-08 0.999979 0.346283
0.999979 -7.49688e-05 -0.00641025 -0.00268617 7.4969e-05 1 -2.07943e-07 -5.84416e-06 0.00641025 -2.72632e-07 0.999979 0.362645
0.999979 1.64676e-06 -0.00641021 -0.00278439 -1.64813e-06 1 -2.0794e-07 -1.96975e-07 0.00641021 2.18501e-07 0.999979 0.378584
0.999979 -8.34466e-05 -0.00641026 -0.00286769 8.34469e-05 1 -2.07957e-07 -7.41624e-06 0.00641026 -3.26963e-07 0.999979 0.390897
0.999979 -1.2899e-05 -0.00641022 -0.002995 1.28979e-05 1 -2.0796e-07 7.38079e-07 0.00641022 1.25277e-07 0.999979 0.411326
0.999979 1.29084e-05 -0.00641021 -0.00307132 -1.291e-05 1 -2.07946e-07 -9.35474e-07 0.00641021 2.90698e-07 0.999979 0.423439
0.999979 -8.25801e-05 -0.00641025 -0.00310665 8.25804e-05 1 -2.07957e-07 -7.2639e-06 0.00641025 -3.21409e-07 0.999979 0.428184
0.999979 -7.75933e-05 -0.00641025 -0.00319293 7.75935e-05 1 -2.0796e-07 -6.34536e-06 0.00641025 -2.89438e-07 0.999979 0.441684
0.999979 1.88194e-06 -0.00641021 -0.00339397 -1.88332e-06 1 -2.0794e-07 -2.31977e-07 0.00641021 2.20008e-07 0.999979 0.473685
0.999979 -4.02201e-05 -0.00641023 -0.00349376 4.02196e-05 1 -2.0794e-07 5.4957e-07 0.00641023 -4.98815e-08 0.999979 0.488915
0.999979 -2.89695e-05 -0.00641023 -0.00353217 2.89688e-05 1 -2.07949e-07 2.6269e-06 0.00641023 2.22487e-08 0.999979 0.494997
0.999979 -4.52078e-05 -0.00641024 -0.00362009 4.52074e-05 1 -2.07939e-07 -5.26884e-06 0.00641024 -8.18554e-08 0.999979 0.508582
0.999979 -8.36076e-05 -0.00641026 -0.00379555 8.3608e-05 1 -2.07957e-07 -7.4761e-06 0.00641026 -3.27996e-07 0.999979 0.535645
0.999979 -7.64167e-05 -0.00641025 -0.00390457 7.64169e-05 1 -2.0796e-07 -6.15107e-06 0.00641025 -2.81896e-07 0.999979 0.552709
0.999979 -2.94817e-05 -0.00641023 -0.00400612 2.94809e-05 1 -2.07949e-07 2.5169e-06 0.00641023 1.8965e-08 0.999979 0.568928
0.999979 -5.16695e-05 -0.00641024 -0.00412001 5.16693e-05 1 -2.07961e-07 -1.58601e-06 0.00641024 -1.23256e-07 0.999979 0.586517
0.999979 -3.61116e-05 -0.00641023 -0.00420249 3.6111e-05 1 -2.07949e-07 2.20188e-06 0.00641023 -2.35355e-08 0.999979 0.599509
0.999979 -3.57833e-05 -0.00641023 -0.00425029 3.57827e-05 1 -2.0795e-07 2.17906e-06 0.00641023 -2.143e-08 0.999979 0.606967
0.999979 -3.33764e-05 -0.00641023 -0.00444689 3.33758e-05 1 -2.07946e-07 1.78303e-06 0.00641023 -6.00517e-09 0.999979 0.637656
0.999979 3.81786e-06 -0.00641021 -0.00453385 -3.81927e-06 1 -2.07943e-07 -3.94318e-07 0.00641021 2.32421e-07 0.999979 0.651519
0.999979 1.29084e-05 -0.00641021 -0.0045798 -1.291e-05 1 -2.07946e-07 -9.84407e-07 0.00641021 2.90698e-07 0.999979 0.658761
0.999979 -5.19555e-05 -0.00641024 -0.00472202 5.19552e-05 1 -2.07961e-07 -1.65837e-06 0.00641024 -1.25089e-07 0.999979 0.680427
0.999979 1.85739e-05 -0.0064102 -0.00482879 -1.85756e-05 1 -2.07955e-07 -1.35925e-06 0.0064102 3.27025e-07 0.999979 0.697648
0.999979 1.28878e-05 -0.00641021 -0.00495645 -1.28894e-05 1 -2.07946e-07 -9.95287e-07 0.00641021 2.90565e-07 0.999979 0.717517
0.999979 -2.89695e-05 -0.00641023 -0.00499637 2.89688e-05 1 -2.07949e-07 2.5794e-06 0.00641023 2.22487e-08 0.999979 0.723409
0.999979 -4.52078e-05 -0.00641024 -0.00507478 4.52074e-05 1 -2.07939e-07 -5.31602e-06 0.00641024 -8.18554e-08 0.999979 0.735511
0.999979 -4.14515e-05 -0.00641023 -0.00524401 4.1451e-05 1 -2.0794e-07 2.65302e-07 0.00641023 -5.77744e-08 0.999979 0.761941
0.999979 1.29084e-05 -0.00641021 -0.00531455 -1.291e-05 1 -2.07946e-07 -1.00824e-06 0.00641021 2.90698e-07 0.999979 0.77338
0.999979 1.8657e-05 -0.0064102 -0.00541787 -1.86588e-05 1 -2.07956e-07 -1.38374e-06 0.0064102 3.27558e-07 0.999979 0.789545
0.999979 -6.65678e-05 -0.00641025 -0.00554986 6.65679e-05 1 -2.07941e-07 -4.38493e-06 0.00641025 -2.1878e-07 0.999979 0.809451
0.999979 1.88194e-06 -0.00641021 -0.00565067 -1.88332e-06 1 -2.0794e-07 -3.0518e-07 0.00641021 2.20008e-07 0.999979 0.825726
0.999979 -8.34821e-05 -0.00641026 -0.00573277 8.34825e-05 1 -2.07957e-07 -7.51574e-06 0.00641026 -3.27191e-07 0.999979 0.837849
0.999979 -2.89695e-05 -0.00641023 -0.00578727 2.89688e-05 1 -2.07949e-07 2.55374e-06 0.00641023 2.22487e-08 0.999979 0.846787
0.999979 -3.33764e-05 -0.00641023 -0.00596975 3.33758e-05 1 -2.07946e-07 1.73363e-06 0.00641023 -6.00517e-09 0.999979 0.87522
0.999979 -4.02204e-05 -0.00641023 -0.00605763 4.02199e-05 1 -2.07937e-07 4.66354e-07 0.00641023 -4.98862e-08 0.999979 0.888874
0.999979 -1.3078e-05 -0.00641022 -0.00615424 1.3077e-05 1 -2.0796e-07 6.47191e-07 0.00641022 1.2413e-07 0.999979 0.904162
0.999979 -2.5087e-05 -0.00641023 -0.00625004 2.50861e-05 1 -2.07957e-07 1.42163e-06 0.00641023 4.71453e-08 0.999979 0.919012
0.999979 -4.42632e-05 -0.00641024 -0.00635834 4.42628e-05 1 -2.07938e-07 -5.67439e-06 0.00641024 -7.58014e-08 0.999979 0.935752
0.999979 -8.34821e-05 -0.00641026 -0.00651286 8.34825e-05 1 -2.07957e-07 -7.54105e-06 0.00641026 -3.27191e-07 0.999979 0.959541
0.999979 2.21709e-06 -0.00641021 -0.00660639 -2.21847e-06 1 -2.0794e-07 -3.57883e-07 0.00641021 2.22156e-07 0.999979 0.974818
0.999979 -8.3532e-05 -0.00641026 -0.006689 8.35324e-05 1 -2.07957e-07 -7.55598e-06 0.00641026 -3.27511e-07 0.999979 0.987018
0.999979 -8.36076e-05 -0.00641026 -0.00684872 8.3608e-05 1 -2.07957e-07 -7.57514e-06 0.00641026 -3.27996e-07 0.999979 1.01193
0.999979 -2.87665e-05 -0.00641023 -0.00694631 2.87658e-05 1 -2.07942e-07 2.55365e-06 0.00641023 2.35419e-08 0.999979 1.0276
0.999979 -5.22898e-05 -0.00641024 -0.00708929 5.22895e-05 1 -2.07961e-07 -1.79691e-06 0.00641024 -1.27232e-07 0.999979 1.04971
0.999979 -8.35062e-05 -0.00641026 -0.00718025 8.35066e-05 1 -2.07957e-07 -7.56715e-06 0.00641026 -3.27345e-07 0.999979 1.06365
0.999979 -2.89695e-05 -0.00641023 -0.00732759 2.89688e-05 1 -2.07949e-07 2.50378e-06 0.00641023 2.22487e-08 0.999979 1.08708
0.999979 -2.46586e-05 -0.00641023 -0.00746395 2.46577e-05 1 -2.07951e-07 -6.51418e-06 0.00641023 4.98847e-08 0.999979 1.10838
0.999979 -3.24393e-05 -0.00641023 -0.00753476 3.24386e-05 1 -2.07956e-07 1.85597e-06 0.00641023 1.29772e-11 0.999979 1.11937
0.999979 -8.36076e-05 -0.00641026 -0.00762394 8.3608e-05 1 -2.07957e-07 -7.60028e-06 0.00641026 -3.27996e-07 0.999979 1.13287
0.999979 -1.47001e-05 -0.00641022 -0.00777714 1.4699e-05 1 -2.0796e-07 6.99569e-07 0.00641022 1.13731e-07 0.999979 1.15732
0.999979 -2.94817e-05 -0.00641023 -0.00784722 2.94809e-05 1 -2.07949e-07 2.3923e-06 0.00641023 1.8965e-08 0.999979 1.16813
0.999979 -5.16695e-05 -0.00641024 -0.00793323 5.16693e-05 1 -2.07961e-07 -1.70971e-06 0.00641024 -1.23256e-07 0.999979 1.18137
0.999979 -3.61116e-05 -0.00641023 -0.00799634 3.6111e-05 1 -2.07949e-07 2.07881e-06 0.00641023 -2.35355e-08 0.999979 1.19134
0.999979 -2.90266e-05 -0.00641023 -0.00815594 2.90258e-05 1 -2.07949e-07 2.46636e-06 0.00641023 2.18828e-08 0.999979 1.2163
0.999979 -8.36076e-05 -0.00641026 -0.00831526 8.3608e-05 1 -2.07957e-07 -7.62271e-06 0.00641026 -3.27996e-07 0.999979 1.24071
0.999979 1.8657e-05 -0.0064102 -0.00843953 -1.86588e-05 1 -2.07956e-07 -1.48176e-06 0.0064102 3.27558e-07 0.999979 1.26092
0.999979 -6.65678e-05 -0.00641025 -0.00854481 6.65679e-05 1 -2.07941e-07 -4.48209e-06 0.00641025 -2.1878e-07 0.999979 1.27666
0.999979 -3.58573e-05 -0.00641023 -0.00863461 3.58567e-05 1 -2.07949e-07 2.04164e-06 0.00641023 -2.19048e-08 0.999979 1.29091
0.999979 -4.13541e-05 -0.00641023 -0.00868463 4.13536e-05 1 -2.07937e-07 1.71698e-07 0.00641023 -5.71532e-08 0.999979 1.29867
0.999979 -4.02201e-05 -0.00641023 -0.00877592 4.02196e-05 1 -2.0794e-07 3.78225e-07 0.00641023 -4.98815e-08 0.999979 1.31292
0.999979 -2.911e-05 -0.00641023 -0.00895795 2.91092e-05 1 -2.07949e-07 2.42494e-06 0.00641023 2.13483e-08 0.999979 1.34141
0.999979 -4.02024e-05 -0.00641023 -0.00903668 4.02019e-05 1 -2.07934e-07 -7.47624e-06 0.00641023 -4.9774e-08 0.999979 1.3536
0.999979 -5.19552e-05 -0.00641024 -0.009127 5.19549e-05 1 -2.07961e-07 -1.8012e-06 0.00641024 -1.25087e-07 0.999979 1.3676
0.999979 1.88176e-06 -0.00641021 -0.00922432 -1.88313e-06 1 -2.0794e-07 -4.21091e-07 0.00641021 2.20007e-07 0.999979 1.38321
0.999979 -8.34821e-05 -0.00641026 -0.00930855 8.34825e-05 1 -2.07957e-07 -7.63173e-06 0.00641026 -3.27191e-07 0.999979 1.39567
0.999979 -2.87951e-05 -0.00641023 -0.00934428 2.87943e-05 1 -2.07949e-07 2.47058e-06 0.00641023 2.33667e-08 0.999979 1.40168
0.999979 1.85739e-05 -0.0064102 -0.0094554 -1.85756e-05 1 -2.07955e-07 -1.50933e-06 0.0064102 3.27024e-07 0.999979 1.41939
0.999979 -3.24393e-05 -0.00641023 -0.00966147 3.24387e-05 1 -2.07945e-07 1.78702e-06 0.00641023 1.63492e-12 0.999979 1.45113
0.999979 -5.16579e-05 -0.00641024 -0.00983095 5.16576e-05 1 -2.07961e-07 -1.7691e-06 0.00641024 -1.23181e-07 0.999979 1.47741
0.999979 -1.47001e-05 -0.00641022 -0.00992932 1.4699e-05 1 -2.0796e-07 6.29755e-07 0.00641022 1.13731e-07 0.999979 1.49305
0.999979 -3.24393e-05 -0.00641023 -0.0099775 3.24387e-05 1 -2.07945e-07 1.77676e-06 0.00641023 1.63505e-12 0.999979 1.50043
0.999979 -8.25801e-05 -0.00641026 -0.0101211 8.25804e-05 1 -2.07957e-07 -7.49143e-06 0.00641026 -3.21409e-07 0.999979 1.52242
0.999979 -1.96154e-05 -0.00641022 -0.0103822 1.96145e-05 1 -2.07938e-07 -3.95152e-06 0.00641022 8.22009e-08 0.999979 1.56366
0.999979 -3.24393e-05 -0.00641023 -0.0105414 3.24386e-05 1 -2.07956e-07 1.75844e-06 0.00641023 1.29772e-11 0.999979 1.5884
0.999979 -3.24393e-05 -0.00641023 -0.0106771 3.24386e-05 1 -2.07957e-07 1.75403e-06 0.00641023 1.39759e-11 0.999979 1.60957
0.999979 -3.28725e-05 -0.00641023 -0.0107807 3.28718e-05 1 -2.07913e-07 -8.03113e-06 0.00641023 -2.80752e-09 0.999979 1.62573
0.999979 -8.36109e-05 -0.00641026 -0.0108771 8.36113e-05 1 -2.07957e-07 -7.70642e-06 0.00641026 -3.28017e-07 0.999979 1.64036
0.999979 -3.24394e-05 -0.00641023 -0.0110113 3.24387e-05 1 -2.07953e-07 1.7432e-06 0.00641023 9.49134e-12 0.999979 1.66171
0.999979 -4.1775e-05 -0.00641023 -0.0110876 4.17745e-05 1 -2.0794e-07 1.59683e-08 0.00641023 -5.98486e-08 0.999979 1.67352
0.999979 -2.33358e-05 -0.00641022 -0.0112148 2.33349e-05 1 -2.07957e-07 1.14719e-06 0.00641022 5.83703e-08 0.999979 1.69352
0.999979 -2.88983e-05 -0.00641023 -0.01135 2.88976e-05 1 -2.07949e-07 2.38645e-06 0.00641023 2.2705e-08 0.999979 1.71457
0.999979 -2.87682e-05 -0.00641023 -0.0114524 2.87674e-05 1 -2.07949e-07 2.40717e-06 0.00641023 2.35391e-08 0.999979 1.73054
0.999979 -6.65563e-05 -0.00641025 -0.0115704 6.65563e-05 1 -2.07944e-07 -4.57811e-06 0.00641025 -2.18703e-07 0.999979 1.74864
0.999979 -3.57665e-05 -0.00641023 -0.0117545 3.57659e-05 1 -2.0795e-07 1.93456e-06 0.00641023 -2.13226e-08 0.999979 1.77762
0.999979 1.53073e-05 -0.00641021 -0.0118153 -1.5309e-05 1 -2.0795e-07 -1.37441e-06 0.00641021 3.06079e-07 0.999979 1.7875
0.999979 1.85668e-05 -0.0064102 -0.0119283 -1.85685e-05 1 -2.07955e-07 -1.58908e-06 0.0064102 3.26979e-07 0.999979 1.80516
0.999979 -5.30465e-05 -0.00641024 -0.0119978 5.30462e-05 1 -2.07938e-07 -2.09599e-06 0.00641024 -1.32105e-07 0.999979 1.81544
0.999979 1.8234e-05 -0.0064102 -0.0120877 -1.82357e-05 1 -2.07955e-07 -1.57271e-06 0.0064102 3.24845e-07 0.999979 1.83003
0.999979 -1.30929e-05 -0.00641022 -0.0121997 1.30919e-05 1 -2.0796e-07 4.52052e-07 0.00641022 1.24034e-07 0.999979 1.84724
0.999979 -4.44844e-05 -0.00641024 -0.0123563 4.4484e-05 1 -2.07939e-07 -5.50884e-06 0.00641024 -7.72188e-08 0.999979 1.87142
0.999979 1.82309e-05 -0.0064102 -0.0124519 -1.82326e-05 1 -2.07955e-07 -1.58432e-06 0.0064102 3.24825e-07 0.999979 1.88684
0.999979 -1.84036e-05 -0.00641022 -0.0126018 1.84027e-05 1 -2.07939e-07 -4.04167e-06 0.00641022 8.99691e-08 0.999979 1.90993
0.999979 -4.42329e-05 -0.00641024 -0.0126625 4.42325e-05 1 -2.07961e-07 -4.89187e-07 0.00641024 -7.55841e-08 0.999979 1.91918
0.999979 -3.57665e-05 -0.00641023 -0.012845 3.57659e-05 1 -2.0795e-07 1.89918e-06 0.00641023 -2.13226e-08 0.999979 1.94773
0.999979 1.29304e-05 -0.00641021 -0.0129715 -1.2932e-05 1 -2.07946e-07 -1.25804e-06 0.00641021 2.90839e-07 0.999979 1.96786
0.999979 -6.65563e-05 -0.00641025 -0.0130444 6.65563e-05 1 -2.07944e-07 -4.62593e-06 0.00641025 -2.18703e-07 0.999979 1.97859
0.999979 1.8574e-05 -0.0064102 -0.013069 -1.85757e-05 1 -2.07955e-07 -1.62655e-06 0.0064102 3.27025e-07 0.999979 1.98311
0.999979 -3.57665e-05 -0.00641023 -0.0132212 3.57659e-05 1 -2.0795e-07 1.88698e-06 0.00641023 -2.13226e-08 0.999979 2.00642
0.999979 -2.97783e-05 -0.00641023 -0.0134645 2.97776e-05 1 -2.07954e-07 1.49135e-06 0.00641023 1.70681e-08 0.999979 2.04442
0.999979 -5.24213e-05 -0.00641024 -0.0135842 5.2421e-05 1 -2.07961e-07 -2.0319e-06 0.00641024 -1.28075e-07 0.999979 2.06291
0.999979 -6.53341e-05 -0.00641025 -0.0136566 6.53341e-05 1 -2.0796e-07 -4.41991e-06 0.00641025 -2.10852e-07 0.999979 2.0741
0.999979 -2.33358e-05 -0.00641022 -0.0137845 2.33349e-05 1 -2.07957e-07 1.06383e-06 0.00641022 5.83703e-08 0.999979 2.09439
0.999979 -8.36286e-05 -0.00641026 -0.0139303 8.3629e-05 1 -2.07957e-07 -7.80872e-06 0.00641026 -3.2813e-07 0.999979 2.11665
0.999979 -6.53341e-05 -0.00641025 -0.0140412 6.53341e-05 1 -2.0796e-07 -4.43238e-06 0.00641025 -2.10852e-07 0.999979 2.1341
0.999979 -8.35326e-05 -0.00641026 -0.0141594 8.3533e-05 1 -2.07957e-07 -7.79842e-06 0.00641026 -3.27515e-07 0.999979 2.15239
0.999979 -5.30465e-05 -0.00641024 -0.0142773 5.30462e-05 1 -2.07938e-07 -2.16993e-06 0.00641024 -1.32105e-07 0.999979 2.17103
0.999979 1.06527e-05 -0.00641021 -0.0143943 -1.06542e-05 1 -2.07947e-07 -1.15671e-06 0.00641021 2.76238e-07 0.999979 2.18979
0.999979 -3.61122e-05 -0.00641023 -0.0145285 3.61116e-05 1 -2.07942e-07 1.86696e-06 0.00641023 -2.35461e-08 0.999979 2.21036
0.999979 -8.36214e-05 -0.00641026 -0.0146862 8.36218e-05 1 -2.07957e-07 -7.83192e-06 0.00641026 -3.28084e-07 0.999979 2.23456
0.999979 1.8234e-05 -0.0064102 -0.014809 -1.82357e-05 1 -2.07955e-07 -1.66098e-06 0.0064102 3.24845e-07 0.999979 2.25454
0.999979 -1.84036e-05 -0.00641022 -0.0149418 1.84027e-05 1 -2.07939e-07 -4.11757e-06 0.00641022 8.99691e-08 0.999979 2.27496
0.999979 1.8574e-05 -0.0064102 -0.0150765 -1.85757e-05 1 -2.07955e-07 -1.69167e-06 0.0064102 3.27025e-07 0.999979 2.29627
0.999979 -8.36286e-05 -0.00641026 -0.0151746 8.3629e-05 1 -2.07957e-07 -7.84908e-06 0.00641026 -3.2813e-07 0.999979 2.31076
0.999979 2.42761e-06 -0.00641021 -0.0152227 -2.429e-06 1 -2.07941e-07 -6.51018e-07 0.00641021 2.23507e-07 0.999979 2.31896
0.999979 -4.1775e-05 -0.00641023 -0.0153351 4.17745e-05 1 -2.0794e-07 -1.21815e-07 0.00641023 -5.98486e-08 0.999979 2.33613
0.999979 1.8574e-05 -0.0064102 -0.0155643 -1.85757e-05 1 -2.07955e-07 -1.70749e-06 0.0064102 3.27025e-07 0.999979 2.37237
0.999979 -3.24394e-05 -0.00641023 -0.0157026 3.24387e-05 1 -2.07953e-07 1.59102e-06 0.00641023 9.49137e-12 0.999979 2.39354
0.999979 -7.51231e-05 -0.00641025 -0.0158055 7.51233e-05 1 -2.07943e-07 -6.29823e-06 0.00641025 -2.7362e-07 0.999979 2.40925
0.999979 -2.8767e-05 -0.00641023 -0.015849 2.87662e-05 1 -2.07948e-07 2.26477e-06 0.00641023 2.35453e-08 0.999979 2.41641
0.999979 -8.36214e-05 -0.00641026 -0.0161183 8.36218e-05 1 -2.07957e-07 -7.87837e-06 0.00641026 -3.28084e-07 0.999979 2.45798
0.999979 -8.35471e-05 -0.00641026 -0.016271 8.35475e-05 1 -2.07957e-07 -7.8696e-06 0.00641026 -3.27608e-07 0.999979 2.48179
0.999979 -8.35326e-05 -0.00641026 -0.0164399 8.3533e-05 1 -2.07957e-07 -7.87239e-06 0.00641026 -3.27515e-07 0.999979 2.50814
0.999979 -3.24393e-05 -0.00641023 -0.0166316 3.24387e-05 1 -2.07944e-07 1.56092e-06 0.00641023 1.24216e-13 0.999979 2.53845
0.999979 1.82309e-05 -0.0064102 -0.0166922 -1.82326e-05 1 -2.07955e-07 -1.72187e-06 0.0064102 3.24825e-07 0.999979 2.54831
0.999979 -4.1775e-05 -0.00641023 -0.0167546 4.17745e-05 1 -2.0794e-07 -1.67861e-07 0.00641023 -5.98486e-08 0.999979 2.55757
0.999979 -4.42329e-05 -0.00641024 -0.0169161 4.42325e-05 1 -2.07961e-07 -6.27169e-07 0.00641024 -7.55841e-08 0.999979 2.58275
0.999979 -8.36286e-05 -0.00641026 -0.0170619 8.3629e-05 1 -2.07957e-07 -7.9103e-06 0.00641026 -3.2813e-07 0.999979 2.60517
0.999979 -6.53341e-05 -0.00641025 -0.0171792 6.53341e-05 1 -2.0796e-07 -4.53417e-06 0.00641025 -2.10852e-07 0.999979 2.62362
0.999979 -8.35362e-05 -0.00641026 -0.0172596 8.35366e-05 1 -2.07957e-07 -7.89966e-06 0.00641026 -3.27538e-07 0.999979 2.63602
0.999979 -3.61119e-05 -0.00641023 -0.0173841 3.61113e-05 1 -2.07942e-07 1.77432e-06 0.00641023 -2.35439e-08 0.999979 2.65581
0.999977 -2.64125e-05 -0.00680918 -0.0175672 2.64116e-05 1 -2.20752e-07 1.14034e-06 0.00680918 4.09052e-08 0.999977 2.67471
0.99997 -3.24393e-05 -0.00772078 -0.0177729 3.24383e-05 1 -2.50015e-07 1.52395e-06 0.00772078 -4.41796e-10 0.99997 2.68442
0.999963 -2.09896e-05 -0.0085789 -0.0179561 2.07915e-05 1 -2.31709e-05 -9.04604e-06 0.0085789 2.29917e-05 0.999963 2.69188
0.999947 -3.24392e-05 -0.0103117 -0.0183252 3.24375e-05 1 -3.34856e-07 1.50595e-06 0.0103117 3.52804e-10 0.999947 2.70585
0.999918 -5.2081e-05 -0.0127961 -0.0188759 5.20799e-05 1 -4.15818e-07 -2.141e-06 0.0127961 -2.50637e-07 0.999918 2.72684
0.999838 -3.24392e-05 -0.018007 -0.0201122 3.2434e-05 1 -5.84e-07 1.44801e-06 0.018007 -1.33475e-10 0.999838 2.76817
0.999793 -4.70521e-05 -0.0203641 -0.0207257 4.68873e-05 1 -8.56884e-06 -1.24242e-06 0.0203641 7.61225e-06 0.999793 2.78638
0.999746 -2.29729e-05 -0.0225541 -0.0213157 2.29623e-05 1 -7.31426e-07 -6.65166e-06 0.0225541 2.13347e-07 0.999746 2.80212
0.999704 -7.04731e-05 -0.0243377 -0.0218659 7.0534e-05 1 1.64315e-06 -5.22179e-06 0.0243377 -3.3593e-06 0.999704 2.81857
0.999684 -3.54945e-05 -0.0251342 -0.0223447 3.54852e-05 1 -8.15313e-07 1.57347e-06 0.0251342 -7.68374e-08 0.999684 2.83701
0.999682 -3.24391e-05 -0.0252288 -0.0224538 3.24287e-05 1 -8.18539e-07 1.37179e-06 0.0252288 1.41435e-10 0.999682 2.84148
0.999676 -5.16948e-05 -0.025438 -0.0228235 5.16905e-05 1 -8.25261e-07 -2.19847e-06 0.025438 -4.8991e-07 0.999676 2.85676
0.999672 -3.24394e-05 -0.025617 -0.0235097 3.24287e-05 1 -8.31002e-07 1.33779e-06 0.025617 2.15986e-12 0.999672 2.88559
0.999671 -3.24393e-05 -0.0256439 -0.0239839 3.24286e-05 1 -8.31881e-07 1.32239e-06 0.0256439 1.14523e-11 0.999671 2.90484
0.999677 -8.34663e-05 -0.0254273 -0.0244437 8.34723e-05 1 -8.24527e-07 -8.12259e-06 0.0254273 -1.29821e-06 0.999677 2.92475
0.999729 -3.24389e-05 -0.0232874 -0.0246117 3.24301e-05 1 -7.55395e-07 1.30204e-06 0.0232874 -2.20263e-11 0.999729 2.94498
0.999783 -1.32995e-05 -0.0208323 -0.0247421 1.32883e-05 1 -6.76164e-07 5.82737e-08 0.0208323 3.99191e-07 0.999783 2.96581
0.999814 -3.24394e-05 -0.0192691 -0.0249164 3.24334e-05 1 -6.24755e-07 1.29219e-06 0.0192691 -3.23501e-10 0.999814 2.98291
0.999856 -3.18904e-05 -0.0169729 -0.0249132 3.24342e-05 1 3.17636e-05 1.29233e-06 0.0169729 -3.23095e-05 0.999856 2.99931
0.999894 -6.65569e-06 -0.0145365 -0.0249065 6.49831e-06 1 -1.08742e-05 -6.84618e-06 0.0145365 1.07785e-05 0.999894 3.01774
0.999916 -3.24392e-05 -0.0129711 -0.0249532 3.24365e-05 1 -4.20691e-07 1.29098e-06 0.0129711 -8.18899e-11 0.999916 3.03248
0.999933 -3.24445e-05 -0.0115818 -0.0249033 3.24372e-05 1 -8.10868e-07 1.29264e-06 0.0115818 4.35132e-07 0.999933 3.04242
0.999961 1.10125e-05 -0.00878369 -0.0247588 -1.10154e-05 1 -2.85628e-07 -1.51628e-06 0.00878369 3.82373e-07 0.999961 3.06215
0.999975 -5.34371e-05 -0.00700925 -0.0247058 5.32625e-05 1 -2.51008e-05 -4.81469e-06 0.00700925 2.47269e-05 0.999975 3.07781
0.999991 -2.91897e-05 -0.00434034 -0.0244934 2.91739e-05 1 -3.70167e-06 2.62108e-08 0.00434034 3.57501e-06 0.999991 3.09698
0.999998 -3.24392e-05 -0.00179556 -0.024268 3.24391e-05 1 -5.81605e-08 1.31323e-06 0.00179556 -8.60082e-11 0.999998 3.11653
1 -5.995e-05 -0.000767433 -0.0242185 5.995e-05 1 -2.43667e-08 -3.7676e-06 0.000767433 -2.1641e-08 1 3.13018
1 -8.48699e-05 -0.000308298 -0.0242326 8.48699e-05 1 -9.9208e-09 -8.37201e-06 0.000308298 -1.62445e-08 1 3.14885
1 -3.24392e-05 -0.00011715 -0.0242602 3.24392e-05 1 -3.81968e-09 1.31343e-06 0.00011715 1.94103e-11 1 3.16881
1 -3.24393e-05 -9.08061e-05 -0.0242679 3.24393e-05 1 -3.078e-09 1.31316e-06 9.08061e-05 1.3231e-10 1 3.17325
1 -2.62037e-05 -2.23887e-05 -0.0243028 2.62038e-05 1 5.18469e-06 2.46344e-06 2.23886e-05 -5.18527e-06 1 3.20565
1 -2.61974e-05 -1.07047e-05 -0.0243164 2.61974e-05 1 5.18885e-06 2.46196e-06 1.07045e-05 -5.18913e-06 1 3.22232
1 -3.86891e-05 -5.49004e-06 -0.0243276 3.86891e-05 1 -5.19413e-06 -9.64789e-06 5.49024e-06 5.19392e-06 1 3.24128
1 -3.87018e-05 -3.34747e-06 -0.0243366 3.87018e-05 1 -5.2017e-06 -9.64612e-06 3.34767e-06 5.20157e-06 1 3.27583
1 -3.24397e-05 -1.14399e-05 -0.0243392 3.24393e-05 1 -3.18738e-05 -8.4989e-06 1.14409e-05 3.18734e-05 1 3.30225
1 -3.24399e-05 -2.46324e-05 -0.0243389 3.24391e-05 1 -3.18573e-05 -8.49616e-06 2.46335e-05 3.18565e-05 1 3.31797
1 -3.24393e-05 -3.17178e-05 -0.0243381 3.24393e-05 1 -1.05192e-09 1.31089e-06 3.17178e-05 2.30129e-11 1 3.33324
1 -3.24391e-05 -3.40432e-05 -0.0243376 3.24391e-05 1 -1.25055e-09 1.31091e-06 3.40432e-05 1.46215e-10 1 3.35534
1 -5.15684e-05 -3.45522e-05 -0.0243386 5.15684e-05 1 -1.13793e-09 -2.22311e-06 3.45522e-05 -6.43873e-10 1 3.36698
1 -1.99912e-05 -3.47083e-05 -0.0243369 1.99912e-05 1 -1.0308e-09 -4.4338e-06 3.47083e-05 3.36943e-10 1 3.37211
1 -4.64622e-06 -3.49643e-05 -0.0243362 4.64658e-06 1 1.03238e-05 -4.85074e-07 3.49643e-05 -1.0324e-05 1 3.38772
1 -6.02554e-05 -3.51276e-05 -0.0243397 6.02551e-05 1 -1.03547e-05 -6.70927e-06 3.51282e-05 1.03525e-05 1 3.41874
1 -4.6103e-06 -3.51221e-05 -0.0243371 4.61066e-06 1 1.03684e-05 -4.75405e-07 3.51221e-05 -1.03686e-05 1 3.43151
1 -6.02813e-05 -3.51592e-05 -0.0243405 6.02809e-05 1 -1.03868e-05 -6.71629e-06 3.51598e-05 1.03847e-05 1 3.4481
1 -4.58645e-06 -3.51351e-05 -0.0243381 4.58682e-06 1 1.0398e-05 -4.68993e-07 3.51351e-05 -1.03982e-05 1 3.46354
1 -6.03091e-05 -3.5165e-05 -0.0242579 6.03087e-05 1 -1.04213e-05 -6.72111e-06 3.51657e-05 1.04191e-05 1 3.48094
1 -4.06566e-05 -3.51554e-05 -0.0234938 4.06558e-05 1 -2.49295e-05 -5.60814e-06 3.51564e-05 2.4928e-05 1 3.5035
1 -3.24393e-05 -3.51547e-05 -0.0230395 3.24393e-05 1 -1.15024e-09 1.35303e-06 3.51547e-05 9.85185e-12 1 3.51427
1 -4.64387e-06 -3.5142e-05 -0.022838 4.64424e-06 1 1.03062e-05 -4.40122e-07 3.51419e-05 -1.03064e-05 1 3.51902
1 -6.71246e-05 -3.51751e-05 -0.0222919 6.71246e-05 1 -1.13803e-09 -5.03075e-06 3.51751e-05 -1.22309e-09 1 3.53098
1 -2.33048e-05 -3.51553e-05 -0.020751 2.33048e-05 1 -1.13709e-09 8.35852e-07 3.51553e-05 3.17799e-10 1 3.55985
1 -4.50129e-05 -3.51649e-05 -0.020095 4.50129e-05 1 -1.16545e-09 -2.62631e-06 3.51649e-05 -4.17429e-10 1 3.57165
1 -2.87886e-05 -3.51565e-05 -0.0197239 2.87886e-05 1 -1.14627e-09 2.13507e-06 3.51565e-05 1.34164e-10 1 3.57786
1 -3.24393e-05 -3.51605e-05 -0.0180219 3.24393e-05 1 -1.09994e-09 1.5158e-06 3.51605e-05 -4.06399e-11 1 3.6051
1 -3.22544e-05 -3.51914e-05 -0.0174784 3.22535e-05 1 -2.57174e-05 -6.14708e-06 3.51923e-05 2.57163e-05 1 3.61371
1 -2.48017e-05 -0.000170901 -0.0171679 2.47998e-05 1 -1.11726e-05 -3.95202e-07 0.000170901 1.11684e-05 1 3.61937
0.999722 -3.52824e-05 -0.0235807 -0.0254031 3.57288e-05 1 1.85059e-05 -3.3605e-06 0.0235807 -1.93433e-05 0.999722 3.62686
0.997546 -3.24413e-05 -0.0700123 -0.0443904 3.23617e-05 1 -2.27103e-06 6.60148e-07 0.0700123 -2.64255e-10 0.997546 3.63836
0.995022 -3.84343e-05 -0.0996553 -0.0599276 3.91196e-05 1 4.92289e-06 5.98778e-07 0.0996553 -8.79686e-06 0.995022 3.64764
0.991088 -3.24426e-05 -0.133211 -0.0776479 3.21531e-05 1 -4.32435e-06 -4.19043e-07 0.133211 2.66457e-09 0.991088 3.65453
0.988158 -2.63604e-05 -0.153437 -0.0896116 2.21103e-05 1 -2.94054e-05 -6.29805e-06 0.153437 2.56646e-05 0.988158 3.65907
0.983539 -3.24364e-05 -0.180695 -0.107388 3.19024e-05 1 -5.8617e-06 -1.383e-06 0.180695 5.94714e-10 0.983539 3.6658
0.974629 -3.24405e-05 -0.223825 -0.130768 3.16164e-05 1 -7.26542e-06 -2.14229e-06 0.223825 4.54574e-09 0.974629 3.6714
0.969407 -1.04302e-05 -0.24546 -0.143765 2.75544e-06 1 -3.16101e-05 -1.15153e-05 0.24546 2.99667e-05 0.969407 3.67453
0.96047 -8.56029e-06 -0.278384 -0.164766 4.85926e-06 1 -1.39847e-05 -6.43391e-06 0.278384 1.20791e-05 0.96047 3.67967
0.953638 -3.24413e-05 -0.300957 -0.176916 3.0935e-05 1 -9.77065e-06 -3.63967e-06 0.300957 7.55028e-09 0.953638 3.68168
0.947599 -7.99237e-05 -0.319462 -0.186795 8.08399e-05 1 -1.0392e-05 -1.05287e-05 0.319462 -1.59778e-05 0.947599 3.68311
0.94075 -3.24376e-05 -0.339101 -0.198783 3.05157e-05 1 -1.09996e-05 -4.34779e-06 0.339101 -4.38012e-11 0.94075 3.68526
0.928018 -3.24379e-05 -0.372536 -0.220325 3.01044e-05 1 -1.20808e-05 -5.04619e-06 0.372536 -3.73127e-09 0.928018 3.68929
0.903032 -3.2438e-05 -0.429572 -0.254281 2.92937e-05 1 -1.39322e-05 -6.14786e-06 0.429572 -2.5161e-09 0.903032 3.69384
0.89735 -4.96933e-05 -0.44132 -0.263307 3.98684e-05 1 -3.1536e-05 -1.35948e-05 0.44132 1.07041e-05 0.89735 3.69561
0.871819 -1.93131e-05 -0.489828 -0.29122 2.83059e-05 1 1.09518e-05 -7.34787e-06 0.489828 -2.3413e-05 0.871819 3.69827
0.852997 -3.24384e-05 -0.521917 -0.31316 2.76705e-05 1 -1.69289e-05 -8.05802e-06 0.521917 -1.39239e-09 0.852997 3.70112
0.832193 -3.42337e-05 -0.554486 -0.334707 4.47236e-05 1 5.38335e-06 -7.60635e-06 0.554486 -2.92786e-05 0.832193 3.70332
0.810424 -3.31408e-05 -0.585844 -0.35399 4.42354e-05 1 4.62352e-06 -8.21832e-06 0.585844 -2.96621e-05 0.810424 3.70425
0.798158 -3.24393e-05 -0.602448 -0.367899 2.58917e-05 1 -1.9543e-05 -9.83399e-06 0.602448 9.82008e-12 0.798158 3.70613
0.784866 -3.24392e-05 -0.619666 -0.381394 2.54615e-05 1 -2.01001e-05 -1.02716e-05 0.619666 -1.74006e-09 0.784866 3.70695
0.760225 -3.02797e-05 -0.64966 -0.401989 1.59165e-05 1 -2.79833e-05 -1.13971e-05 0.64966 1.09333e-05 0.760225 3.70591
0.747165 -3.24404e-05 -0.664639 -0.415003 2.4239e-05 1 -2.15604e-05 -1.13621e-05 0.664639 -9.85309e-10 0.747165 3.70584
0.736084 -3.24408e-05 -0.67689 -0.426713 2.388e-05 1 -2.19579e-05 -1.1742e-05 0.67689 -1.24083e-09 0.736084 3.70601
0.713278 -9.83891e-06 -0.700881 -0.443474 -1.7288e-05 1 -3.16316e-05 -1.75725e-05 0.700881 3.4679e-05 0.713278 3.70443
0.694047 -3.24376e-05 -0.719929 -0.457947 2.25119e-05 1 -2.33541e-05 -1.27549e-05 0.719929 1.84649e-09 0.694047 3.70317
0.681748 -5.89987e-05 -0.731587 -0.469642 6.107e-05 1 -2.37352e-05 -2.03317e-05 0.731587 -2.84966e-05 0.681748 3.70288
0.675423 -2.13429e-05 -0.737431 -0.474519 3.08719e-05 1 -6.66315e-07 -1.27149e-05 0.737431 -2.23158e-05 0.675423 3.70226
0.654099 -4.27477e-05 -0.756409 -0.489509 1.25422e-05 1 -4.56682e-05 -1.85181e-05 0.756409 2.03845e-05 0.654099 3.69946
0.621463 -3.24416e-05 -0.783443 -0.516114 2.01616e-05 1 -2.54159e-05 -1.46423e-05 0.783443 -4.50948e-10 0.621463 3.69532
0.599686 -5.1226e-05 -0.800235 -0.529498 5.07475e-05 1 -2.59841e-05 -2.08612e-05 0.800235 -2.50276e-05 0.599686 3.69223
0.579374 -1.57075e-05 -0.815062 -0.543324 1.96932e-05 1 -5.27291e-06 -1.91502e-05 0.815062 -1.29962e-05 0.579374 3.68952
0.567138 -2.11988e-05 -0.823623 -0.551824 2.67689e-05 1 -7.30563e-06 -1.5258e-05 0.823623 -1.79042e-05 0.567138 3.68807
0.54164 -1.3087e-05 -0.840611 -0.563881 1.35744e-05 1 -6.82197e-06 -1.64504e-05 0.840611 -7.71571e-06 0.54164 3.68473
0.516399 -3.24384e-05 -0.856348 -0.5759 1.67523e-05 1 -2.77778e-05 -1.65812e-05 0.856348 -1.39746e-09 0.516399 3.6816
0.495625 -3.2441e-05 -0.868537 -0.588378 1.60795e-05 1 -2.81757e-05 -1.69864e-05 0.868537 -1.11076e-09 0.495625 3.67841
0.475862 -3.24386e-05 -0.87952 -0.600138 1.54352e-05 1 -2.8531e-05 -1.73675e-05 0.87952 1.27006e-09 0.475862 3.67363
0.465063 -4.96506e-05 -0.885278 -0.608447 5.39199e-05 1 -2.7759e-05 -2.46427e-05 0.885278 -3.48244e-05 0.465063 3.67062
0.451261 -4.70131e-05 -0.892392 -0.616492 4.50992e-05 1 -2.98765e-05 -2.35261e-05 0.892392 -2.67641e-05 0.451261 3.66755
0.41655 -4.89631e-05 -0.909113 -0.627685 1.13767e-06 1 -5.33368e-05 -2.31378e-05 0.909113 2.11832e-05 0.41655 3.66178
0.395488 -3.2441e-05 -0.918471 -0.635711 1.28295e-05 1 -2.97964e-05 -1.85218e-05 0.918471 5.67881e-10 0.395488 3.65861
0.380867 -2.81965e-05 -0.92463 -0.642218 8.45425e-06 1 -2.70125e-05 -1.80907e-05 0.92463 2.47111e-06 0.380867 3.65655
0.364772 -3.2439e-05 -0.931097 -0.647538 1.18322e-05 1 -3.0204e-05 -1.89052e-05 0.931097 6.15362e-10 0.364772 3.65409
0.33575 -2.33291e-05 -0.941951 -0.657267 2.44255e-06 1 -2.38961e-05 -1.777e-05 0.941951 5.72237e-06 0.33575 3.64966
0.323046 -4.55179e-05 -0.946383 -0.662935 -1.10251e-05 1 -5.18601e-05 -2.17778e-05 0.946383 2.71872e-05 0.323046 3.64784
0.30125 -5.0344e-05 -0.953545 -0.670439 2.27184e-06 1 -5.20789e-05 -2.46061e-05 0.953545 1.35225e-05 0.30125 3.64411
0.277781 -3.24414e-05 -0.960644 -0.678334 9.01091e-06 1 -3.11649e-05 -1.99045e-05 0.960644 7.46471e-10 0.277781 3.6398
0.266689 -1.7987e-05 -0.963783 -0.68396 2.84721e-05 1 -1.07843e-05 -1.88034e-05 0.963783 -2.45648e-05 0.266689 3.63775
0.259768 -3.24401e-05 -0.965671 -0.687939 8.42685e-06 1 -3.13265e-05 -2.0216e-05 0.965671 5.77339e-11 0.259768 3.63602
0.248351 -3.24415e-05 -0.96867 -0.693966 8.05693e-06 1 -3.14251e-05 -2.04117e-05 0.96867 -5.20063e-11 0.248351 3.63249
0.236842 -3.24387e-05 -0.971548 -0.700991 7.68287e-06 1 -3.15158e-05 -2.06392e-05 0.971548 -3.01861e-11 0.236842 3.62838
0.231305 -3.24377e-05 -0.972881 -0.705036 7.50332e-06 1 -3.1558e-05 -2.07702e-05 0.972881 -3.06767e-10 0.231305 3.62615
0.214289 -5.46386e-05 -0.97677 -0.71471 -2.93289e-06 1 -5.65814e-05 -2.67271e-05 0.97677 1.49895e-05 0.214289 3.61963
0.202136 -3.24389e-05 -0.979358 -0.72308 6.55668e-06 1 -3.17694e-05 -2.13557e-05 0.979358 3.98035e-10 0.202136 3.61431
0.188597 -6.25388e-05 -0.982055 -0.728446 1.59287e-05 1 -6.06227e-05 -3.07042e-05 0.982055 -4.20955e-06 0.188597 3.60994
0.174415 -2.92929e-05 -0.984672 -0.732827 -3.19286e-05 1 -3.54044e-05 -2.51463e-05 0.984672 3.76142e-05 0.174415 3.60583
0.161853 -3.24381e-05 -0.986815 -0.737703 5.25055e-06 1 -3.20103e-05 -2.183e-05 0.986815 -3.62652e-10 0.161853 3.60185
0.14862 -4.3483e-05 -0.988894 -0.742368 1.78156e-05 1 -4.12939e-05 -2.43824e-05 0.988894 -1.14806e-05 0.14862 3.59779
0.130441 -3.1713e-05 -0.991456 -0.747008 -3.3592e-05 1 -3.64058e-05 -2.58545e-05 0.991456 3.80538e-05 0.130441 3.59276
0.114692 -3.24406e-05 -0.993401 -0.752401 3.72093e-06 1 -3.22265e-05 -2.23071e-05 0.993401 -2.65274e-10 0.114692 3.58786
0.103416 -3.38743e-05 -0.994638 -0.75629 1.72015e-05 1 -3.22684e-05 -2.49917e-05 0.994638 -1.37722e-05 0.103416 3.58423
0.086303 -3.24402e-05 -0.996269 -0.762373 2.79918e-06 1 -3.23192e-05 -2.26305e-05 0.996269 5.03018e-10 0.086303 3.5785
0.0787042 -2.93269e-05 -0.996898 -0.765654 -3.69194e-05 1 -3.23329e-05 -2.52534e-05 0.996898 3.93496e-05 0.0787042 3.57584
0.0660064 -3.24391e-05 -0.997819 -0.768812 2.14267e-06 1 -3.23683e-05 -2.28395e-05 0.997819 -1.47782e-09 0.0660064 3.57279
0.0482303 -3.24395e-05 -0.998836 -0.772886 1.56582e-06 1 -3.24017e-05 -2.29716e-05 0.998836 -1.2587e-09 0.0482303 3.56892
0.0395513 -1.89102e-05 -0.999218 -0.77578 3.46514e-05 1 -1.75534e-05 -2.62562e-05 0.999218 -3.393e-05 0.0395513 3.56689
0.0289444 -3.24395e-05 -0.999581 -0.777979 9.40372e-07 1 -3.24258e-05 -2.31368e-05 0.999581 -1.42997e-09 0.0289444 3.56464
0.00531113 -3.24418e-05 -0.999986 -0.780273 1.7033e-07 1 -3.24413e-05 -2.32113e-05 0.999986 1.97294e-09 0.00531113 3.56006
-0.0191505 -3.52713e-05 -0.999817 -0.783203 2.98339e-05 1 -3.58492e-05 -2.8933e-05 0.999817 -3.05149e-05 -0.0191505 3.55521
-0.0306708 -3.24368e-05 -0.99953 -0.783962 -9.94645e-07 1 -3.24215e-05 -2.33304e-05 0.99953 -2.16259e-10 -0.0306708 3.55321
-0.0686348 -3.2442e-05 -0.997642 -0.785442 -2.22695e-06 1 -3.23655e-05 -2.33791e-05 0.997642 3.02644e-10 -0.0686348 3.54707
-0.088688 -4.05922e-05 -0.996059 -0.786492 9.82802e-06 1 -4.16278e-05 -2.57604e-05 0.996059 -1.34812e-05 -0.088688 3.54392
-0.0953721 -5.32891e-05 -0.995442 -0.786365 -4.00637e-06 1 -5.31493e-05 -2.94978e-05 0.995442 -1.08085e-06 -0.0953721 3.5429
-0.130552 -3.73161e-05 -0.991441 -0.784715 1.63271e-05 1 -3.97882e-05 -2.71579e-05 0.991441 -2.13818e-05 -0.130552 3.53764
-0.18828 -9.43481e-06 -0.982115 -0.780729 -6.0514e-06 1 -8.44652e-06 -2.60158e-05 0.982115 4.35286e-06 -0.18828 3.52929
-0.244923 -3.43443e-06 -0.969543 -0.776114 -7.91504e-06 1 -1.54285e-06 -2.3078e-05 0.969543 7.29609e-06 -0.244923 3.52145
-0.320019 -2.32989e-05 -0.947411 -0.768632 2.03931e-05 1 -3.14806e-05 -2.85197e-05 0.947411 -2.9395e-05 -0.320019 3.51137
-0.366457 -3.24333e-05 -0.930435 -0.763456 -1.18841e-05 1 -3.01776e-05 -2.26651e-05 0.930435 -1.41986e-09 -0.366457 3.50543
-0.417637 -3.24403e-05 -0.908614 -0.757159 -1.35526e-05 1 -2.94737e-05 -2.24608e-05 0.908614 4.80131e-09 -0.417637 3.49901
-0.443442 -3.2442e-05 -0.896303 -0.753792 -1.43833e-05 1 -2.90792e-05 -2.23527e-05 0.896303 -3.15084e-09 -0.443442 3.49589
-0.489007 -1.00371e-05 -0.87228 -0.747481 2.99808e-05 1 -2.83141e-05 -3.06194e-05 0.87228 -3.99974e-05 -0.489007 3.49052
-0.550888 -3.24409e-05 -0.834579 -0.738093 -1.7873e-05 1 -2.70733e-05 -2.18427e-05 0.834579 2.02077e-09 -0.550888 3.48349
-0.573794 -5.84647e-05 -0.819 -0.734394 -1.86439e-05 1 -5.83236e-05 -3.12476e-05 0.819 -1.81964e-05 -0.573794 3.48103
-0.616004 -4.85753e-05 -0.787743 -0.727134 -1.99873e-05 1 -4.6034e-05 -2.7631e-05 0.787743 -1.26122e-05 -0.616004 3.47656
-0.651711 -2.90008e-05 -0.758467 -0.720577 -3.51031e-05 1 -8.07379e-06 -2.21787e-05 0.758467 2.13628e-05 -0.651711 3.47298
-0.693839 -5.11523e-05 -0.72013 -0.712278 -2.25366e-05 1 -4.93181e-05 -2.87909e-05 0.72013 -1.79895e-05 -0.693839 3.46899
-0.718566 -3.81082e-05 -0.695459 -0.707055 -2.8594e-05 1 -2.52516e-05 -2.06673e-05 0.695459 1.74102e-06 -0.718566 3.46676
-0.74851 -3.2443e-05 -0.663124 -0.70041 -2.42809e-05 1 -2.15171e-05 -2.06212e-05 0.663124 -4.50763e-09 -0.74851 3.46426
-0.781982 -3.24432e-05 -0.623301 -0.692396 -2.53668e-05 1 -2.02259e-05 -2.03614e-05 0.623301 -5.08358e-09 -0.781982 3.46165
-0.819586 -6.97656e-06 -0.572956 -0.682547 -1.1683e-05 1 4.53553e-06 -2.56695e-05 0.572956 1.04111e-05 -0.819586 3.45906
-0.85093 -4.32843e-05 -0.525279 -0.673497 -2.7608e-05 1 -3.76787e-05 -2.59388e-05 0.525279 -1.756e-05 -0.85093 3.45726
-0.88027 -3.24416e-05 -0.474474 -0.664061 -2.85552e-05 1 -1.53965e-05 -1.9442e-05 0.474474 -4.40359e-09 -0.88027 3.45592
-0.89255 -4.67713e-06 -0.450949 -0.659823 2.1533e-06 1 -1.46337e-05 -2.50515e-05 0.450949 -1.40324e-05 -0.89255 3.45553
-0.900457 2.12599e-06 -0.434945 -0.656942 9.17974e-06 1 -1.41166e-05 -2.63039e-05 0.434945 -1.67041e-05 -0.900457 3.45532
-0.931898 -6.63814e-05 -0.362719 -0.644152 -6.66638e-05 1 -1.17378e-05 -2.11468e-05 0.362719 1.32418e-05 -0.931898 3.45497
-0.948327 -3.24429e-05 -0.317296 -0.636378 -3.07671e-05 1 -1.02919e-05 -1.85429e-05 0.317296 2.21024e-09 -0.948327 3.45528
-0.963121 -3.24441e-05 -0.269069 -0.628204 -3.12479e-05 1 -8.72849e-06 -1.82778e-05 0.269069 1.24337e-09 -0.963121 3.45598
-0.972411 -3.24386e-05 -0.233276 -0.622278 -3.15448e-05 1 -7.56236e-06 -1.80851e-05 0.233276 4.94684e-09 -0.972411 3.45676
-0.975655 -3.24406e-05 -0.219311 -0.620011 -3.16499e-05 1 -7.11901e-06 -1.80129e-05 0.219311 -4.54192e-09 -0.975655 3.45713
-0.989537 -3.24399e-05 -0.144276 -0.607919 -3.20998e-05 1 -4.68519e-06 -1.76208e-05 0.144276 -4.92733e-09 -0.989537 3.45961
-0.993154 2.04249e-06 -0.116814 -0.603642 2.5045e-06 1 -3.80832e-06 -2.50461e-05 0.116814 -4.07481e-06 -0.993154 3.46076
-0.996706 -3.24392e-05 -0.0810965 -0.598082 -3.23318e-05 1 -2.63693e-06 -1.73018e-05 0.0810965 -6.24213e-09 -0.996706 3.46239
-0.999564 -3.24392e-05 -0.0295234 -0.590168 -3.24252e-05 1 -9.53385e-07 -1.70436e-05 0.0295234 4.33576e-09 -0.999564 3.4651
-0.999918 8.96299e-06 0.012844 -0.58381 8.96899e-06 1 4.09776e-07 -2.44886e-05 -0.012844 5.2494e-07 -0.999918 3.46762
-0.999026 -3.24435e-05 0.0441281 -0.579149 -3.24119e-05 1 1.43143e-06 -1.66866e-05 -0.0441281 -2.42155e-10 -0.999026 3.46965
-0.996882 -3.24398e-05 0.0789067 -0.574101 -3.23385e-05 1 2.56214e-06 -1.65226e-05 -0.0789067 2.42846e-09 -0.996882 3.47208
-0.995521 -3.2438e-05 0.0945361 -0.571982 -3.22927e-05 1 3.06637e-06 -1.64544e-05 -0.0945361 -1.90355e-10 -0.995521 3.47323
-0.994883 -3.24395e-05 0.101035 -0.571195 -3.22735e-05 1 3.27734e-06 -1.64288e-05 -0.101035 -1.95674e-10 -0.994883 3.47372
-0.994654 1.69572e-05 0.103262 -0.570972 1.73961e-05 1 3.34928e-06 -2.55965e-05 -0.103262 5.12773e-06 -0.994654 3.47389
-0.994551 -3.24394e-05 0.104256 -0.570909 -3.22626e-05 1 3.38194e-06 -1.64195e-05 -0.104256 -5.12737e-11 -0.994551 3.47396
-0.994515 -1.91281e-05 0.104596 -0.570902 -1.88768e-05 1 3.39275e-06 -2.05592e-05 -0.104596 1.39971e-06 -0.994515 3.47399
-0.994507 -3.59608e-05 0.10467 -0.570905 -3.5802e-05 1 3.39538e-06 -1.57651e-05 -0.10467 -3.70656e-07 -0.994507 3.47399
-0.994495 -1.98243e-05 0.10478 -0.570911 -1.95759e-05 1 3.39871e-06 -2.05035e-05 -0.10478 1.32884e-06 -0.994495 3.474
-0.994487 2.77981e-06 0.104859 -0.570922 3.15388e-06 1 3.40152e-06 -2.29626e-05 -0.104859 3.71348e-06 -0.994487 3.47401
-0.994483 -3.24394e-05 0.104899 -0.570938 -3.22604e-05 1 3.40283e-06 -1.64204e-05 -0.104899 -2.79286e-11 -0.994483 3.47401
-0.994482 -3.24393e-05 0.104909 -0.570945 -3.22603e-05 1 3.40317e-06 -1.64206e-05 -0.104909 -1.25624e-11 -0.994482 3.47401
-0.994481 -3.24394e-05 0.104913 -0.570949 -3.22603e-05 1 3.40327e-06 -1.64208e-05 -0.104913 -2.73483e-11 -0.994481 3.47401
-0.994481 -3.24394e-05 0.104915 -0.570953 -3.22603e-05 1 3.40336e-06 -1.64209e-05 -0.104915 -2.72367e-11 -0.994481 3.47401
-0.994481 -3.24393e-05 0.104916 -0.570956 -3.22602e-05 1 3.40339e-06 -1.6421e-05 -0.104916 -1.286e-11 -0.994481 3.47401
-0.994481 -3.24393e-05 0.104916 -0.570956 -3.22602e-05 1 3.4034e-06 -1.6421e-05 -0.104916 -1.28695e-11 -0.994481 3.47401
-0.994481 -3.24394e-05 0.104917 -0.570958 -3.22603e-05 1 3.4034e-06 -1.64211e-05 -0.104917 -2.71715e-11 -0.994481 3.47401
-0.994481 -3.24394e-05 0.104917 -0.570959 -3.22603e-05 1 3.40341e-06 -1.64211e-05 -0.104917 -2.7182e-11 -0.994481 3.47401
-0.994481 -3.24394e-05 0.104917 -0.57096 -3.22603e-05 1 3.40341e-06 -1.64211e-05 -0.104917 -2.71757e-11 -0.994481 3.47401
-0.994481 -3.24393e-05 0.104917 -0.57096 -3.22602e-05 1 3.40342e-06 -1.64211e-05 -0.104917 -1.28872e-11 -0.994481 3.47401
-0.994481 -3.24394e-05 0.104917 -0.570961 -3.22603e-05 1 3.40341e-06 -1.64212e-05 -0.104917 -2.71646e-11 -0.994481 3.47401
-0.994481 -3.24394e-05 0.104917 -0.570961 -3.22603e-05 1 3.40341e-06 -1.64212e-05 -0.104917 -2.7163e-11 -0.994481 3.47401
-0.994481 -3.24393e-05 0.104917 -0.570961 -3.22602e-05 1 3.40342e-06 -1.64211e-05 -0.104917 -1.28967e-11 -0.994481 3.47401
-0.994481 -3.24393e-05 0.104917 -0.570961 -3.22602e-05 1 3.40342e-06 -1.64212e-05 -0.104917 -1.29051e-11 -0.994481 3.47401
-0.994481 -3.24394e-05 0.104917 -0.570961 -3.22603e-05 1 3.40341e-06 -1.64212e-05 -0.104917 -2.71474e-11 -0.994481 3.47401
-0.994481 -3.24393e-05 0.104917 -0.570961 -3.22602e-05 1 3.40342e-06 -1.64212e-05 -0.104917 -1.29119e-11 -0.994481 3.47401
-0.994481 -3.24394e-05 0.104917 -0.570961 -3.22603e-05 1 3.40341e-06 -1.64212e-05 -0.104917 -2.7139e-11 -0.994481 3.47401
-0.994481 -3.24394e-05 0.104917 -0.570961 -3.22603e-05 1 3.40341e-06 -1.64212e-05 -0.104917 -2.71328e-11 -0.994481 3.47401
-0.994481 -3.24394e-05 0.104917 -0.570961 -3.22603e-05 1 3.40341e-06 -1.64212e-05 -0.104917 -2.71283e-11 -0.994481 3.47401
-0.994481 -3.24393e-05 0.104917 -0.570961 -3.22602e-05 1 3.40342e-06 -1.64212e-05 -0.104917 -1.29338e-11 -0.994481 3.47401
-0.994481 -3.24394e-05 0.104917 -0.570961 -3.22603e-05 1 3.40341e-06 -1.64212e-05 -0.104917 -2.71175e-11 -0.994481 3.47401
-0.994552 1.80076e-05 0.104243 -0.570755 1.84607e-05 1 3.38208e-06 -2.57854e-05 -0.104243 5.28807e-06 -0.994552 3.47107
-0.994856 -6.71678e-05 0.1013 -0.569634 -6.71806e-05 1 3.28573e-06 -1.86384e-05 -0.1013 -3.53654e-06 -0.994856 3.4559
-0.995049 1.83221e-05 0.099388 -0.568431 1.87354e-05 1 3.22429e-06 -2.57638e-05 -0.099388 5.0704e-06 -0.995049 3.44158
-0.995268 -3.24394e-05 0.0971729 -0.567153 -3.22859e-05 1 3.15175e-06 -1.62977e-05 -0.0971729 -4.78959e-10 -0.995268 3.42568
-0.995512 -3.44797e-05 0.0946313 -0.565927 -3.43433e-05 1 3.06992e-06 -1.58792e-05 -0.0946313 -1.93813e-07 -0.995512 3.40938
-0.995684 -3.57613e-05 0.0928105 -0.56449 -3.56357e-05 1 3.01075e-06 -1.55948e-05 -0.0928105 -3.09616e-07 -0.995684 3.3921
-0.995922 -2.43288e-06 0.0902224 -0.563133 -1.84495e-06 1 6.59981e-06 -2.40046e-05 -0.0902224 6.40644e-06 -0.995922 3.37376
-0.996138 -6.46115e-06 0.0878008 -0.56194 -6.23498e-06 1 2.85022e-06 -2.09461e-05 -0.0878008 2.29178e-06 -0.996138 3.35696
-0.996179 -4.61416e-05 0.0873333 -0.561627 -4.42746e-05 1 2.33154e-05 -1.39089e-05 -0.0873333 1.93597e-05 -0.996179 3.35283
-0.996274 -1.87835e-05 0.0862431 -0.560679 -1.86115e-05 1 2.79791e-06 -1.86199e-05 -0.0862431 1.18237e-06 -0.996274 3.3409
-0.996608 -3.2439e-05 0.0822975 -0.558892 -3.2329e-05 1 2.66974e-06 -1.60297e-05 -0.0822975 9.37268e-11 -0.996608 3.31379
-0.996825 1.93881e-06 0.0796269 -0.555973 2.15133e-06 1 2.58306e-06 -2.23065e-05 -0.0796269 2.74616e-06 -0.996825 3.27488
-0.996838 -1.24361e-05 0.0794551 -0.554093 -1.22701e-05 1 2.57746e-06 -1.95812e-05 -0.0794551 1.59439e-06 -0.996838 3.2516
-0.996842 -3.24394e-05 0.0794117 -0.553145 -3.23369e-05 1 2.57604e-06 -1.58432e-05 -0.0794117 -2.58029e-11 -0.996842 3.2399
-0.996843 -6.69938e-05 0.0793983 -0.552228 -6.70009e-05 1 2.57562e-06 -1.80579e-05 -0.0793983 -2.75227e-06 -0.996843 3.22849
-0.996844 -5.19118e-05 0.0793894 -0.550318 -5.1871e-05 1 2.57531e-06 -1.70163e-05 -0.0793894 -1.55083e-06 -0.996844 3.20466
-0.996904 -3.24392e-05 0.0786238 -0.548968 -3.23388e-05 1 2.55056e-06 -1.57077e-05 -0.0786238 6.30914e-11 -0.996904 3.18629
-0.997076 -6.10224e-05 0.0764126 -0.547982 -6.10921e-05 1 1.42542e-06 -2.04905e-05 -0.0764126 -3.24695e-06 -0.997076 3.16949
-0.997218 1.92316e-05 0.0745452 -0.547076 1.94661e-05 1 2.41864e-06 -2.52189e-05 -0.0745452 3.86302e-06 -0.997218 3.15436
-0.997291 1.5737e-06 0.0735583 -0.54599 1.75398e-06 1 2.38625e-06 -2.1912e-05 -0.0735583 2.5088e-06 -0.997291 3.13846
-0.997328 1.78907e-06 0.0730567 -0.543248 1.96746e-06 1 2.36991e-06 -2.18627e-05 -0.0730567 2.50731e-06 -0.997328 3.10116
-0.997331 1.85968e-05 0.0730087 -0.542316 1.88199e-05 1 2.36834e-06 -2.49459e-05 -0.0730087 3.73604e-06 -0.997331 3.0886
-0.997333 -2.91098e-05 0.0729908 -0.54144 -2.90144e-05 1 2.36775e-06 -1.52474e-05 -0.0729908 2.43654e-07 -0.997333 3.07671
-0.997334 -1.96777e-05 0.072975 -0.53965 -1.95571e-05 1 2.36708e-06 -1.94987e-05 -0.072975 9.33588e-07 -0.997334 3.05242
-0.997334 -2.51574e-05 0.0729717 -0.538748 -2.50515e-05 1 2.36727e-06 -2.47129e-05 -0.0729717 5.32912e-07 -0.997334 3.04016
-0.997334 -3.97198e-05 0.0729708 -0.538264 -3.96529e-05 1 2.36668e-06 -1.58348e-05 -0.0729708 -5.33127e-07 -0.997334 3.03356
-0.997334 -4.48673e-05 0.0729691 -0.536258 -4.48141e-05 1 2.36671e-06 -1.78673e-05 -0.0729691 -9.09646e-07 -0.997334 3.00621
-0.997334 -4.48552e-05 0.0729687 -0.53427 -4.4802e-05 1 2.36611e-06 -1.78055e-05 -0.0729687 -9.09334e-07 -0.997334 2.97907
-0.997334 -4.48496e-05 0.0729686 -0.533048 -4.47964e-05 1 2.36585e-06 -1.77671e-05 -0.0729686 -9.0919e-07 -0.997334 2.96238
-0.997336 -3.1294e-05 0.0729491 -0.531776 -3.12046e-05 1 2.36641e-06 -1.53622e-05 -0.0729491 8.37649e-08 -0.997336 2.94497
-0.997491 2.41777e-06 0.070787 -0.530662 2.58683e-06 1 2.29663e-06 -2.15698e-05 -0.070787 2.47398e-06 -0.997491 2.92509
-0.997682 -8.4607e-05 0.0680487 -0.529527 -8.4653e-05 1 2.20697e-06 -1.84627e-05 -0.0680487 -3.55868e-06 -0.997682 2.90344
-0.997808 -8.41564e-05 0.0661752 -0.528613 -8.4199e-05 1 2.14588e-06 -1.84034e-05 -0.0661752 -3.4307e-06 -0.997808 2.88656
-0.998035 -3.25192e-05 0.0626598 -0.527473 -3.37848e-05 1 -1.91377e-05 -2.14528e-05 -0.0626598 -2.1217e-05 -0.998035 2.86194
-0.998071 -2.90406e-05 0.062087 -0.527235 -2.89715e-05 1 2.01394e-06 -1.47822e-05 -0.062087 2.11306e-07 -0.998071 2.85712
-0.998126 -3.26075e-05 0.0611981 -0.52651 -3.2547e-05 1 1.98522e-06 -1.49901e-05 -0.0611981 -1.03167e-08 -0.998126 2.84435
-0.997918 -3.24393e-05 0.0645029 -0.523898 -3.23717e-05 1 2.0925e-06 -1.48945e-05 -0.0645029 6.8271e-11 -0.997918 2.81176
-0.997829 -1.96503e-05 0.0658591 -0.522728 -1.95521e-05 1 2.1358e-06 -1.89509e-05 -0.0658591 8.43477e-07 -0.997829 2.79665
-0.997702 1.50915e-05 0.0677602 -0.521481 1.52755e-05 1 2.19721e-06 -2.36176e-05 -0.0677602 3.22723e-06 -0.997702 2.78197
-0.997634 -3.24391e-05 0.0687432 -0.520889 -3.23623e-05 1 2.22978e-06 -1.47969e-05 -0.0687432 -1.81523e-10 -0.997634 2.77524
-0.997432 -3.24395e-05 0.0716192 -0.518956 -3.23562e-05 1 2.32325e-06 -1.47342e-05 -0.0716192 -4.7708e-11 -0.997432 2.7528
-0.997211 -3.24394e-05 0.0746339 -0.516786 -3.23489e-05 1 2.42156e-06 -1.46637e-05 -0.0746339 4.78291e-10 -0.997211 2.7279
-0.996989 -3.24378e-05 0.0775439 -0.514847 -3.23401e-05 1 2.51549e-06 -2.4411e-05 -0.0775439 1.32101e-10 -0.996989 2.70719
-0.996814 -6.43757e-05 0.0797576 -0.513168 -6.27462e-05 1 2.29371e-05 -1.65154e-05 -0.0797576 1.78595e-05 -0.996814 2.68897
-0.996495 -2.31293e-05 0.0836493 -0.510443 -2.29829e-05 1 2.7131e-06 -1.61841e-05 -0.0836493 7.81085e-07 -0.996495 2.66151
-0.996381 1.00318e-05 0.0850048 -0.509204 1.03035e-05 1 2.75721e-06 -2.22928e-05 -0.0850048 3.62308e-06 -0.996381 2.64833
-0.996193 -3.24388e-05 0.08717 -0.507587 -3.23153e-05 1 2.82772e-06 -1.43654e-05 -0.08717 3.15813e-11 -0.996193 2.63255
-0.995936 -7.53903e-05 0.0900658 -0.505403 -7.54338e-05 1 2.92196e-06 -1.70868e-05 -0.0900658 -3.88392e-06 -0.995936 2.61184
-0.995804 -3.33058e-05 0.0915073 -0.503871 -3.41389e-05 1 -7.5384e-06 -1.75158e-05 -0.0915073 -1.06307e-05 -0.995804 2.59627
-0.995525 -3.24398e-05 0.0944947 -0.501519 -3.22946e-05 1 3.06553e-06 -1.41685e-05 -0.0944947 1.42361e-10 -0.995525 2.57497
-0.995308 -1.24997e-05 0.0967552 -0.499667 -1.22536e-05 1 3.13823e-06 -1.78096e-05 -0.0967552 1.93791e-06 -0.995308 2.55849
-0.99522 -3.24394e-05 0.0976614 -0.498651 -3.22843e-05 1 3.16802e-06 -1.40755e-05 -0.0976614 -5.05927e-11 -0.99522 2.54882
-0.995022 -3.24392e-05 0.099659 -0.496913 -3.22777e-05 1 3.23259e-06 -1.40192e-05 -0.099659 -2.67126e-10 -0.995022 2.53366
-0.994758 -3.24394e-05 0.102256 -0.494825 -3.22694e-05 1 3.31691e-06 -1.39514e-05 -0.102256 -2.0793e-10 -0.994758 2.51632
-0.994541 -3.24393e-05 0.104346 -0.491776 -3.22622e-05 1 3.38489e-06 -1.38525e-05 -0.104346 -2.30977e-11 -0.994541 2.48878
-0.994506 -1.05225e-05 0.104682 -0.48952 -1.13321e-05 1 -7.13897e-06 -2.07542e-05 -0.104682 -8.28601e-06 -0.994506 2.46722
-0.9945 -6.01043e-05 0.104736 -0.488899 -5.90029e-05 1 1.36147e-05 -1.54906e-05 -0.104736 7.36013e-06 -0.9945 2.46122
-0.994493 -3.24235e-05 0.1048 -0.487538 -3.22608e-05 1 3.24756e-06 -2.35247e-05 -0.1048 -1.51263e-07 -0.994493 2.44804
-0.994568 -3.19803e-05 0.104092 -0.486771 -3.22633e-05 1 -1.03481e-06 -1.36901e-05 -0.104092 -4.38755e-06 -0.994568 2.43955
-0.994906 -8.48601e-05 0.100807 -0.484734 -8.49633e-05 1 3.26934e-06 -1.70356e-05 -0.100807 -5.31222e-06 -0.994906 2.41496
-0.995195 -2.60078e-05 0.0979131 -0.482407 -2.9028e-05 1 -2.94214e-05 -2.31386e-05 -0.0979131 -3.21223e-05 -0.995195 2.38811
-0.995556 -1.13858e-05 0.0941747 -0.480376 -1.11477e-05 1 3.0551e-06 -1.73896e-05 -0.0941747 1.99169e-06 -0.995556 2.362
-0.995689 -6.67025e-05 0.0927593 -0.479095 -6.6711e-05 1 3.00895e-06 -1.56692e-05 -0.0927593 -3.19209e-06 -0.995689 2.34694
-0.996057 -3.24396e-05 0.0887181 -0.478387 -3.23117e-05 1 2.87869e-06 -1.3418e-05 -0.0887181 7.08032e-10 -0.996057 2.33311
-0.996765 -3.24393e-05 0.0803665 -0.477884 -3.23343e-05 1 2.60793e-06 -1.34017e-05 -0.0803665 9.02908e-10 -0.996765 2.31351
-0.997101 -3.24392e-05 0.076086 -0.477334 -3.23452e-05 1 2.46796e-06 -1.3384e-05 -0.076086 -2.11127e-10 -0.997101 2.30025
-0.997598 -3.24396e-05 0.0692711 -0.4769 -3.23616e-05 1 2.24733e-06 -1.33699e-05 -0.0692711 2.0853e-10 -0.997598 2.28263
-0.998115 -4.66669e-05 0.0613785 -0.476697 -4.53736e-05 1 2.2466e-05 -1.09642e-05 -0.0613785 1.96387e-05 -0.998115 2.26413
-0.998472 -8.58931e-06 0.0552568 -0.476207 -7.51898e-06 1 1.9578e-05 -1.79422e-05 -0.0552568 1.91326e-05 -0.998472 2.24513
-0.998796 -6.43171e-05 0.0490475 -0.476178 -6.48683e-05 1 -9.64544e-06 -1.54489e-05 -0.0490475 -1.28155e-05 -0.998796 2.22995
-0.999315 -1.89333e-05 0.0370013 -0.476088 -1.9747e-05 1 -2.16254e-05 -1.93709e-05 -0.0370013 -2.23413e-05 -0.999315 2.19683
-0.99961 -4.96146e-05 0.0279289 -0.476438 -4.98197e-05 1 -6.64784e-06 -1.44812e-05 -0.0279289 -8.03666e-06 -0.99961 2.17429
-0.999803 -3.24816e-05 0.019859 -0.476844 -3.24332e-05 1 2.76017e-06 -1.27331e-05 -0.019859 2.11553e-06 -0.999803 2.15311
-0.999926 -3.24392e-05 0.0121745 -0.477347 -3.24368e-05 1 3.95726e-07 -1.33843e-05 -0.0121745 7.92467e-10 -0.999926 2.13211
-0.999998 -3.24395e-05 0.00220506 -0.478347 -3.24394e-05 1 7.2308e-08 -1.34167e-05 -0.00220506 7.77163e-10 -0.999998 2.10756
-0.999999 -3.24391e-05 -0.00166431 -0.478684 -3.2439e-05 1 -5.46654e-08 -1.34279e-05 0.00166431 -6.76562e-10 -0.999999 2.09481
-0.999988 -3.24398e-05 -0.00488916 -0.479076 -3.24394e-05 1 -1.59058e-07 -1.34405e-05 0.00488916 -4.54144e-10 -0.999988 2.08635
-0.999788 -3.24393e-05 -0.0205667 -0.481359 -3.24324e-05 1 -6.67309e-07 -1.35146e-05 0.0205667 -1.39232e-10 -0.999788 2.04379
-0.999654 -8.59928e-06 -0.0263213 -0.482591 -8.57979e-06 1 -8.53459e-07 -1.79604e-05 0.0263213 -6.27332e-07 -0.999654 2.01271
-0.999534 -4.6058e-05 -0.0305173 -0.483655 -4.68512e-05 1 2.52742e-05 -1.64535e-05 0.0305173 2.66922e-05 -0.999534 1.9879
-0.999285 1.09815e-05 -0.0378122 -0.485257 1.10355e-05 1 -1.22108e-06 -2.06366e-05 0.0378122 -1.63748e-06 -0.999285 1.96857
-0.999167 -3.24395e-05 -0.0408186 -0.485937 -3.24125e-05 1 -1.32403e-06 -1.3663e-05 0.0408186 1.0016e-10 -0.999167 1.96102
-0.998978 -3.24399e-05 -0.0451894 -0.486978 -3.24067e-05 1 -1.46599e-06 -1.36968e-05 0.0451894 -4.71055e-11 -0.998978 1.94828
-0.99807 -3.24393e-05 -0.0621033 -0.491285 -3.23767e-05 1 -2.0146e-06 -1.38366e-05 0.0621033 -8.12125e-12 -0.99807 1.9051
-0.997855 -2.40473e-05 -0.0654698 -0.492367 -2.20969e-05 1 -3.05156e-05 -2.4287e-05 0.0654698 -2.90034e-05 -0.997855 1.89234
-0.997599 -3.24389e-05 -0.0692506 -0.494 -3.2361e-05 1 -2.24634e-06 -1.39246e-05 0.0692506 6.97051e-11 -0.997599 1.8728
-0.997443 -1.25236e-05 -0.071467 -0.495152 -1.23899e-05 1 -2.31483e-06 -1.76497e-05 0.071467 -1.42344e-06 -0.997443 1.85909
-0.997393 -7.53857e-05 -0.0721606 -0.495569 -7.54133e-05 1 -2.34118e-06 -1.67635e-05 0.0721606 3.10679e-06 -0.997393 1.85392
-0.997159 -3.24394e-05 -0.0753237 -0.497579 -3.23473e-05 1 -2.44311e-06 -1.40406e-05 0.0753237 3.48089e-10 -0.997159 1.82988
-0.996864 -4.55015e-05 -0.0791323 -0.500165 -4.54409e-05 1 -2.56728e-06 -1.4973e-05 0.0791323 1.03661e-06 -0.996864 1.80118
-0.99669 -3.81068e-05 -0.0812959 -0.501786 -3.96888e-05 1 1.78437e-05 -1.2818e-05 0.0812959 2.10112e-05 -0.99669 1.78352
-0.996372 -5.54165e-05 -0.0851007 -0.504553 -5.53825e-05 1 -2.76078e-06 -1.57601e-05 0.0851007 1.96232e-06 -0.996372 1.75532
-0.996019 -3.41921e-05 -0.0891427 -0.50659 -3.23087e-05 1 -2.25711e-05 -2.0237e-05 0.0891427 -1.96012e-05 -0.996019 1.7377
-0.995011 -5.20112e-05 -0.0997612 -0.510779 -5.19473e-05 1 -3.23772e-06 -1.57427e-05 0.0997612 1.96076e-06 -0.995011 1.70788
-0.99446 -1.24422e-06 -0.105116 -0.513553 -8.90834e-07 1 -3.40886e-06 -2.0354e-05 0.105116 -3.29633e-06 -0.99446 1.68587
-0.994294 -3.24393e-05 -0.106679 -0.514602 -3.22542e-05 1 -3.46063e-06 -1.45929e-05 0.106679 -2.82183e-11 -0.994294 1.67741
-0.993926 -3.24393e-05 -0.110052 -0.517206 -3.22422e-05 1 -3.57017e-06 -1.46774e-05 0.110052 -1.52309e-10 -0.993926 1.6564
-0.993255 -3.24393e-05 -0.11595 -0.52286 -3.22205e-05 1 -3.76134e-06 -1.48608e-05 0.11595 2.1632e-12 -0.993255 1.61113
-0.993012 -3.60863e-05 -0.118017 -0.525348 -3.58852e-05 1 -3.82837e-06 -1.4263e-05 0.118017 4.33441e-07 -0.993012 1.59153
-0.992995 -7.48255e-05 -0.118153 -0.525657 -7.48972e-05 1 -3.83297e-06 -1.77154e-05 0.118153 5.04325e-06 -0.992995 1.58899
-0.99292 -5.96526e-05 -0.118788 -0.528409 -6.08441e-05 1 6.40357e-06 -1.68949e-05 0.118788 1.35858e-05 -0.99292 1.56587
-0.992889 -3.24393e-05 -0.119044 -0.5313 -3.22086e-05 1 -3.86187e-06 -1.51346e-05 0.119044 -1.58959e-10 -0.992889 1.54132
-0.992879 5.26636e-07 -0.119125 -0.537055 9.94057e-07 1 -3.86436e-06 -2.14553e-05 0.119125 -3.95526e-06 -0.992879 1.49284
-0.992331 -3.24393e-05 -0.123607 -0.540336 -3.21904e-05 1 -4.01066e-06 -1.54278e-05 0.123607 -9.5247e-10 -0.992331 1.47136
-0.991231 6.3283e-06 -0.132143 -0.5442 6.22492e-06 1 1.19541e-06 -2.09992e-05 0.132143 3.6235e-07 -0.991231 1.45074
-0.990761 -6.64696e-05 -0.135618 -0.546207 -6.64871e-05 1 -4.39967e-06 -1.78422e-05 0.135618 4.65785e-06 -0.990761 1.43879
-0.990032 -4.85919e-05 -0.140845 -0.548966 -4.84309e-05 1 -4.57073e-06 -2.25038e-05 0.140845 2.29607e-06 -0.990032 1.42359
-0.988766 -4.27558e-05 -0.149472 -0.552964 -4.08385e-05 1 -1.5897e-05 -1.64049e-05 0.149472 -9.61418e-06 -0.988766 1.40426
-0.988156 -3.24398e-05 -0.153455 -0.555183 -3.20555e-05 1 -4.97819e-06 -1.59093e-05 0.153455 -1.51233e-10 -0.988156 1.3927
-0.987928 -6.25501e-05 -0.154915 -0.556216 -6.25261e-05 1 -5.02772e-06 -1.79166e-05 0.154915 4.71919e-06 -0.987928 1.38698
-0.986849 -3.14428e-06 -0.161646 -0.563045 -2.32732e-06 1 -5.24341e-06 -2.16487e-05 0.161646 -4.79825e-06 -0.986849 1.3486
-0.986638 -3.24391e-05 -0.162927 -0.564798 -3.20056e-05 1 -5.28552e-06 -1.62213e-05 0.162927 -3.14645e-10 -0.986638 1.33858
-0.98621 -3.24394e-05 -0.165497 -0.568042 -3.19921e-05 1 -5.36845e-06 -1.63264e-05 0.165497 1.80566e-10 -0.98621 1.32077
-0.985676 1.79071e-05 -0.168649 -0.572672 1.91033e-05 1 -5.47052e-06 -2.59131e-05 0.168649 -8.6139e-06 -0.985676 1.29525
-0.98552 -3.24393e-05 -0.169561 -0.576141 -3.19696e-05 1 -5.50046e-06 -1.65893e-05 0.169561 -2.77376e-11 -0.98552 1.27506
-0.985488 -2.52373e-05 -0.169746 -0.579337 -2.46604e-05 1 -5.50644e-06 -1.8043e-05 0.169746 -1.24052e-06 -0.985488 1.25632
-0.985483 -3.24393e-05 -0.169774 -0.580143 -3.19684e-05 1 -5.50738e-06 -1.6719e-05 0.169774 -3.38204e-11 -0.985483 1.25159
-0.985475 -1.40099e-05 -0.169822 -0.582013 -1.38981e-05 1 -1.84704e-06 -2.43212e-05 0.169822 5.39994e-07 -0.985475 1.2406
-0.986128 -3.24395e-05 -0.165988 -0.587026 -3.19895e-05 1 -5.38459e-06 -1.69423e-05 0.165988 -1.27216e-11 -0.986128 1.20764
-0.986486 -3.72428e-05 -0.163844 -0.589961 -3.20012e-05 1 -3.46307e-05 -2.58322e-05 0.163844 -2.89196e-05 -0.986486 1.18843
-0.987092 -4.76285e-05 -0.160157 -0.593704 -4.39735e-05 1 -2.63654e-05 -2.13017e-05 0.160157 -1.89824e-05 -0.987092 1.16264
-0.987376 -5.2264e-05 -0.158394 -0.596063 -5.21079e-05 1 -5.13794e-06 -1.85354e-05 0.158394 3.1805e-06 -0.987376 1.14685
-0.987502 -3.24394e-05 -0.157606 -0.598694 -3.20339e-05 1 -5.11265e-06 -1.73208e-05 0.157606 -2.24966e-11 -0.987502 1.13016
-0.987539 -8.28375e-05 -0.157374 -0.601725 -8.30692e-05 1 -5.1051e-06 -2.07234e-05 0.157374 8.03148e-06 -0.987539 1.11125
-0.987546 -3.24392e-05 -0.157331 -0.602716 -3.20352e-05 1 -5.10373e-06 -1.74513e-05 0.157331 -2.56671e-11 -0.987546 1.10507
-0.987558 -6.63321e-05 -0.157253 -0.605472 -6.63555e-05 1 -5.10118e-06 -1.97628e-05 0.157253 5.39686e-06 -0.987558 1.08793
-0.987563 2.05501e-06 -0.157224 -0.612158 2.89287e-06 1 -5.10024e-06 -2.42106e-05 0.157224 -5.49164e-06 -0.987563 1.04609
-0.987563 -7.57681e-05 -0.157222 -0.615457 -7.59103e-05 1 -5.10019e-06 -2.07053e-05 0.157222 6.89798e-06 -0.987563 1.02543
-0.987563 -5.24474e-05 -0.157221 -0.618835 -5.2296e-05 1 -5.10016e-06 -1.9286e-05 0.157221 3.1853e-06 -0.987563 1.00422
-0.987563 -6.6133e-05 -0.157221 -0.620937 -6.61538e-05 1 -5.10015e-06 -2.02515e-05 0.157221 5.36404e-06 -0.987563 0.991035
-0.987563 -5.24474e-05 -0.157221 -0.624041 -5.22959e-05 1 -5.10015e-06 -1.94549e-05 0.157221 3.18529e-06 -0.987563 0.971542
-0.987563 -5.24474e-05 -0.157221 -0.624479 -5.22959e-05 1 -5.10015e-06 -1.94691e-05 0.157221 3.18528e-06 -0.987563 0.968792
-0.987565 -3.24394e-05 -0.15721 -0.628042 -3.2036e-05 1 -5.09993e-06 -1.82728e-05 0.15721 -1.26368e-10 -0.987565 0.946399
-0.987715 -4.54951e-05 -0.156265 -0.629718 -4.5259e-05 1 -5.06853e-06 -2.5695e-05 0.156265 2.06614e-06 -0.987715 0.934921
-0.988807 -2.89219e-05 -0.149202 -0.637521 -3.20758e-05 1 1.87325e-05 -1.85803e-05 0.149202 2.33086e-05 -0.988807 0.878332
-0.989221 -3.24391e-05 -0.146428 -0.640209 -3.20895e-05 1 -4.74982e-06 -1.86675e-05 0.146428 1.92162e-10 -0.989221 0.858031
-0.98959 -2.5379e-05 -0.143913 -0.643403 -2.4042e-05 1 -1.1029e-05 -2.99673e-05 0.143913 -7.45427e-06 -0.98959 0.834527
-0.990102 -2.41088e-05 -0.140351 -0.646482 -2.67054e-05 1 1.66173e-05 -2.33299e-05 0.140351 2.0201e-05 -0.990102 0.809941
-0.990267 -3.24394e-05 -0.13918 -0.647996 -3.21236e-05 1 -4.51497e-06 -1.89201e-05 0.13918 -5.14455e-11 -0.990267 0.798451
-0.990431 -3.24392e-05 -0.138008 -0.649401 -3.21288e-05 1 -4.47726e-06 -1.89658e-05 0.138008 -3.88527e-10 -0.990431 0.787567
-0.990813 5.75289e-06 -0.135242 -0.651584 6.40597e-06 1 -4.39381e-06 -2.63521e-05 0.135242 -5.2198e-06 -0.990813 0.769126
-0.991148 8.79321e-06 -0.132765 -0.654477 9.44868e-06 1 -4.30708e-06 -2.6816e-05 0.132765 -5.5234e-06 -0.991148 0.745728
-0.991221 1.3791e-06 -0.132215 -0.65707 1.96341e-06 1 -4.28902e-06 -2.55177e-05 0.132215 -4.51096e-06 -0.991221 0.726207
-0.991256 -3.24394e-05 -0.131955 -0.660202 -3.21557e-05 1 -4.28055e-06 -1.93161e-05 0.131955 -1.96893e-11 -0.991256 0.702898
-0.991266 -3.24394e-05 -0.131876 -0.663452 -3.2156e-05 1 -4.27799e-06 -1.94215e-05 0.131876 -1.27611e-11 -0.991266 0.678682
-0.991268 -3.24393e-05 -0.131865 -0.664988 -3.2156e-05 1 -4.27764e-06 -1.94713e-05 0.131865 -1.87726e-11 -0.991268 0.667201
-0.991269 -3.24394e-05 -0.131855 -0.667632 -3.21562e-05 1 -4.27729e-06 -1.95571e-05 0.131855 -1.43687e-11 -0.991269 0.647421
-0.991269 -3.24394e-05 -0.131852 -0.670093 -3.21561e-05 1 -4.27719e-06 -1.96369e-05 0.131852 -9.70046e-12 -0.991269 0.628974
-0.99127 -3.24394e-05 -0.13185 -0.672766 -3.21562e-05 1 -4.27728e-06 -1.97237e-05 0.13185 -1.34044e-10 -0.99127 0.608913
-0.99127 -3.24394e-05 -0.13185 -0.673298 -3.21562e-05 1 -4.27727e-06 -1.97409e-05 0.13185 -1.34019e-10 -0.99127 0.604918
-0.99127 -3.24393e-05 -0.13185 -0.679525 -3.21561e-05 1 -4.27708e-06 -1.99429e-05 0.13185 3.57441e-11 -0.99127 0.558136
-0.99127 -3.24393e-05 -0.13185 -0.682364 -3.21561e-05 1 -4.27708e-06 -2.0035e-05 0.13185 3.55752e-11 -0.99127 0.536796
-0.99127 -3.24394e-05 -0.13185 -0.685224 -3.21562e-05 1 -4.27726e-06 -2.01278e-05 0.13185 -1.3372e-10 -0.99127 0.515298
-0.99127 -3.24393e-05 -0.13185 -0.6876 -3.21561e-05 1 -4.27708e-06 -2.02049e-05 0.13185 3.52784e-11 -0.99127 0.497436
-0.99127 -3.24393e-05 -0.13185 -0.690029 -3.21561e-05 1 -4.27708e-06 -2.02837e-05 0.13185 3.51492e-11 -0.99127 0.479173
-0.99128 -4.8637e-05 -0.131776 -0.693304 -4.84966e-05 1 -4.27468e-06 -2.14479e-05 0.131776 2.15328e-06 -0.99128 0.454593
-0.991681 -3.70645e-05 -0.128716 -0.695133 -3.40857e-05 1 -2.53448e-05 -2.64464e-05 0.128716 -2.07465e-05 -0.991681 0.442606
-0.99287 -3.24389e-05 -0.119206 -0.699338 -3.22078e-05 1 -3.86582e-06 -2.05854e-05 0.119206 1.09112e-09 -0.99287 0.419824
-0.993316 -3.24395e-05 -0.115429 -0.701844 -3.22226e-05 1 -3.74491e-06 -2.0667e-05 0.115429 -4.64322e-10 -0.993316 0.407744
-0.993863 -3.24392e-05 -0.110621 -0.705765 -3.22401e-05 1 -3.5881e-06 -2.07941e-05 0.110621 3.4974e-10 -0.993863 0.386788
-0.994194 -6.84643e-05 -0.1076 -0.708768 -6.84866e-05 1 -3.48804e-06 -2.32374e-05 0.1076 3.90135e-06 -0.994194 0.369981
-0.994307 -7.1177e-05 -0.106558 -0.709755 -7.11164e-05 1 -4.36915e-06 -2.37142e-05 0.106558 3.23374e-06 -0.994307 0.364161
-0.994644 -3.24396e-05 -0.103361 -0.712619 -3.22658e-05 1 -3.35293e-06 -2.10164e-05 0.103361 5.94185e-11 -0.994644 0.346506
-0.995774 -1.78668e-05 -0.0918359 -0.716653 -1.76676e-05 1 -2.98214e-06 -2.38511e-05 0.0918359 -1.34702e-06 -0.995774 0.31989
-0.996946 -3.48158e-05 -0.0780941 -0.719028 -3.23642e-05 1 -3.26583e-05 -3.1033e-05 0.0780941 -3.00311e-05 -0.996946 0.303935
-0.997658 -3.24388e-05 -0.0683938 -0.72259 -3.23629e-05 1 -2.21868e-06 -2.134e-05 0.0683938 -6.91509e-11 -0.997658 0.283319
-0.997862 -3.42226e-05 -0.0653563 -0.724251 -3.27764e-05 1 -2.31998e-05 -2.76426e-05 0.0653563 -2.10081e-05 -0.997862 0.272595
-0.997929 -3.24393e-05 -0.0643297 -0.724977 -3.23721e-05 1 -2.08682e-06 -2.14173e-05 0.0643297 -7.43013e-12 -0.997929 0.268056
-0.997881 -2.68801e-05 -0.0650679 -0.728331 -2.67995e-05 1 -2.11072e-06 -2.25554e-05 0.0650679 -3.62454e-07 -0.997881 0.246095
-0.997774 -4.04976e-05 -0.0666915 -0.729768 -4.04434e-05 1 -2.16394e-06 -2.98907e-05 0.0666915 5.38101e-07 -0.997774 0.235418
-0.997251 1.09894e-05 -0.0740967 -0.732049 1.07316e-05 1 3.87753e-06 -2.77229e-05 0.0740967 3.0717e-06 -0.997251 0.218621
-0.996696 -3.24393e-05 -0.081225 -0.733336 -3.23321e-05 1 -2.63486e-06 -2.16885e-05 0.081225 1.72325e-11 -0.996696 0.208399
-0.996557 -3.24391e-05 -0.0829097 -0.733637 -3.23273e-05 1 -2.68992e-06 -2.16983e-05 0.0829097 -4.07073e-10 -0.996557 0.205342
-0.996423 -2.07485e-05 -0.0845079 -0.733987 -2.05905e-05 1 -2.74047e-06 -2.38772e-05 0.0845079 -9.90603e-07 -0.996423 0.201523
-0.996251 -5.60825e-05 -0.0865124 -0.735733 -5.60499e-05 1 -2.80644e-06 -2.33029e-05 0.0865124 2.05309e-06 -0.996251 0.188122
-0.996911 -3.24396e-05 -0.0785439 -0.737023 -3.23393e-05 1 -2.54921e-06 -2.18083e-05 0.0785439 -1.27831e-09 -0.996911 0.172106
-0.998104 1.27661e-05 -0.0615575 -0.73672 1.29137e-05 1 -2.0008e-06 -2.86761e-05 0.0615575 -2.79195e-06 -0.998104 0.160608
-0.998308 -5.95042e-05 -0.0581406 -0.737333 -5.94953e-05 1 -1.88487e-06 -2.35732e-05 0.0581406 1.57741e-06 -0.998308 0.155105
-0.998407 -3.24393e-05 -0.0564247 -0.738657 -3.23877e-05 1 -1.83043e-06 -2.18611e-05 0.0564247 -5.14809e-11 -0.998407 0.147355
-0.998513 -3.24392e-05 -0.0545131 -0.740547 -3.2391e-05 1 -1.76856e-06 -2.19225e-05 0.0545131 -1.96642e-10 -0.998513 0.136663
-0.998646 -3.89606e-05 -0.0520259 -0.741599 -3.78226e-05 1 -2.28579e-05 -2.73049e-05 0.0520259 -2.08592e-05 -0.998646 0.129611
-0.998738 -3.24392e-05 -0.0502228 -0.742539 -3.23983e-05 1 -1.62913e-06 -2.1987e-05 0.0502228 6.24215e-11 -0.998738 0.12362
-0.998785 -3.24395e-05 -0.0492712 -0.742789 -3.24e-05 1 -1.59883e-06 -2.19952e-05 0.0492712 -4.96043e-10 -0.998785 0.12173
-0.999175 -4.16606e-05 -0.0406012 -0.743142 -4.12143e-05 1 -1.18305e-05 -2.35362e-05 0.0406012 -1.01474e-05 -0.999175 0.114482
-0.999702 -3.24395e-05 -0.0244059 -0.743557 -3.24298e-05 1 -7.9233e-07 -2.20201e-05 0.0244059 -6.14866e-10 -0.999702 0.102787
-0.999887 -3.24396e-05 -0.0150123 -0.743659 -3.2436e-05 1 -4.86478e-07 -2.20233e-05 0.0150123 5.15866e-10 -0.999887 0.0966508
-0.999927 -3.24394e-05 -0.0120416 -0.744318 -3.24371e-05 1 -3.90823e-07 -2.20448e-05 0.0120416 -2.01051e-10 -0.999927 0.0920091
-0.999933 -3.24392e-05 -0.0115939 -0.744659 -3.2437e-05 1 -3.75988e-07 -2.20558e-05 0.0115939 1.08007e-10 -0.999933 0.0902144
-0.999942 -4.51118e-05 -0.0107507 -0.746094 -4.51106e-05 1 -3.48599e-07 -2.46644e-05 0.0107507 1.36394e-07 -0.999942 0.0832109
-0.999026 -3.15014e-05 0.044126 -0.738609 -3.23732e-05 1 -1.90423e-05 -3.16594e-05 -0.044126 -2.04523e-05 -0.999026 0.0822232
-0.995071 -3.24346e-05 0.0991694 -0.730667 -3.22746e-05 1 3.2177e-06 -2.16026e-05 -0.0991694 1.18253e-09 -0.995071 0.0848549
-0.985554 -3.75995e-07 0.16936 -0.72084 -1.22842e-07 1 1.50524e-06 -3.02249e-05 -0.16936 1.46269e-06 -0.985554 0.0894057
-0.974776 -3.2434e-05 0.223186 -0.713449 -3.16156e-05 1 7.24001e-06 -2.10437e-05 -0.223186 1.24249e-09 -0.974776 0.0938092
-0.968462 -3.2446e-05 0.24916 -0.709925 -3.14232e-05 1 8.0827e-06 -2.09286e-05 -0.24916 -1.60549e-09 -0.968462 0.0961889
-0.95953 -3.92891e-05 0.281606 -0.705652 -3.1112e-05 1 3.35088e-05 -2.32895e-05 -0.281606 2.33914e-05 -0.95953 0.0993047
-0.922827 -4.42962e-05 0.385214 -0.692334 -3.47452e-05 1 3.17548e-05 -2.34992e-05 -0.385214 1.59199e-05 -0.922827 0.110819
-0.913757 -6.61721e-05 0.406262 -0.689779 -6.65553e-05 1 1.31854e-05 -2.26647e-05 -0.406262 -1.49907e-05 -0.913757 0.113398
-0.908251 -3.2438e-05 0.418426 -0.688296 -2.94618e-05 1 1.3573e-05 -2.02276e-05 -0.418426 9.38535e-11 -0.908251 0.114944
-0.864262 -5.61289e-05 0.503041 -0.678243 -5.63824e-05 1 1.471e-05 -2.44729e-05 -0.503041 -1.56494e-05 -0.864262 0.126626
-0.798487 -3.24368e-05 0.602012 -0.667374 -2.5899e-05 1 1.95291e-05 -1.95492e-05 -0.602012 2.21492e-09 -0.798487 0.142485
-0.771434 -3.24348e-05 0.636309 -0.663918 -2.50247e-05 1 2.06344e-05 -1.94377e-05 -0.636309 -5.38499e-09 -0.771434 0.148593
-0.732918 -3.24313e-05 0.680317 -0.659618 -2.37727e-05 1 2.20601e-05 -1.92985e-05 -0.680317 -4.71976e-09 -0.732918 0.157068
-0.702335 -1.90323e-05 0.711847 -0.656773 -2.19236e-05 1 5.10581e-06 -2.47613e-05 -0.711847 -1.20203e-05 -0.702335 0.163548
-0.643316 -3.24342e-05 0.765601 -0.652262 -2.08682e-05 1 2.48294e-05 -1.90594e-05 -0.765601 -3.5694e-09 -0.643316 0.175698
-0.594424 -4.98681e-05 0.804152 -0.649476 -2.09031e-05 1 4.65618e-05 -1.90735e-05 -0.804152 1.08682e-05 -0.594424 0.18535
-0.542636 -1.4371e-05 0.839968 -0.647216 -1.76077e-05 1 5.73405e-06 -2.53487e-05 -0.839968 -1.16784e-05 -0.542636 0.195332
-0.493549 -3.76081e-05 0.869718 -0.645765 -4.87933e-05 1 1.55524e-05 -2.25992e-05 -0.869718 -3.47605e-05 -0.493549 0.204467
-0.462676 -1.28793e-05 0.886527 -0.645109 -1.50136e-05 1 6.69226e-06 -2.5446e-05 -0.886527 -1.02136e-05 -0.462676 0.210135
-0.413453 -8.14685e-06 0.910525 -0.64448 5.01219e-06 1 1.12234e-05 -2.77039e-05 -0.910525 9.20406e-06 -0.413453 0.219011
-0.368441 -1.53653e-05 0.929651 -0.644368 3.436e-05 1 3.01456e-05 -2.73602e-05 -0.929651 4.30496e-05 -0.368441 0.226891
-0.333368 -3.24409e-05 0.942797 -0.644515 -1.08189e-05 1 3.05837e-05 -1.8807e-05 -0.942797 -4.41244e-09 -0.333368 0.232976
-0.271583 -1.28003e-05 0.962415 -0.645334 2.72801e-05 1 2.09983e-05 -2.93653e-05 -0.962415 3.19575e-05 -0.271583 0.243418
-0.218702 -5.2462e-05 0.975792 -0.646536 -4.271e-06 1 5.28063e-05 -2.28566e-05 -0.975792 7.38125e-06 -0.218702 0.252186
-0.156257 -3.83674e-05 0.987716 -0.648542 -3.55172e-05 1 3.32257e-05 -2.31201e-05 -0.987716 -2.98891e-05 -0.156257 0.262271
-0.124437 -3.24443e-05 0.992227 -0.6498 -4.03543e-06 1 3.21923e-05 -1.8978e-05 -0.992227 1.86003e-09 -0.124437 0.267316
-0.0997959 -5.47206e-05 0.995008 -0.650878 -3.20978e-06 1 5.46732e-05 -1.9015e-05 -0.995008 2.26241e-06 -0.0997959 0.2712
-0.0688801 -3.44457e-05 0.997625 -0.652357 -3.12663e-05 1 3.2369e-05 -2.09404e-05 -0.997625 -2.89625e-05 -0.0688801 0.276026
0.0318711 -3.2436e-05 0.999492 -0.658206 1.02988e-06 1 3.24197e-05 -1.92516e-05 -0.999492 -3.89179e-09 0.0318711 0.291235
0.0885999 -5.07228e-05 0.996067 -0.662168 1.16356e-05 1 4.9888e-05 -2.55355e-05 -0.996067 7.16978e-06 0.0885999 0.299537
0.134113 -2.79619e-05 0.990966 -0.665699 2.13421e-05 1 2.53285e-05 -2.26342e-05 -0.990966 1.77524e-05 0.134113 0.306046
0.196709 -2.89334e-05 0.980462 -0.671082 3.50847e-05 1 2.2471e-05 -3.04173e-05 -0.980462 2.9979e-05 0.196709 0.314846
0.247573 -3.24453e-05 0.968869 -0.675906 8.03122e-06 1 3.14356e-05 -1.98246e-05 -0.968869 -1.40781e-09 0.247573 0.321706
0.291168 -5.38708e-05 0.956672 -0.680393 1.36236e-05 1 5.21642e-05 -2.42118e-05 -0.956672 -2.15521e-06 0.291168 0.327543
0.336034 -3.24378e-05 0.94185 -0.685339 1.08975e-05 1 3.05525e-05 -2.01314e-05 -0.94185 -2.88001e-09 0.336034 0.333365
0.423053 -4.3153e-06 0.906105 -0.696006 -7.48308e-06 1 8.25626e-06 -2.28942e-05 -0.906105 -1.02733e-05 0.423053 0.344305
0.463934 -3.24397e-05 0.88587 -0.701511 1.50539e-05 1 2.87352e-05 -2.06567e-05 -0.88587 4.50942e-09 0.463934 0.349162
0.505833 -3.24391e-05 0.862632 -0.707554 1.64055e-05 1 2.79849e-05 -2.08517e-05 -0.862632 -3.75882e-09 0.505833 0.354059
0.554506 -5.20957e-05 0.83218 -0.715081 2.27234e-05 1 4.74603e-05 -2.07918e-05 -0.83218 -7.40706e-06 0.554506 0.35951
0.59154 -3.24446e-05 0.806276 -0.721211 1.91926e-05 1 2.6159e-05 -2.12949e-05 -0.806276 4.63245e-10 0.59154 0.363478
0.608249 -3.24422e-05 0.793746 -0.724115 1.97356e-05 1 2.57489e-05 -2.13896e-05 -0.793746 3.31391e-09 0.608249 0.365238
0.675322 -3.72918e-05 0.737523 -0.736617 1.00394e-05 1 4.13709e-05 -2.41782e-05 -0.737523 -2.05344e-05 0.675322 0.371869
0.711034 -3.24361e-05 0.703158 -0.743965 2.30609e-05 1 2.281e-05 -2.2033e-05 -0.703158 -3.21843e-09 0.711034 0.375168
0.758436 -9.4547e-06 0.651747 -0.754535 -5.91592e-06 1 2.13911e-05 -2.65387e-05 -0.651747 -2.00794e-05 0.758436 0.379128
0.78879 -3.24362e-05 0.614663 -0.761965 2.55824e-05 1 1.99411e-05 -2.26166e-05 -0.614663 -4.71999e-09 0.78879 0.38145
0.835354 -7.97701e-07 0.549713 -0.774525 -5.20138e-06 1 9.35524e-06 -2.6865e-05 -0.549713 -1.06742e-05 0.835354 0.384478
0.878235 -3.24363e-05 0.47823 -0.787903 2.84856e-05 1 1.5514e-05 -2.34584e-05 -0.47823 -2.27588e-09 0.878235 0.386602
0.917025 -3.24372e-05 0.39883 -0.802154 2.97446e-05 1 1.29394e-05 -2.39205e-05 -0.39883 -2.67635e-09 0.917025 0.387581
0.940974 -3.24369e-05 0.338479 -0.812647 3.05213e-05 1 1.09817e-05 -2.42609e-05 -0.338479 -2.70084e-09 0.940974 0.387498
0.966283 -3.24453e-05 0.257483 -0.826384 3.13517e-05 1 8.35244e-06 -2.47073e-05 -0.257483 1.73785e-09 0.966283 0.386393
0.976454 -2.94769e-05 0.215725 -0.833209 3.31656e-05 1 -1.34793e-05 -3.46408e-05 -0.215725 2.03166e-05 0.976454 0.38536
0.980407 -3.24398e-05 0.196985 -0.836249 3.1803e-05 1 6.39632e-06 -2.5026e-05 -0.196985 -6.30102e-09 0.980407 0.384809
0.988991 -3.24352e-05 0.147976 -0.844131 3.2078e-05 1 4.80031e-06 -2.52826e-05 -0.147976 -7.00364e-10 0.988991 0.383121
0.99966 -3.24392e-05 0.0260676 -0.862995 3.24282e-05 1 8.44389e-07 -2.58948e-05 -0.0260676 1.224e-09 0.99966 0.377303
0.999731 -2.19751e-05 -0.0232022 -0.870378 2.14647e-05 1 -2.22481e-05 -3.05554e-05 0.0232022 2.17441e-05 0.999731 0.374323
0.995016 -5.83685e-05 -0.0997122 -0.881258 5.7544e-05 1 -1.11442e-05 -3.1155e-05 0.0997122 5.35085e-06 0.995016 0.368974
0.994646 1.82953e-05 -0.103339 -0.88153 -1.87421e-05 1 -3.35222e-06 -2.97984e-05 0.103339 5.27106e-06 0.994646 0.368702
0.994633 -3.24394e-05 -0.10347 -0.881506 3.22653e-05 1 -3.35639e-06 -2.64951e-05 0.10347 -1.07985e-10 0.994633 0.368693
0.994631 -2.89208e-05 -0.103488 -0.881492 2.87277e-05 1 -3.35708e-06 -2.5841e-05 0.103488 3.66093e-07 0.994631 0.368692
0.99463 -3.24393e-05 -0.103491 -0.881485 3.22651e-05 1 -3.35718e-06 -2.64944e-05 0.103491 9.8724e-12 0.99463 0.368692
0.99463 -3.24393e-05 -0.103491 -0.881483 3.22651e-05 1 -3.35719e-06 -2.64943e-05 0.103491 9.86058e-12 0.99463 0.368692
0.99463 -3.24394e-05 -0.103491 -0.881482 3.22652e-05 1 -3.35719e-06 -2.64943e-05 0.103491 4.65433e-12 0.99463 0.368692
0.99463 -3.24394e-05 -0.103491 -0.881482 3.22652e-05 1 -3.35719e-06 -2.64943e-05 0.103491 4.65421e-12 0.99463 0.368692
0.99463 -3.24393e-05 -0.103491 -0.881482 3.22651e-05 1 -3.35719e-06 -2.64943e-05 0.103491 9.85892e-12 0.99463 0.368692
0.99463 -3.24394e-05 -0.103491 -0.881482 3.22652e-05 1 -3.35719e-06 -2.64943e-05 0.103491 4.65375e-12 0.99463 0.368692
0.99463 -3.24393e-05 -0.103491 -0.881482 3.22651e-05 1 -3.35719e-06 -2.64943e-05 0.103491 9.85927e-12 0.99463 0.368692
0.99463 -3.24393e-05 -0.103491 -0.881482 3.22651e-05 1 -3.35719e-06 -2.64943e-05 0.103491 9.85948e-12 0.99463 0.368692
0.99463 -3.24393e-05 -0.103491 -0.881482 3.22651e-05 1 -3.35719e-06 -2.64943e-05 0.103491 9.8596e-12 0.99463 0.368692
0.99463 -3.24394e-05 -0.103491 -0.881482 3.22652e-05 1 -3.35719e-06 -2.64943e-05 0.103491 4.65274e-12 0.99463 0.368692
0.99463 -3.24393e-05 -0.103491 -0.881482 3.22651e-05 1 -3.35719e-06 -2.64943e-05 0.103491 9.86e-12 0.99463 0.368692
0.99463 -3.24393e-05 -0.103491 -0.881482 3.22651e-05 1 -3.35719e-06 -2.64943e-05 0.103491 9.86014e-12 0.99463 0.368692
0.99463 -3.24394e-05 -0.103491 -0.881482 3.22652e-05 1 -3.35719e-06 -2.64943e-05 0.103491 4.65218e-12 0.99463 0.368692
0.99463 -3.24393e-05 -0.103491 -0.881482 3.22651e-05 1 -3.35719e-06 -2.64943e-05 0.103491 9.86047e-12 0.99463 0.368692
0.99463 -3.24393e-05 -0.103491 -0.881482 3.22651e-05 1 -3.35719e-06 -2.64943e-05 0.103491 9.86087e-12 0.99463 0.368692
0.99463 -3.24393e-05 -0.103491 -0.881482 3.22651e-05 1 -3.35719e-06 -2.64943e-05 0.103491 9.86104e-12 0.99463 0.368692
0.99463 -3.24393e-05 -0.103491 -0.881482 3.22651e-05 1 -3.35719e-06 -2.64943e-05 0.103491 9.86127e-12 0.99463 0.368692
0.99463 -3.24393e-05 -0.103491 -0.881482 3.22651e-05 1 -3.35719e-06 -2.64943e-05 0.103491 9.86148e-12 0.99463 0.368692
0.99463 -3.24393e-05 -0.103491 -0.881482 3.22651e-05 1 -3.35719e-06 -2.64943e-05 0.103491 9.86157e-12 0.99463 0.368692
0.99463 -3.24394e-05 -0.103491 -0.881482 3.22652e-05 1 -3.35719e-06 -2.64943e-05 0.103491 4.65014e-12 0.99463 0.368692
0.99463 -3.24394e-05 -0.103491 -0.881482 3.22652e-05 1 -3.35719e-06 -2.64943e-05 0.103491 4.64993e-12 0.99463 0.368692
0.99463 -3.24393e-05 -0.103491 -0.881482 3.22651e-05 1 -3.35719e-06 -2.64943e-05 0.103491 9.86205e-12 0.99463 0.368692
0.99463 -3.24394e-05 -0.103491 -0.881482 3.22652e-05 1 -3.35719e-06 -2.64943e-05 0.103491 4.64913e-12 0.99463 0.368692
0.99463 -3.24394e-05 -0.103491 -0.881482 3.22652e-05 1 -3.35719e-06 -2.64943e-05 0.103491 4.64894e-12 0.99463 0.368692
0.99463 -3.24393e-05 -0.103491 -0.881482 3.22651e-05 1 -3.35719e-06 -2.64943e-05 0.103491 9.86274e-12 0.99463 0.368692
0.99463 -3.24393e-05 -0.103491 -0.881482 3.22651e-05 1 -3.35719e-06 -2.64943e-05 0.103491 9.86296e-12 0.99463 0.368692
0.99463 -3.24394e-05 -0.103491 -0.881482 3.22652e-05 1 -3.35719e-06 -2.64943e-05 0.103491 4.64804e-12 0.99463 0.368692
0.99463 -3.24393e-05 -0.103491 -0.881482 3.22651e-05 1 -3.35719e-06 -2.64943e-05 0.103491 9.86329e-12 0.99463 0.368692
0.99463 -3.24393e-05 -0.103491 -0.881482 3.22651e-05 1 -3.35719e-06 -2.64943e-05 0.103491 9.8635e-12 0.99463 0.368692
0.99463 -3.24393e-05 -0.103491 -0.881482 3.22651e-05 1 -3.35719e-06 -2.64943e-05 0.103491 9.86368e-12 0.99463 0.368692
0.99463 -3.24393e-05 -0.103491 -0.881482 3.22651e-05 1 -3.35719e-06 -2.64943e-05 0.103491 9.86387e-12 0.99463 0.368692
0.99463 -3.24393e-05 -0.103491 -0.881482 3.22651e-05 1 -3.35719e-06 -2.64943e-05 0.103491 9.86394e-12 0.99463 0.368692
0.99463 -3.24394e-05 -0.103491 -0.881482 3.22652e-05 1 -3.35719e-06 -2.64943e-05 0.103491 4.6466e-12 0.99463 0.368692
0.99463 -3.24394e-05 -0.103491 -0.881482 3.22652e-05 1 -3.35719e-06 -2.64943e-05 0.103491 4.64635e-12 0.99463 0.368692
0.99463 -3.24394e-05 -0.103491 -0.881482 3.22652e-05 1 -3.35719e-06 -2.64943e-05 0.103491 4.64618e-12 0.99463 0.368692
0.99463 -3.24394e-05 -0.103491 -0.881482 3.22652e-05 1 -3.35719e-06 -2.64943e-05 0.103491 4.64605e-12 0.99463 0.368692
0.99463 -3.24393e-05 -0.103491 -0.881482 3.22651e-05 1 -3.35719e-06 -2.64943e-05 0.103491 9.8647e-12 0.99463 0.368692
0.99463 -3.24393e-05 -0.103491 -0.881482 3.22651e-05 1 -3.35719e-06 -2.64943e-05 0.103491 9.86503e-12 0.99463 0.368692
0.99463 -3.24393e-05 -0.103491 -0.881482 3.22651e-05 1 -3.35719e-06 -2.64943e-05 0.103491 9.86514e-12 0.99463 0.368692
0.99463 -3.24394e-05 -0.103491 -0.881482 3.22652e-05 1 -3.35719e-06 -2.64943e-05 0.103491 4.6449e-12 0.99463 0.368692
0.99463 -3.24394e-05 -0.103491 -0.881482 3.22652e-05 1 -3.35719e-06 -2.64943e-05 0.103491 4.64474e-12 0.99463 0.368692
0.99463 -3.24394e-05 -0.103491 -0.881482 3.22652e-05 1 -3.35719e-06 -2.64943e-05 0.103491 4.64465e-12 0.99463 0.368692
0.99463 -3.24393e-05 -0.103491 -0.881482 3.22651e-05 1 -3.35719e-06 -2.64943e-05 0.103491 9.86565e-12 0.99463 0.368692
0.99463 -3.24394e-05 -0.103491 -0.881482 3.22652e-05 1 -3.35719e-06 -2.64943e-05 0.103491 4.64408e-12 0.99463 0.368692
0.99463 -3.24394e-05 -0.103491 -0.881482 3.22652e-05 1 -3.35719e-06 -2.64943e-05 0.103491 4.64383e-12 0.99463 0.368692
0.99463 -3.24393e-05 -0.103491 -0.881482 3.22651e-05 1 -3.35719e-06 -2.64943e-05 0.103491 9.86632e-12 0.99463 0.368692
0.99463 -3.24394e-05 -0.103491 -0.881482 3.22652e-05 1 -3.35719e-06 -2.64943e-05 0.103491 4.64334e-12 0.99463 0.368692
0.99463 -3.24394e-05 -0.103491 -0.881482 3.22652e-05 1 -3.35719e-06 -2.64943e-05 0.103491 4.6432e-12 0.99463 0.368692
0.99463 -3.24394e-05 -0.103491 -0.881482 3.22652e-05 1 -3.35719e-06 -2.64943e-05 0.103491 4.64314e-12 0.99463 0.368692
0.99463 -3.24394e-05 -0.103491 -0.881482 3.22652e-05 1 -3.35719e-06 -2.64943e-05 0.103491 4.64272e-12 0.99463 0.368692
0.99463 -3.24393e-05 -0.103491 -0.881482 3.22651e-05 1 -3.35719e-06 -2.64943e-05 0.103491 9.86703e-12 0.99463 0.368692
0.99463 -3.24394e-05 -0.103491 -0.881482 3.22652e-05 1 -3.35719e-06 -2.64943e-05 0.103491 4.64226e-12 0.99463 0.368692
0.99463 -3.24394e-05 -0.103491 -0.881482 3.22652e-05 1 -3.35719e-06 -2.64943e-05 0.103491 4.64212e-12 0.99463 0.368692
0.99463 -3.24394e-05 -0.103491 -0.881482 3.22652e-05 1 -3.35719e-06 -2.64943e-05 0.103491 4.64183e-12 0.99463 0.368692
0.99463 -3.24393e-05 -0.103491 -0.881482 3.22651e-05 1 -3.35719e-06 -2.64943e-05 0.103491 9.86751e-12 0.99463 0.368692
0.99463 -3.24394e-05 -0.103491 -0.881482 3.22652e-05 1 -3.35719e-06 -2.64943e-05 0.103491 4.64146e-12 0.99463 0.368692
0.99463 -3.24393e-05 -0.103491 -0.881482 3.22651e-05 1 -3.35719e-06 -2.64943e-05 0.103491 9.86786e-12 0.99463 0.368692
0.99463 -3.24394e-05 -0.103491 -0.881482 3.22652e-05 1 -3.35719e-06 -2.64943e-05 0.103491 4.641e-12 0.99463 0.368692
0.99463 -3.24393e-05 -0.103491 -0.881482 3.22651e-05 1 -3.35719e-06 -2.64943e-05 0.103491 9.8682e-12 0.99463 0.368692
0.99463 -3.24394e-05 -0.103491 -0.881482 3.22652e-05 1 -3.35719e-06 -2.64943e-05 0.103491 4.64058e-12 0.99463 0.368692
0.99463 -3.24394e-05 -0.103491 -0.881482 3.22652e-05 1 -3.35719e-06 -2.64943e-05 0.103491 4.64048e-12 0.99463 0.368692
0.99463 -3.24393e-05 -0.103491 -0.881482 3.22651e-05 1 -3.35719e-06 -2.64943e-05 0.103491 9.86854e-12 0.99463 0.368692
0.99463 -3.24394e-05 -0.103491 -0.881482 3.22652e-05 1 -3.35719e-06 -2.64943e-05 0.103491 4.63985e-12 0.99463 0.368692
0.99463 -3.24394e-05 -0.103491 -0.881482 3.22652e-05 1 -3.35719e-06 -2.64943e-05 0.103491 4.63968e-12 0.99463 0.368692
0.99463 -3.24394e-05 -0.103491 -0.881482 3.22652e-05 1 -3.35719e-06 -2.64943e-05 0.103491 4.63947e-12 0.99463 0.368692
0.99463 -3.24393e-05 -0.103491 -0.881482 3.22651e-05 1 -3.35719e-06 -2.64943e-05 0.103491 9.86918e-12 0.99463 0.368692
0.99463 -3.24393e-05 -0.103491 -0.881482 3.22651e-05 1 -3.35719e-06 -2.64943e-05 0.103491 9.86935e-12 0.99463 0.368692
0.99463 -3.24394e-05 -0.103491 -0.881482 3.22652e-05 1 -3.35719e-06 -2.64943e-05 0.103491 4.63883e-12 0.99463 0.368692
0.99463 -3.24394e-05 -0.103491 -0.881482 3.22652e-05 1 -3.35719e-06 -2.64943e-05 0.103491 4.63864e-12 0.99463 0.368692
0.99463 -3.24393e-05 -0.103491 -0.881482 3.22651e-05 1 -3.35719e-06 -2.64943e-05 0.103491 9.86976e-12 0.99463 0.368692
0.99463 -3.24393e-05 -0.103491 -0.881482 3.22651e-05 1 -3.35719e-06 -2.64943e-05 0.103491 9.8699e-12 0.99463 0.368692
0.99463 -3.24393e-05 -0.103491 -0.881482 3.22651e-05 1 -3.35719e-06 -2.64943e-05 0.103491 9.86994e-12 0.99463 0.368692
0.99463 -3.24393e-05 -0.103491 -0.881482 3.22651e-05 1 -3.35719e-06 -2.64943e-05 0.103491 9.87008e-12 0.99463 0.368692
0.99463 -3.24393e-05 -0.103491 -0.881482 3.22651e-05 1 -3.35719e-06 -2.64943e-05 0.103491 9.8704e-12 0.99463 0.368692
0.99463 -3.24394e-05 -0.103491 -0.881482 3.22652e-05 1 -3.35719e-06 -2.64943e-05 0.103491 4.63725e-12 0.99463 0.368692
0.99463 -3.24394e-05 -0.103491 -0.881482 3.22652e-05 1 -3.35719e-06 -2.64943e-05 0.103491 4.63716e-12 0.99463 0.368692
0.99463 -3.24394e-05 -0.103491 -0.881482 3.22652e-05 1 -3.35719e-06 -2.64943e-05 0.103491 4.63705e-12 0.99463 0.368692
0.99463 -3.24394e-05 -0.103491 -0.881482 3.22652e-05 1 -3.35719e-06 -2.64943e-05 0.103491 4.6367e-12 0.99463 0.368692
0.99463 -3.24394e-05 -0.103491 -0.881482 3.22652e-05 1 -3.35719e-06 -2.64943e-05 0.103491 4.63648e-12 0.99463 0.368692
0.99463 -3.24393e-05 -0.103491 -0.881482 3.22651e-05 1 -3.35719e-06 -2.64943e-05 0.103491 9.87105e-12 0.99463 0.368692
0.99463 -3.24393e-05 -0.103491 -0.881482 3.22651e-05 1 -3.35719e-06 -2.64943e-05 0.103491 9.87114e-12 0.99463 0.368692
0.99463 -3.24393e-05 -0.103491 -0.881482 3.22651e-05 1 -3.35719e-06 -2.64943e-05 0.103491 9.87129e-12 0.99463 0.368692
0.99463 -3.24393e-05 -0.103491 -0.881482 3.22651e-05 1 -3.35719e-06 -2.64943e-05 0.103491 9.87152e-12 0.99463 0.368692
0.99463 -3.24394e-05 -0.103491 -0.881482 3.22652e-05 1 -3.35719e-06 -2.64943e-05 0.103491 4.63546e-12 0.99463 0.368692
0.99463 -3.24394e-05 -0.103491 -0.881482 3.22652e-05 1 -3.35719e-06 -2.64943e-05 0.103491 4.63525e-12 0.99463 0.368692
0.99463 -3.24393e-05 -0.103491 -0.881482 3.22651e-05 1 -3.35719e-06 -2.64943e-05 0.103491 9.87191e-12 0.99463 0.368692
0.99463 -3.24393e-05 -0.103491 -0.881482 3.22651e-05 1 -3.35719e-06 -2.64943e-05 0.103491 9.87203e-12 0.99463 0.368692
0.99463 -3.24394e-05 -0.103491 -0.881482 3.22652e-05 1 -3.35719e-06 -2.64943e-05 0.103491 4.63478e-12 0.99463 0.368692
0.99463 -3.24393e-05 -0.103491 -0.881482 3.22651e-05 1 -3.35719e-06 -2.64943e-05 0.103491 9.87219e-12 0.99463 0.368692
0.99463 -3.24394e-05 -0.103491 -0.881482 3.22652e-05 1 -3.35719e-06 -2.64943e-05 0.103491 4.6343e-12 0.99463 0.368692
0.99463 -3.24394e-05 -0.103491 -0.881482 3.22652e-05 1 -3.35719e-06 -2.64943e-05 0.103491 4.63415e-12 0.99463 0.368692
0.99463 -3.24393e-05 -0.103491 -0.881482 3.22651e-05 1 -3.35719e-06 -2.64943e-05 0.103491 9.87255e-12 0.99463 0.368692
0.99463 -3.24394e-05 -0.103491 -0.881482 3.22652e-05 1 -3.35719e-06 -2.64943e-05 0.103491 4.63383e-12 0.99463 0.368692
0.99463 -3.24394e-05 -0.103491 -0.881482 3.22652e-05 1 -3.35719e-06 -2.64943e-05 0.103491 4.63369e-12 0.99463 0.368692
0.99463 -3.24393e-05 -0.103491 -0.881482 3.22651e-05 1 -3.35719e-06 -2.64943e-05 0.103491 9.87287e-12 0.99463 0.368692
0.99463 -3.24393e-05 -0.103491 -0.881482 3.22651e-05 1 -3.35719e-06 -2.64943e-05 0.103491 9.87293e-12 0.99463 0.368692
0.99463 -3.24394e-05 -0.103491 -0.881482 3.22652e-05 1 -3.35719e-06 -2.64943e-05 0.103491 4.63333e-12 0.99463 0.368692
0.99463 -3.24393e-05 -0.103491 -0.881482 3.22651e-05 1 -3.35719e-06 -2.64943e-05 0.103491 9.87307e-12 0.99463 0.368692
0.99463 -3.24394e-05 -0.103491 -0.881482 3.22652e-05 1 -3.35719e-06 -2.64943e-05 0.103491 4.6329e-12 0.99463 0.368692
0.99463 -3.24393e-05 -0.103491 -0.881482 3.22651e-05 1 -3.35719e-06 -2.64943e-05 0.103491 9.87339e-12 0.99463 0.368692
0.99463 -3.24393e-05 -0.103491 -0.881482 3.22651e-05 1 -3.35719e-06 -2.64943e-05 0.103491 9.87355e-12 0.99463 0.368692
0.99463 -3.24393e-05 -0.103491 -0.881482 3.22651e-05 1 -3.35719e-06 -2.64943e-05 0.103491 9.87364e-12 0.99463 0.368692
0.99463 -3.24394e-05 -0.103491 -0.881482 3.22652e-05 1 -3.35719e-06 -2.64943e-05 0.103491 4.632e-12 0.99463 0.368692
0.99463 -3.24394e-05 -0.103491 -0.881482 3.22652e-05 1 -3.35719e-06 -2.64943e-05 0.103491 4.63178e-12 0.99463 0.368692
0.99463 -3.24393e-05 -0.103491 -0.881482 3.22651e-05 1 -3.35719e-06 -2.64943e-05 0.103491 9.874e-12 0.99463 0.368692
