1.000000000 0.000000000 0.000000000 0.000000000 0.000000000 1.000000000 0.000000000 0.000000000 0.000000000 0.000000000 1.000000000 0.000000000
1.000000000 0.000005012 0.000027204 -0.000017352 -0.000005013 1.000000000 0.000025478 -0.000017776 -0.000027204 -0.000025478 1.000000000 0.000008273
1.000000000 0.000003073 -0.000004826 0.000000877 -0.000003073 1.000000000 -0.000012189 0.000004549 0.000004826 0.000012189 1.000000000 0.000003368
1.000000000 -0.000001653 -0.000002232 0.000005482 0.000001653 1.000000000 -0.000000071 0.000000326 0.000002232 0.000000071 1.000000000 0.000001173
1.000000000 -0.000027447 -0.000071595 0.000052618 0.000027456 1.000000000 0.000130209 -0.000083800 0.000071592 -0.000130211 1.000000000 -0.000012149
1.000000000 0.000127765 0.000040555 -0.000019115 -0.000127760 1.000000000 -0.000118338 0.000066316 -0.000040570 0.000118333 1.000000000 -0.000048596
1.000000000 0.000002000 0.000032276 -0.000017882 -0.000002000 1.000000000 0.000006109 -0.000006435 -0.000032276 -0.000006109 1.000000000 0.000031621
1.000000000 0.000014730 0.000022852 -0.000018877 -0.000014731 1.000000000 0.000032764 -0.000016074 -0.000022852 -0.000032764 1.000000000 0.000019073
1.000000000 -0.000037779 0.000027569 0.000000082 0.000037779 1.000000000 -0.000004718 0.000007239 -0.000027569 0.000004719 1.000000000 0.000027844
1.000000000 -0.000000369 -0.000023810 0.000015786 0.000000372 1.000000000 0.000088564 -0.000045047 0.000023810 -0.000088564 1.000000000 -0.000041336
1.000000000 -0.000029105 0.000018179 0.000001872 0.000029105 1.000000000 0.000021444 -0.000001801 -0.000018180 -0.000021444 1.000000000 0.000015833
1.000000000 -0.000028881 0.000017540 0.000002363 0.000028880 1.000000000 0.000020626 -0.000001372 -0.000017541 -0.000020625 1.000000000 0.000015431
1.000000000 -0.000008378 -0.000082673 0.000056975 0.000008389 1.000000000 0.000134884 -0.000073252 0.000082671 -0.000134885 1.000000000 -0.000031999
1.000000000 -0.000030953 0.000025142 0.000003069 0.000030952 1.000000000 0.000041076 -0.000012968 -0.000025143 -0.000041075 1.000000000 0.000007554
1.000000000 -0.000031777 0.000027428 0.000002267 0.000031776 1.000000000 0.000043232 -0.000013905 -0.000027430 -0.000043231 1.000000000 0.000009247
1.000000000 0.000070679 0.000102529 -0.000066019 -0.000070685 1.000000000 0.000055669 -0.000003559 -0.000102525 -0.000055676 1.000000000 0.000058703
1.000000000 0.000112557 0.000022595 -0.000024146 -0.000112555 1.000000000 -0.000089054 0.000107798 -0.000022605 0.000089051 1.000000000 0.000020189
1.000000000 0.000042654 0.000026808 -0.000025520 -0.000042654 1.000000000 -0.000007171 0.000021509 -0.000026808 0.000007170 1.000000000 0.000030556
1.000000000 0.000045777 -0.000020175 0.000012179 -0.000045780 1.000000000 -0.000153615 0.000083608 0.000020168 0.000153616 1.000000000 -0.000005898
1.000000000 0.000024174 -0.000020712 0.000007826 -0.000024173 1.000000000 0.000055565 -0.000029959 0.000020713 -0.000055564 1.000000000 -0.000045292
1.000000000 0.000065542 -0.000033853 0.000024884 -0.000065548 1.000000000 -0.000171965 0.000123460 0.000033842 0.000171967 1.000000000 -0.000017427
1.000000000 0.000087215 0.000056233 -0.000022173 -0.000087216 1.000000000 0.000019781 -0.000000561 -0.000056232 -0.000019786 1.000000000 -0.000001653
1.000000000 0.000050417 -0.000009164 0.000015939 -0.000050417 1.000000000 0.000003456 0.000025097 0.000009164 -0.000003455 1.000000000 -0.000002470
1.000000000 0.000129897 -0.000061610 0.000023874 -0.000129906 1.000000000 -0.000153154 0.000128339 0.000061590 0.000153162 1.000000000 -0.000043413
1.000000000 0.000126539 -0.000067658 0.000031871 -0.000126553 1.000000000 -0.000206808 0.000152752 0.000067632 0.000206817 1.000000000 -0.000036443
1.000000000 0.000130296 -0.000067560 0.000029570 -0.000130310 1.000000000 -0.000205688 0.000152817 0.000067533 0.000205697 1.000000000 -0.000034750
1.000000000 0.000117544 -0.000076758 0.000042025 -0.000117558 1.000000000 -0.000184231 0.000097865 0.000076736 0.000184240 1.000000000 -0.000028177
1.000000000 0.000160566 0.000052576 -0.000039684 -0.000160562 1.000000000 -0.000071891 0.000055254 -0.000052587 0.000071883 1.000000000 0.000028081
1.000000000 0.000008493 -0.000055393 0.000056441 -0.000008478 0.999999940 0.000269846 -0.000192007 0.000055395 -0.000269846 0.999999940 -0.000038754
1.000000000 0.000004850 -0.000049187 0.000077887 -0.000004840 1.000000000 0.000200879 -0.000129390 0.000049188 -0.000200879 1.000000000 -0.000001227
1.000000000 0.000101537 -0.000071949 0.000036626 -0.000101551 1.000000000 -0.000198253 0.000143295 0.000071929 0.000198260 1.000000000 -0.000022181
1.000000000 0.000058881 -0.000081937 0.000055558 -0.000058902 0.999999940 -0.000256233 0.000169599 0.000081921 0.000256238 0.999999940 -0.000014686
1.000000000 0.000126775 -0.000072265 0.000029838 -0.000126788 1.000000000 -0.000188210 0.000137633 0.000072241 0.000188219 1.000000000 -0.000019322
1.000000000 0.000126132 -0.000071418 0.000030015 -0.000126145 1.000000000 -0.000187795 0.000136538 0.000071394 0.000187804 1.000000000 -0.000019320
1.000000000 0.000096359 -0.000076524 0.000043813 -0.000096374 1.000000000 -0.000187738 0.000151187 0.000076506 0.000187746 1.000000000 -0.000016302
1.000000000 0.000030607 -0.000075593 0.000069213 -0.000030624 1.000000000 -0.000219372 0.000184628 0.000075586 0.000219375 1.000000000 -0.000033536
1.000000000 -0.000027568 0.000127054 -0.000056466 0.000027622 0.999999940 -0.000421198 0.000458682 -0.000127042 0.000421201 0.999999881 0.001914763
0.999999940 0.000387452 0.000098211 -0.000327047 -0.000387414 0.999999881 -0.000381898 0.000006558 -0.000098358 0.000381860 0.999999940 0.017318502
0.999999940 0.000370088 -0.000198203 -0.000146736 -0.000370062 0.999999940 0.000129954 -0.000207880 0.000198251 -0.000129880 1.000000000 0.045631554
0.999999881 -0.000401698 -0.000210868 0.000285905 0.000401771 0.999999881 0.000346743 -0.000244932 0.000210729 -0.000346828 0.999999940 0.082420163
0.999999940 -0.000002938 -0.000311177 0.000303571 0.000003038 0.999999940 0.000322257 -0.000227007 0.000311176 -0.000322258 0.999999881 0.123517230
0.999999762 0.000643943 -0.000203745 -0.000393998 -0.000643858 0.999999702 0.000419161 -0.000367021 0.000204015 -0.000419030 0.999999881 0.157089517
0.999999702 0.000131357 -0.000746663 0.000722100 -0.000131414 1.000000000 -0.000076827 0.000134313 0.000746653 0.000076925 0.999999702 0.196658224
0.999999523 -0.000417432 -0.000889521 0.000302211 0.000417349 0.999999881 -0.000092726 -0.000125897 0.000889559 0.000092355 0.999999583 0.240869865
0.999999940 0.000362834 -0.000096089 -0.000420137 -0.000362751 0.999999583 0.000866727 -0.000765429 0.000096403 -0.000866692 0.999999642 0.289333433
0.999999642 0.000640892 0.000538633 -0.001277927 -0.000641236 0.999999583 0.000638657 -0.001282049 -0.000538223 -0.000639002 0.999999642 0.341432989
0.999999523 0.000527611 0.000797117 -0.001594751 -0.000528593 0.999999106 0.001232058 -0.001711245 -0.000796466 -0.001232478 0.999998927 0.395860076
0.999999344 0.000830946 0.000823353 -0.002070512 -0.000831434 0.999999464 0.000592496 -0.001551014 -0.000822861 -0.000593180 0.999999464 0.451184660
0.999999166 0.001106033 0.000672048 -0.002463249 -0.001106444 0.999999225 0.000610224 -0.001492608 -0.000671373 -0.000610967 0.999999583 0.507622302
0.999999344 0.000657596 0.000948968 -0.002390052 -0.000657933 0.999999702 0.000354839 -0.001573789 -0.000948734 -0.000355464 0.999999464 0.565030515
0.999999046 0.001072694 0.000881369 -0.002948729 -0.001072658 0.999999404 -0.000041728 -0.001497368 -0.000881413 0.000040782 0.999999583 0.623015225
0.999999762 -0.000130029 0.000702168 -0.002352766 0.000129665 0.999999881 0.000518498 -0.002345193 -0.000702235 -0.000518407 0.999999642 0.680497408
0.999999762 0.000218741 0.000616909 -0.002000206 -0.000219534 0.999999166 0.001286449 -0.003064186 -0.000616627 -0.001286584 0.999998987 0.740775645
0.999999940 0.000233918 0.000302190 -0.002392271 -0.000234278 0.999999285 0.001194464 -0.002981851 -0.000301910 -0.001194535 0.999999225 0.800403535
0.999999464 -0.000483818 -0.000901414 -0.001234029 0.000484456 0.999999642 0.000707727 -0.002685302 0.000901071 -0.000708163 0.999999344 0.859561861
0.999999881 -0.000259219 -0.000397682 -0.001705155 0.000259963 0.999998212 0.001871292 -0.003678330 0.000397196 -0.001871395 0.999998152 0.919026971
0.999999821 0.000133324 -0.000575395 -0.001349799 -0.000132388 0.999998689 0.001627231 -0.004071305 0.000575612 -0.001627155 0.999998510 0.978983581
0.999999881 0.000442934 0.000087767 -0.002032545 -0.000443049 0.999999046 0.001308371 -0.003714185 -0.000087187 -0.001308410 0.999999166 1.038721323
0.999999464 0.000278136 -0.000979545 -0.001674872 -0.000276558 0.999998689 0.001610644 -0.003911962 0.000979992 -0.001610372 0.999998212 1.099212170
0.999998987 0.001093245 -0.000903919 -0.001572076 -0.001091191 0.999996841 0.002269878 -0.003950875 0.000906398 -0.002268889 0.999997020 1.159236193
0.999999225 0.000822283 -0.000927720 -0.001312522 -0.000820135 0.999997020 0.002312339 -0.003935892 0.000929619 -0.002311577 0.999996901 1.218513370
0.999999464 0.000595552 -0.000813415 -0.001609015 -0.000594792 0.999999404 0.000933479 -0.002821338 0.000813971 -0.000932995 0.999999225 1.277750015
0.999999225 0.001011856 -0.000729127 -0.001858416 -0.001010230 0.999997020 0.002226410 -0.003926727 0.000731378 -0.002225672 0.999997258 1.337157130
0.999999225 0.000601303 -0.001094994 -0.001539417 -0.000599547 0.999998510 0.001603195 -0.003541227 0.001095956 -0.001602538 0.999998093 1.397292495
0.999998271 0.000772862 -0.001675057 -0.001363797 -0.000770095 0.999998331 0.001652051 -0.003685862 0.001676331 -0.001650759 0.999997258 1.456640482
0.999999404 0.001031977 -0.000376871 -0.002887826 -0.001031238 0.999997556 0.001954413 -0.003967066 0.000378887 -0.001954023 0.999998033 1.517289639
0.999997556 0.002188594 -0.000301311 -0.002877208 -0.002188193 0.999996722 0.001325574 -0.003617435 0.000304211 -0.001324911 0.999999046 1.577578783
0.999997914 0.001994688 0.000405918 -0.004689061 -0.001994926 0.999997854 0.000587766 -0.003350973 -0.000404745 -0.000588575 0.999999762 1.636788011
0.999998391 0.001768580 0.000239694 -0.004453499 -0.001768884 0.999997616 0.001275432 -0.003473044 -0.000237438 -0.001275853 0.999999166 1.697115064
0.999998629 0.001623058 0.000394720 -0.004702146 -0.001623761 0.999997079 0.001788692 -0.004489113 -0.000391816 -0.001789331 0.999998331 1.753513217
0.999998629 0.001664853 -0.000146605 -0.004541842 -0.001664669 0.999997854 0.001249194 -0.003975899 0.000148685 -0.001248948 0.999999225 1.799438238
0.999998808 0.001523293 -0.000306511 -0.004475532 -0.001522569 0.999996066 0.002349611 -0.004386754 0.000310089 -0.002349142 0.999997199 1.847591519
0.999999166 0.001194886 -0.000445852 -0.004239875 -0.001193998 0.999997318 0.001984819 -0.004632130 0.000448222 -0.001984285 0.999997914 1.898728371
0.999997377 0.002267226 0.000222514 -0.005179421 -0.002267470 0.999996841 0.001102471 -0.004283626 -0.000220013 -0.001102973 0.999999344 1.952220559
0.999996901 0.002352733 -0.000831261 -0.004385299 -0.002351589 0.999996305 0.001375050 -0.004140540 0.000834494 -0.001373091 0.999998689 2.006717205
0.999998450 0.001754855 -0.000089467 -0.004441465 -0.001754789 0.999998212 0.000726704 -0.004006605 0.000090742 -0.000726546 0.999999762 2.063786745
0.999998569 0.001671717 0.000337828 -0.005121882 -0.001672074 0.999998033 0.001062110 -0.004583646 -0.000336052 -0.001062674 0.999999404 2.120978355
0.999997914 0.002041479 0.000026452 -0.004477386 -0.002041504 0.999997437 0.001006779 -0.003599167 -0.000024396 -0.001006831 0.999999464 2.179440975
0.999997497 0.002234250 -0.000059149 -0.004561655 -0.002234142 0.999995947 0.001774163 -0.005416736 0.000063112 -0.001774027 0.999998450 2.236664057
0.999998927 0.001244477 -0.000776465 -0.004104972 -0.001242958 0.999997318 0.001952593 -0.005165192 0.000778893 -0.001951626 0.999997795 2.293591738
0.999998927 0.001265586 -0.000716440 -0.004104393 -0.001263852 0.999996305 0.002416339 -0.005187430 0.000719496 -0.002415431 0.999996841 2.336930990
0.999997675 0.002150290 0.000028459 -0.005091879 -0.002150333 0.999996424 0.001576092 -0.004802941 -0.000025069 -0.001576149 0.999998748 2.370105028
0.999998391 0.001803997 0.000007196 -0.004849481 -0.001804007 0.999996603 0.001886382 -0.004942934 -0.000003793 -0.001886392 0.999998212 2.408684969
0.999998510 0.001290919 -0.001152374 -0.003684437 -0.001287666 0.999995172 0.002818867 -0.005716664 0.001156007 -0.002817379 0.999995351 2.451492071
0.999999285 0.000720018 -0.000948239 -0.003905692 -0.000717874 0.999997199 0.002259239 -0.005125628 0.000949863 -0.002258557 0.999997020 2.500582695
0.999997437 0.002118558 -0.000806760 -0.004373491 -0.002116928 0.999995708 0.002015699 -0.005485513 0.000811027 -0.002013986 0.999997616 2.550900698
0.999998868 0.001495500 -0.000044377 -0.004795025 -0.001495417 0.999997258 0.001812670 -0.005344675 0.000047088 -0.001812601 0.999998331 2.590910912
0.999998510 0.001621461 -0.000622583 -0.003950185 -0.001620378 0.999997199 0.001735761 -0.005055447 0.000625396 -0.001734749 0.999998271 2.635432005
0.999997735 0.001512796 -0.001508120 -0.003767105 -0.001510723 0.999997914 0.001374438 -0.004731030 0.001510197 -0.001372157 0.999997914 2.682039976
0.999997497 0.002174399 -0.000510682 -0.004450220 -0.002173581 0.999996364 0.001596793 -0.005494700 0.000514152 -0.001595679 0.999998569 2.732817173
0.999998987 0.001408653 0.000010060 -0.004733734 -0.001408667 0.999997735 0.001595570 -0.005201245 -0.000007813 -0.001595583 0.999998748 2.784427404
0.999997377 0.001630459 -0.001591614 -0.003183903 -0.001627456 0.999996901 0.001886314 -0.005563627 0.001594684 -0.001883719 0.999996960 2.825296640
0.999997735 0.001873283 -0.001035175 -0.003537652 -0.001870738 0.999995232 0.002454586 -0.005841991 0.001039768 -0.002452644 0.999996424 2.870050192
0.999997079 0.001835786 -0.001560587 -0.002697085 -0.001831516 0.999994576 0.002733046 -0.005804609 0.001565596 -0.002730180 0.999995053 2.919041634
0.999996185 0.002727054 -0.000403450 -0.004057664 -0.002726195 0.999994040 0.002114772 -0.005532684 0.000409214 -0.002113664 0.999997675 2.970436335
0.999996066 0.002021532 -0.001950554 -0.001875867 -0.002017638 0.999995947 0.001996163 -0.005334284 0.001954581 -0.001992220 0.999996126 3.023460865
0.999997497 0.001471975 -0.001678812 -0.002095239 -0.001467915 0.999996006 0.002417031 -0.005694965 0.001682363 -0.002414561 0.999995649 3.078568220
0.999996126 0.001589356 -0.002273247 -0.000059576 -0.001584624 0.999996603 0.002082163 -0.004516511 0.002276549 -0.002078552 0.999995232 3.136375904
0.999995291 0.002148288 -0.002197266 -0.000036183 -0.002143141 0.999994934 0.002342349 -0.005380637 0.002202287 -0.002337629 0.999994814 3.194005013
0.999994159 0.002267670 -0.002548719 -0.002051327 -0.002262183 0.999995112 0.002153927 -0.005762278 0.002553591 -0.002148149 0.999994457 3.253650665
0.999995589 0.001683549 -0.002454162 -0.002353534 -0.001678574 0.999996543 0.002027586 -0.005279996 0.002457567 -0.002023458 0.999994934 3.313102484
0.999995589 0.001608202 -0.002505298 -0.001689237 -0.001602766 0.999996364 0.002170180 -0.005332483 0.002508779 -0.002166155 0.999994516 3.373195410
0.999995291 0.002139385 -0.002194368 -0.001213591 -0.002135450 0.999996126 0.001794172 -0.005847434 0.002198198 -0.001789477 0.999996006 3.428994417
0.999995530 0.001696001 -0.002468941 -0.001249382 -0.001691578 0.999996960 0.001792399 -0.005638302 0.002471974 -0.001788215 0.999995351 3.488019228
0.999994695 0.002115923 -0.002483789 -0.001732031 -0.002110357 0.999995232 0.002241429 -0.005983424 0.002488520 -0.002236175 0.999994397 3.546280861
0.999993742 0.001763564 -0.003067102 0.000614691 -0.001755599 0.999995112 0.002597535 -0.005659624 0.003071668 -0.002592134 0.999991894 3.605663776
0.999980688 0.002528721 -0.005675546 0.000100194 -0.002510945 0.999991953 0.003136992 -0.006031946 0.005683433 -0.003122681 0.999978960 3.662872314
0.999609530 0.002135007 -0.027860003 -0.010512668 -0.002111540 0.999997377 0.000871729 -0.003601084 0.027861791 -0.000812561 0.999611437 3.722902775
0.998038709 0.002214733 -0.062560372 -0.016420741 -0.002161876 0.999997258 0.000912571 -0.003411836 0.062562227 -0.000775533 0.998040736 3.763531685
0.994483769 0.002119982 -0.104868919 -0.022697583 -0.001945248 0.999996543 0.001768471 -0.004116563 0.104872309 -0.001554720 0.994484484 3.792052269
0.989031315 0.002636980 -0.147682443 -0.030232700 -0.002475916 0.999996126 0.001274432 -0.003174363 0.147685230 -0.000894804 0.989033997 3.812558174
0.984433651 0.002120739 -0.175743937 -0.032931831 -0.001781652 0.999996245 0.002087198 -0.004283307 0.175747707 -0.001741594 0.984433711 3.825672388
0.977587521 0.002097190 -0.210518971 -0.038561538 -0.001738505 0.999996722 0.001888865 -0.003790407 0.210522249 -0.001480543 0.977587938 3.834627151
0.967351615 0.001930704 -0.253430754 -0.043421935 -0.001557172 0.999997377 0.001674488 -0.003785951 0.253433317 -0.001225183 0.967352092 3.839789629
0.955024898 0.001951490 -0.296519279 -0.049512602 -0.001536503 0.999997497 0.001632564 -0.003643524 0.296521723 -0.001103537 0.955025494 3.841285467
0.939738750 0.001988813 -0.341887623 -0.055414941 -0.001289403 0.999996603 0.002272982 -0.004059259 0.341890991 -0.001695179 0.939738095 3.841027498
0.921577096 0.002333469 -0.388188392 -0.061039556 -0.001562990 0.999996126 0.002300543 -0.003907097 0.388192266 -0.001513393 0.921577156 3.838748693
0.901363850 0.002984347 -0.433052361 -0.067428797 -0.002184279 0.999994874 0.002344985 -0.003657568 0.433057129 -0.001167778 0.901365697 3.835725069
0.878766775 0.002713315 -0.477243721 -0.072273374 -0.001433415 0.999994338 0.003045954 -0.004478075 0.477249295 -0.001992595 0.878765702 3.831002712
0.854583502 0.002786810 -0.519306481 -0.078600928 -0.002119708 0.999996006 0.001878141 -0.002879353 0.519309640 -0.000504251 0.854586005 3.826963425
0.827733994 0.002574669 -0.561114788 -0.083109915 -0.001671684 0.999996364 0.002122472 -0.002738508 0.561118245 -0.000818836 0.827735305 3.821395874
0.798480213 0.002826768 -0.602014422 -0.087699980 -0.002020650 0.999995947 0.002015412 -0.002550817 0.602017701 -0.000392806 0.798482656 3.815409184
0.766955972 0.002766761 -0.641693771 -0.091698050 -0.001564053 0.999995768 0.002442270 -0.002877096 0.641697824 -0.000869471 0.766957045 3.808649540
0.733828127 0.003051859 -0.679328382 -0.095329881 -0.002321147 0.999995351 0.001985081 -0.002536731 0.679331243 0.000120113 0.733831763 3.801487446
0.698894382 0.002128195 -0.715221763 -0.098736286 -0.001159022 0.999997616 0.001843003 -0.002244689 0.715224028 -0.000459106 0.698895156 3.794772148
0.662789106 0.003345539 -0.748798609 -0.101433992 -0.002157621 0.999994397 0.002558061 -0.003203130 0.748803020 -0.000079831 0.662792683 3.786693335
0.624752641 0.003410456 -0.780815303 -0.104269266 -0.001898304 0.999994159 0.002848901 -0.003137359 0.780820429 -0.000297633 0.624755442 3.779003382
0.584644675 0.003538641 -0.811281800 -0.106631279 -0.001724745 0.999993622 0.003118837 -0.003047074 0.811287701 -0.000424158 0.584647119 3.771836996
0.544059277 0.003315983 -0.839040279 -0.108671546 -0.002004050 0.999994457 0.002652605 -0.002544363 0.839044392 0.000238304 0.544062853 3.764002085
0.501136780 0.003719204 -0.865360081 -0.110599637 -0.001728780 0.999993086 0.003296689 -0.002617483 0.865366340 -0.000156075 0.501139760 3.756173134
0.457639396 0.004323456 -0.889127374 -0.111333251 -0.002517212 0.999990463 0.003566912 -0.002698335 0.889134347 0.000605762 0.457645953 3.747709036
0.412078619 0.003592985 -0.911141157 -0.111687541 -0.001927823 0.999993443 0.003071474 -0.002479672 0.911146164 0.000490831 0.412082851 3.740562677
0.366494596 0.003023261 -0.930415392 -0.111800194 -0.000849826 0.999995410 0.002914602 -0.002312638 0.930419922 -0.000277495 0.366495490 3.732002735
0.319475532 0.002924122 -0.947590113 -0.111616611 -0.001263622 0.999995649 0.002659814 -0.002340530 0.947593808 0.000347650 0.319477856 3.723469734
0.271523237 0.003201482 -0.962426603 -0.111006021 -0.000118159 0.999994576 0.003293116 -0.002382612 0.962431908 -0.000780438 0.271522105 3.716492653
0.222738981 0.003357018 -0.974872470 -0.109888554 -0.000370429 0.999994278 0.003358891 -0.002546556 0.974878192 -0.000387036 0.222738981 3.708113670
0.175148129 0.004177833 -0.984533310 -0.108638525 -0.000744774 0.999991298 0.004110934 -0.002959921 0.984541893 0.000013232 0.175149679 3.699488401
0.125888288 0.004806022 -0.992032945 -0.105650187 -0.001281556 0.999988198 0.004681935 -0.003902171 0.992043793 0.000681944 0.125892937 3.690849304
0.075687349 0.004741917 -0.997120380 -0.104011774 -0.001174959 0.999988437 0.004666370 -0.003352006 0.997130990 0.000818389 0.075692058 3.683807135
0.026072979 0.003849335 -0.999652743 -0.102278233 -0.000279214 0.999992549 0.003843361 -0.003066374 0.999660134 0.000178909 0.026073873 3.676354408
-0.020962596 0.004122684 -0.999771893 -0.097853184 0.000142640 0.999991477 0.004120599 -0.003784734 0.999780357 -0.000056230 -0.020962954 3.669024229
-0.047609925 0.004513535 -0.998855829 -0.096033573 -0.001008027 0.999989092 0.004566703 -0.003888856 0.998865485 0.001224294 -0.047604918 3.664358377
-0.062560678 0.004464234 -0.998031139 -0.097245216 0.000273351 0.999990046 0.004455862 -0.003659608 0.998041093 0.000005949 -0.062561274 3.663342953
-0.069500685 0.005307153 -0.997567892 -0.112859726 -0.000206701 0.999985754 0.005334418 -0.004377071 0.997582018 0.000576943 -0.069498539 3.661052227
-0.073508978 0.003979004 -0.997286797 -0.140627623 -0.000002238 0.999992013 0.003989963 -0.003338674 0.997294724 0.000295529 -0.073508382 3.658336401
-0.076000810 0.003869455 -0.997100353 -0.177817106 0.000187107 0.999992490 0.003866417 -0.003318604 0.997107863 0.000107286 -0.076000929 3.656743526
-0.076637626 0.003793661 -0.997051954 -0.220995903 0.000208558 0.999992788 0.003788821 -0.003100008 0.997059166 0.000082422 -0.076637864 3.652888298
-0.076567054 0.004689416 -0.997053504 -0.268964529 0.000325501 0.999989033 0.004678227 -0.003730691 0.997064471 0.000033656 -0.076567769 3.647533417
-0.076792479 0.003030186 -0.997042477 -0.323092699 0.000091869 0.999995410 0.003032085 -0.001586220 0.997047067 0.000141243 -0.076792359 3.643887520
-0.077053905 0.002996594 -0.997022450 -0.376591444 -0.000178870 0.999995410 0.003019353 -0.001162863 0.997026920 0.000410990 -0.077052951 3.639720678
-0.077197433 0.003303264 -0.997010410 -0.430733681 0.000316368 0.999994516 0.003288655 -0.001861559 0.997015834 -0.000061546 -0.077198148 3.635494471
-0.077075601 0.004180926 -0.997016668 -0.487685204 -0.000296888 0.999991059 0.004216351 -0.002872422 0.997025371 0.000620979 -0.077073574 3.631995201
-0.077164054 0.003234741 -0.997013271 -0.544581652 -0.000186570 0.999994695 0.003258854 -0.001690111 0.997018516 0.000437478 -0.077162981 3.627669811
-0.077550769 0.003651039 -0.996981800 -0.602372169 -0.000408956 0.999993086 0.003693878 -0.001676312 0.996988356 0.000694185 -0.077548742 3.622948885
-0.077648759 0.003577216 -0.996974409 -0.659596443 0.000242529 0.999993622 0.003569160 -0.001560702 0.996980786 0.000035345 -0.077649117 3.618484974
-0.077057600 0.003568740 -0.997020423 -0.717929840 -0.000364050 0.999993443 0.003607519 -0.001686289 0.997026742 0.000640952 -0.077055812 3.612765789
-0.077098608 0.004458596 -0.997013509 -0.777072191 -0.000181252 0.999989927 0.004485922 -0.002036792 0.997023463 0.000526569 -0.077097058 3.608649969
-0.078090072 0.003948397 -0.996938646 -0.834253550 -0.000066316 0.999992132 0.003965685 -0.001857076 0.996946454 0.000375793 -0.078089118 3.605710983
-0.081213355 0.003605269 -0.996690452 -0.877505541 -0.000106564 0.999993443 0.003625901 -0.001740583 0.996696949 0.000400683 -0.081212521 3.601640940
-0.104258299 0.003915033 -0.994542658 -0.907360077 0.000047135 0.999992251 0.003931545 -0.001889779 0.994550407 0.000363018 -0.104257703 3.596566677
-0.140018463 0.004115739 -0.990140378 -0.926698685 -0.000126637 0.999991298 0.004174595 -0.002239604 0.990148902 0.000709909 -0.140016675 3.589582682
-0.182094932 0.004373867 -0.983271301 -0.939547300 0.000333744 0.999990344 0.004386431 -0.002425025 0.983281016 0.000470586 -0.182094574 3.582186460
-0.224901795 0.004039345 -0.974373221 -0.948246717 0.000468121 0.999991715 0.004037498 -0.001408349 0.974381447 0.000451915 -0.224901795 3.574748755
-0.253069162 0.004767267 -0.967436314 -0.953457832 0.000928868 0.999988616 0.004684696 -0.002418838 0.967447639 0.000286932 -0.253070712 3.570424795
-0.288958788 0.004991153 -0.957328677 -0.955430269 0.000451768 0.999987006 0.005077198 -0.002851905 0.957341552 0.001034610 -0.288957238 3.565632820
-0.329249144 0.004034277 -0.944234610 -0.956234694 0.000627986 0.999991596 0.004053526 -0.001632069 0.944243014 0.000741654 -0.329248905 3.559131145
-0.372270584 0.004225768 -0.928114712 -0.954731941 0.000935263 0.999990821 0.004177887 -0.001556486 0.928123832 0.000687273 -0.372271180 3.553323269
-0.416558623 0.004332176 -0.909098744 -0.950907707 0.000589715 0.999989748 0.004495091 -0.002006921 0.909108877 0.001336359 -0.416556954 3.547581434
-0.460065246 0.003982060 -0.887876451 -0.947069645 0.000375748 0.999990702 0.004290186 -0.001718174 0.887885273 0.001640147 -0.460062385 3.541520596
-0.503785729 0.003571370 -0.863821149 -0.942444801 0.001929314 0.999993622 0.003009172 -0.000759735 0.863826334 -0.000150604 -0.503789425 3.536125898
-0.546643853 0.004569038 -0.837352812 -0.937104702 0.002386822 0.999989569 0.003898296 -0.001446133 0.837361872 0.000132367 -0.546649098 3.532109499
-0.587361932 0.004017586 -0.809314609 -0.931384087 0.002244211 0.999991894 0.003335403 -0.000936188 0.809321463 0.000142815 -0.587366223 3.527693272
-0.627196908 0.004047302 -0.778850555 -0.925199032 0.002547103 0.999991834 0.003145320 -0.000744422 0.778856874 -0.000011078 -0.627202034 3.523337364
-0.664577246 0.003907845 -0.747209370 -0.917746544 0.002207551 0.999992251 0.003266456 -0.001295614 0.747216344 0.000521309 -0.664580703 3.519328117
-0.701879501 0.004084315 -0.712284267 -0.911048412 0.003363597 0.999991417 0.002419598 -0.001106031 0.712288022 -0.000697572 -0.701887131 3.516723871
-0.735845089 0.004004321 -0.677138269 -0.903342724 0.002289121 0.999991536 0.003425961 -0.001681238 0.677146256 0.000970925 -0.735848069 3.512902975
-0.768814445 0.003936830 -0.639460087 -0.896231651 0.001837971 0.999990523 0.003946666 -0.001570766 0.639469564 0.001858944 -0.768814445 3.509901524
-0.800550699 0.003388359 -0.599255741 -0.888586998 0.002623472 0.999994278 0.002149528 -0.000831122 0.599259555 0.000148675 -0.800554991 3.508385181
-0.829115510 0.003349116 -0.559067607 -0.880763054 0.002340054 0.999994099 0.002520127 -0.001073418 0.559072733 0.000781228 -0.829118490 3.506406784
-0.856037378 0.003487100 -0.516902626 -0.872749567 0.002256125 0.999992907 0.003009751 -0.001995062 0.516909420 0.001410261 -0.856039166 3.505180597
-0.880681992 0.002623935 -0.473700702 -0.864328384 0.001456577 0.999994934 0.002831199 -0.001485785 0.473705739 0.001803404 -0.880681396 3.503422737
-0.902709126 0.002447737 -0.430244356 -0.855925798 0.001220980 0.999994338 0.003127371 -0.001724925 0.430249602 0.002297786 -0.902707100 3.502497911
-0.923264146 0.002527863 -0.384157956 -0.848201036 0.001354429 0.999993563 0.003325069 -0.001948348 0.384163886 0.002549601 -0.923261523 3.502594948
-0.941380620 0.002571330 -0.337337613 -0.840282917 0.001826171 0.999995112 0.002526240 -0.001696188 0.337342471 0.001762117 -0.941380739 3.502530098
-0.957000136 0.002108173 -0.290079981 -0.832160950 0.001546902 0.999996483 0.002164164 -0.001191957 0.290083528 0.001622380 -0.957000017 3.502807856
-0.970579743 0.002304903 -0.240769640 -0.824278355 0.001792563 0.999995649 0.002346924 -0.001217068 0.240773991 0.001846281 -0.970579624 3.503262997
-0.981370568 0.002327893 -0.192111805 -0.816030025 0.001738177 0.999993265 0.003238129 -0.002207593 0.192118049 0.002843879 -0.981367946 3.504743814
-0.989636183 0.002086173 -0.143584594 -0.808713078 0.001780420 0.999995887 0.002257877 -0.001295614 0.143588707 0.001978835 -0.989635825 3.506244183
-0.995562553 0.002513307 -0.094068810 -0.800804019 0.002358559 0.999995649 0.001756203 -0.001519402 0.094072819 0.001526543 -0.995564222 3.508232355
-0.999008417 0.001595378 -0.044493232 -0.793095589 0.001523159 0.999997497 0.001657007 -0.001465743 0.044495765 0.001587594 -0.999008298 3.510848999
-0.999994159 0.002476959 0.002344229 -0.785903811 0.002481129 0.999995351 0.001777925 -0.001328120 -0.002339814 0.001783731 -0.999995708 3.513050795
-0.999521017 0.003246422 0.030778648 -0.782860756 0.003326409 0.999991238 0.002547952 -0.001791848 -0.030770106 0.002649113 -0.999523044 3.515036821
-0.998987079 0.003689814 0.044847101 -0.781279624 0.003797746 0.999990106 0.002321700 -0.001772285 -0.044838093 0.002489666 -0.998991251 3.515424728
-0.998658419 0.003117146 0.051690448 -0.780105114 0.003180576 0.999994278 0.001144911 -0.000785901 -0.051686585 0.001307780 -0.998662710 3.516055346
-0.998445511 0.003037388 0.055652566 -0.779374778 0.003120572 0.999994159 0.001407870 -0.001275117 -0.055647962 0.001579350 -0.998449206 3.516043663
-0.998330832 0.003537283 0.057648309 -0.779749215 0.003694830 0.999989748 0.002626546 -0.002094018 -0.057638425 0.002835162 -0.998333693 3.516576052
-0.998296142 0.002513257 0.058302201 -0.779038310 0.002581180 0.999996066 0.001089737 -0.000783826 -0.058299232 0.001238368 -0.998298645 3.515922308
-0.998247623 0.003874240 0.059051070 -0.779557228 0.003950634 0.999991477 0.001176998 -0.001014209 -0.059046011 0.001408224 -0.998254418 3.516474009
-0.998235345 0.003562913 0.059275314 -0.779213428 0.003618085 0.999993086 0.000823484 -0.000914686 -0.059271973 0.001036494 -0.998241305 3.514718056
-0.998262525 0.002500114 0.058875654 -0.777520955 0.002555365 0.999996364 0.000863151 -0.000540576 -0.058873285 0.001012100 -0.998265266 3.498405933
-0.998228073 0.002457701 0.059454411 -0.776357174 0.002487173 0.999996841 0.000421719 -0.000589928 -0.059453186 0.000568845 -0.998231053 3.471068621
-0.998285294 0.002386883 0.058488131 -0.773489892 0.002490030 0.999995470 0.001690729 -0.001705744 -0.058483828 0.001833467 -0.998286724 3.434818506
-0.998118639 0.002444733 0.061267503 -0.770380378 0.002615035 0.999992907 0.002699619 -0.002307873 -0.061260469 0.002854756 -0.998118043 3.394288301
-0.996351480 0.003240204 0.085283071 -0.766316772 0.003374650 0.999993265 0.001432349 -0.001843226 -0.085277855 0.001714924 -0.996355772 3.363890409
-0.992601752 0.003120735 0.121378049 -0.759883881 0.003252530 0.999994338 0.000887708 -0.001347601 -0.121374585 0.001275926 -0.992606282 3.343010187
-0.986702085 0.002926134 0.162514344 -0.751673341 0.003209607 0.999993742 0.001481776 -0.001909972 -0.162508994 0.001983678 -0.986705303 3.329496861
-0.978290558 0.002686602 0.207220674 -0.744055808 0.003086948 0.999993920 0.001608654 -0.001812625 -0.207215101 0.002213410 -0.978292942 3.320852518
-0.967765212 0.003391958 0.251831740 -0.737588406 0.003920010 0.999991059 0.001595200 -0.001827893 -0.251824081 0.002530962 -0.967769861 3.314412594
-0.960909724 0.003198013 0.276843518 -0.729861975 0.003508703 0.999993622 0.000626901 -0.001394452 -0.276839763 0.001573757 -0.960914850 3.295583963
-0.957353711 0.002410869 0.288909167 -0.718965054 0.002552280 0.999996722 0.000112746 -0.000998226 -0.288907945 0.000845315 -0.957356691 3.265464544
-0.955310345 0.002499974 0.295594692 -0.707922399 0.002416137 0.999996841 -0.000648884 -0.000948586 -0.295595378 0.000094312 -0.955313444 3.227202177
-0.954008818 0.003237013 0.299761266 -0.696204543 0.003534932 0.999993622 0.000451573 -0.001719015 -0.299757898 0.001490440 -0.954014182 3.184902430
-0.953588963 0.002756301 0.301099539 -0.682452679 0.003242380 0.999994099 0.001114625 -0.002173292 -0.301094711 0.002039173 -0.953592300 3.139719963
-0.952858448 0.002987430 0.303400576 -0.673041165 0.003723839 0.999991357 0.001848667 -0.002808470 -0.303392440 0.002891332 -0.952861309 3.104004145
-0.952594876 0.002726744 0.304229617 -0.665992260 0.003488539 0.999992013 0.001960498 -0.002925953 -0.304221839 0.002928877 -0.952596664 3.078971148
-0.952657223 0.003137546 0.304029822 -0.660220563 0.003763673 0.999991834 0.001473443 -0.002489931 -0.304022729 0.002547955 -0.952661276 3.061040878
-0.954569697 0.003185556 0.297970712 -0.656486571 0.003903797 0.999990761 0.001815344 -0.002075303 -0.297962159 0.002896090 -0.954573274 3.046961308
-0.967081308 0.003258282 0.254447043 -0.660294294 0.003571058 0.999993324 0.000767322 -0.002131864 -0.254442871 0.001650708 -0.967086554 3.032687664
-0.983024359 0.002654538 0.183455929 -0.668039203 0.002966346 0.999994576 0.001425228 -0.002347180 -0.183451161 0.001945228 -0.983026862 3.019385576
-0.994927645 0.002782206 0.100555703 -0.679565966 0.002892047 0.999995351 0.000946581 -0.001341201 -0.100552604 0.001232591 -0.994931102 3.007001638
-0.999883533 0.003394432 0.014893766 -0.691911519 0.003418571 0.999992907 0.001595574 -0.001811442 -0.014888245 0.001646303 -0.999888062 2.997734547
-0.999355912 0.003260755 -0.035736013 -0.698322952 0.003192536 0.999992967 0.001965869 -0.002051475 0.035742171 0.001850515 -0.999359369 2.992918968
-0.998022318 0.002582769 -0.062809691 -0.701349974 0.002433103 0.999994040 0.002459216 -0.001876732 0.062815666 0.002301530 -0.998022556 2.989246607
-0.997061491 0.002056733 -0.076579571 -0.702395320 0.001894074 0.999995768 0.002196624 -0.001918701 0.076583765 0.002045122 -0.997061133 2.985561848
-0.996547103 0.002299055 -0.083000898 -0.704497457 0.002147929 0.999995887 0.001910019 -0.001533684 0.083004951 0.001725143 -0.996547937 2.968452215
-0.996211410 0.002286994 -0.086936206 -0.706618905 0.002183320 0.999996781 0.001287596 -0.001158172 0.086938873 0.001092908 -0.996213198 2.939488411
-0.996074319 0.003110790 -0.088466182 -0.710276127 0.002912490 0.999992967 0.002370531 -0.002323337 0.088472933 0.002103568 -0.996076345 2.902048111
-0.995940804 0.002308166 -0.089981087 -0.712972879 0.002131156 0.999995589 0.002063217 -0.002148345 0.089985453 0.001863079 -0.995941401 2.859981060
-0.995957494 0.002708192 -0.089784212 -0.716437221 0.002482666 0.999993503 0.002623449 -0.002990628 0.089790732 0.002389940 -0.995957732 2.825862646
-0.995950580 0.003210567 -0.089845836 -0.720062852 0.002919673 0.999990046 0.003368941 -0.003694393 0.089855760 0.003092978 -0.995949984 2.786432266
-0.995971441 0.003015843 -0.089622393 -0.724201679 0.002702991 0.999989808 0.003611951 -0.003660762 0.089632377 0.003355151 -0.995969415 2.741698027
-0.995889544 0.002403017 -0.090545908 -0.727522731 0.002068265 0.999990702 0.003790694 -0.004057107 0.090554178 0.003587839 -0.995885253 2.692529678
-0.995889068 0.002865034 -0.090538248 -0.732112527 0.002603272 0.999992073 0.003009138 -0.003300349 0.090546153 0.002761071 -0.995888591 2.641254187
-0.995916247 0.003521747 -0.090213776 -0.737161040 0.003200223 0.999988019 0.003708433 -0.003827465 0.090225756 0.003404584 -0.995915532 2.587169647
-0.995900989 0.002936657 -0.090401895 -0.741961718 0.002673442 0.999991834 0.003032565 -0.003388338 0.090410061 0.002778450 -0.995900750 2.531953335
-0.995892882 0.002780102 -0.090498067 -0.746612430 0.002540028 0.999992967 0.002767875 -0.002854574 0.090505123 0.002526639 -0.995893002 2.476130962
-0.995892048 0.003045789 -0.090500057 -0.750573039 0.002796405 0.999991953 0.002882297 -0.002951961 0.090508103 0.002617382 -0.995892525 2.434587717
-0.995877862 0.003017959 -0.090654969 -0.752331614 0.002855479 0.999994099 0.001921933 -0.002001477 0.090660237 0.001655147 -0.995880604 2.404459238
-0.995878220 0.003223944 -0.090644784 -0.755074143 0.002905485 0.999989152 0.003645006 -0.003151647 0.090655550 0.003366614 -0.995876670 2.384269714
-0.995892882 0.003454037 -0.090476237 -0.756782532 0.003209154 0.999990761 0.002851937 -0.002690759 0.090485252 0.002549870 -0.995894790 2.368725061
-0.995878696 0.002682555 -0.090657070 -0.757555246 0.002437884 0.999993086 0.002809487 -0.002572239 0.090663977 0.002576896 -0.995878458 2.355592966
-0.995882630 0.002730689 -0.090613581 -0.759191036 0.002510305 0.999993622 0.002546011 -0.002992794 0.090619951 0.002308060 -0.995883107 2.331959486
-0.995852709 0.002966723 -0.090932555 -0.762887478 0.002706829 0.999991894 0.002981292 -0.002875392 0.090940662 0.002722788 -0.995852709 2.297575235
-0.995884180 0.002661498 -0.090597250 -0.766800046 0.002373902 0.999991775 0.003282056 -0.002958003 0.090605237 0.003053478 -0.995882392 2.256946564
-0.995928049 0.003130351 -0.090099685 -0.771480560 0.002849811 0.999990702 0.003242145 -0.003072471 0.090108991 0.002972176 -0.995927691 2.212279558
-0.995943308 0.003417648 -0.089920044 -0.774456978 0.003208903 0.999991834 0.002465911 -0.002856132 0.089927733 0.002167362 -0.995946050 2.176294565
-0.995936871 0.003049548 -0.090001546 -0.777824640 0.002699470 0.999988317 0.004011156 -0.004029992 0.090012729 0.003751902 -0.995933533 2.136710167
-0.996143341 0.002738269 -0.087699398 -0.780686140 0.002379191 0.999988377 0.004198683 -0.004439284 0.087709874 0.003973836 -0.996138334 2.091367245
-0.997928619 0.003043827 -0.064259842 -0.782250285 0.002751380 0.999985456 0.004639009 -0.004947587 0.064273030 0.004452596 -0.997922421 2.042603970
-0.999580860 0.001852124 -0.028895376 -0.779962063 0.001727636 0.999989092 0.004332586 -0.004263736 0.028903088 0.004280849 -0.999573112 1.993600607
-0.999912381 0.002081690 0.013074088 -0.776097298 0.002128854 0.999991298 0.003594563 -0.003486023 -0.013066491 0.003622081 -0.999908090 1.958123326
-0.998166323 0.003414824 0.060437661 -0.772303939 0.003668036 0.999984980 0.004079193 -0.003655704 -0.060422823 0.004293400 -0.998163819 1.931397915
-0.994643331 0.001402884 0.103357017 -0.764769316 0.001683763 0.999995112 0.002630367 -0.002965202 -0.103352822 0.002790306 -0.994640827 1.898622990
-0.991504312 0.001235445 0.130069628 -0.760064185 0.001773606 0.999990344 0.004021726 -0.004056213 -0.130063400 0.004218250 -0.991497040 1.858586073
-0.989673972 0.001345547 0.143331021 -0.754563987 0.001770053 0.999994397 0.002834250 -0.002932591 -0.143326402 0.003058687 -0.989670753 1.812107205
-0.988763571 0.001585716 0.149480909 -0.748273194 0.001937828 0.999995708 0.002209943 -0.002713981 -0.149476752 0.002474779 -0.988762379 1.762975335
-0.988117933 0.001322902 0.153693572 -0.742013037 0.002039503 0.999987781 0.004504955 -0.004477134 -0.153685734 0.004764885 -0.988108516 1.710058928
-0.987870932 0.001441260 0.155270636 -0.736312091 0.001973568 0.999992669 0.003274160 -0.003882377 -0.155264780 0.003540884 -0.987866521 1.655526280
-0.987729669 0.001330715 0.156167924 -0.728206038 0.001870194 0.999992788 0.003307597 -0.003932121 -0.156162396 0.003559076 -0.987725019 1.599792004
-0.987829208 0.001364355 0.155537352 -0.720090449 0.002078566 0.999988019 0.004429354 -0.004584197 -0.155529454 0.004698739 -0.987820268 1.544855714
-0.987640023 0.002467411 0.156720862 -0.712622464 0.002788719 0.999994457 0.001830337 -0.002370727 -0.156715468 0.002244764 -0.987641335 1.486294270
-0.987765551 0.001709427 0.155939475 -0.703086615 0.002081862 0.999995351 0.002225038 -0.002754907 -0.155934945 0.002522459 -0.987764478 1.429004908
-0.987708807 0.001224356 0.156301230 -0.694970667 0.001688754 0.999994516 0.002838412 -0.003591897 -0.156296909 0.003067478 -0.987705469 1.371040106
-0.987655282 0.001349828 0.156639427 -0.685807049 0.001895560 0.999992669 0.003334671 -0.003986329 -0.156633765 0.003590423 -0.987650514 1.312706232
-0.987580061 0.001580440 0.157108903 -0.677202225 0.002044417 0.999994040 0.002791662 -0.003205908 -0.157103553 0.003078186 -0.987577438 1.254757285
-0.987605810 0.001191187 0.156950891 -0.667884469 0.001702768 0.999993682 0.003125076 -0.003710350 -0.156946167 0.003353594 -0.987601638 1.195648313
-0.987610221 0.002595002 0.156905577 -0.658954024 0.003010683 0.999992549 0.002411635 -0.002472276 -0.156898156 0.002854148 -0.987610698 1.136570334
-0.987612963 0.001756115 0.156899989 -0.649191022 0.002232009 0.999993443 0.002856961 -0.002513881 -0.156893939 0.003171773 -0.987610459 1.077264905
-0.987627029 0.000683999 0.156820118 -0.640142560 0.001082592 0.999996424 0.002456320 -0.001617752 -0.156817868 0.002595700 -0.987624168 1.017990232
-0.987658501 0.000410312 0.156623006 -0.629980803 0.000803274 0.999996662 0.002445680 -0.001382296 -0.156621471 0.002541308 -0.987655640 0.958135605
-0.987692356 0.000268334 0.156408444 -0.620588779 0.000649761 0.999996960 0.002387534 -0.001319813 -0.156407312 0.002459777 -0.987689495 0.899286032
-0.987628460 0.000485682 0.156813517 -0.611639023 0.001133238 0.999991179 0.004040092 -0.003868463 -0.156810179 0.004167815 -0.987620354 0.844614267
-0.987643123 0.001137629 0.156716987 -0.601312637 0.001699434 0.999992609 0.003450889 -0.002650614 -0.156711906 0.003674576 -0.987637639 0.785497785
-0.987673283 0.001097164 0.156525329 -0.591561675 0.001572210 0.999994516 0.002911171 -0.002186513 -0.156521276 0.003121377 -0.987669706 0.725917757
-0.987662196 0.000811212 0.156598255 -0.582861423 0.001419449 0.999991894 0.003772268 -0.003171084 -0.156593934 0.003948010 -0.987655282 0.669742286
-0.987591982 0.001017750 0.157040715 -0.574478269 0.001612042 0.999992013 0.003656995 -0.002641177 -0.157035738 0.003864773 -0.987585664 0.610049009
-0.987720370 0.001125790 0.156227678 -0.561522365 0.001587027 0.999994755 0.002827635 -0.001714370 -0.156223670 0.003040851 -0.987717032 0.547762573
-0.987688184 0.001192819 0.156430945 -0.552297413 0.001559507 0.999996305 0.002221373 -0.000788242 -0.156427726 0.002437979 -0.987686396 0.487784266
-0.987765551 0.000904632 0.155944392 -0.542916536 0.001434678 0.999993563 0.003286421 -0.001630754 -0.155940413 0.003469943 -0.987760544 0.431360483
-0.987897158 0.000702969 0.155109599 -0.534518600 0.001170578 0.999995053 0.002923389 -0.002293591 -0.155106783 0.003069575 -0.987893105 0.389276206
-0.987797976 0.001000474 0.155738622 -0.530745447 0.001476926 0.999994576 0.002943625 -0.001939771 -0.155734837 0.003137721 -0.987794042 0.356699944
-0.987715483 0.001498376 0.156256214 -0.527604103 0.001939183 0.999994576 0.002668651 -0.001758739 -0.156251371 0.002938877 -0.987712979 0.334011078
-0.987770081 0.001236918 0.155914918 -0.524794102 0.001644629 0.999995530 0.002485982 -0.001400794 -0.155911148 0.002712000 -0.987767696 0.317590833
-0.987773061 0.001272243 0.155894548 -0.522742271 0.001648441 0.999996006 0.002283898 -0.001344552 -0.155891016 0.002512955 -0.987771273 0.305692315
-0.987809658 0.001402677 0.155662313 -0.521433473 0.001791027 0.999995649 0.002354597 -0.001131071 -0.155658320 0.002604688 -0.987807870 0.297166198
-0.987729907 0.001515363 0.156164706 -0.520629168 0.001938211 0.999994874 0.002555467 -0.001793532 -0.156160042 0.002826791 -0.987727761 0.291034073
-0.987763286 0.001505236 0.155954421 -0.520040512 0.001821830 0.999996543 0.001887130 -0.000949952 -0.155951053 0.002148159 -0.987762690 0.286153167
-0.987325907 0.001116118 0.158703417 -0.518431664 0.001548168 0.999995410 0.002598761 -0.001500007 -0.158699781 0.002811523 -0.987323046 0.283803672
-0.983395815 0.001156098 0.181471080 -0.515168846 0.001629570 0.999995649 0.002459998 -0.001230941 -0.181467444 0.002714871 -0.983393431 0.283272773
-0.976297975 0.000752278 0.216429278 -0.509634614 0.001355406 0.999995589 0.002638301 -0.001627332 -0.216426343 0.002869118 -0.976294756 0.284682781
-0.965866446 0.001053114 0.259038955 -0.504039645 0.001773477 0.999995172 0.002547235 -0.001695152 -0.259035021 0.002919688 -0.965863705 0.288109124
-0.952973247 0.000536502 0.303054631 -0.496852458 0.001199107 0.999997258 0.002000352 -0.001192648 -0.303052723 0.002269676 -0.952971220 0.290690839
-0.937574863 0.000729172 0.347782642 -0.491740793 0.001609699 0.999996185 0.002242908 -0.001324529 -0.347779661 0.002662719 -0.937572479 0.295916438
-0.919603229 0.000463889 0.392848492 -0.484904170 0.001319097 0.999997318 0.001906990 -0.001054105 -0.392846555 0.002271879 -0.919601321 0.300405264
-0.898832560 0.000101350 0.438292503 -0.480072975 0.001396570 0.999995530 0.002632791 -0.001693954 -0.438290298 0.002978544 -0.898828626 0.305750847
-0.876034856 0.000106721 0.482247889 -0.473917484 0.001282287 0.999996960 0.002108061 -0.000978293 -0.482246190 0.002465115 -0.876032352 0.311144650
-0.851416707 -0.000208342 0.524489760 -0.469267845 0.001260121 0.999996245 0.002442810 -0.001703242 -0.524488270 0.002740770 -0.851413250 0.318442404
-0.823569655 0.000199076 0.567215562 -0.466280878 0.001965904 0.999994934 0.002503428 -0.002386903 -0.567212224 0.003176838 -0.823565841 0.325073719
-0.794295907 0.000221200 0.607531011 -0.459325314 0.001514855 0.999997556 0.001616450 -0.000512769 -0.607529163 0.002204261 -0.794294357 0.330601275
-0.762492776 0.000368531 0.646996737 -0.455147505 0.001414640 0.999998391 0.001097567 -0.000345820 -0.646995306 0.001752155 -0.762492061 0.337739110
-0.729726911 -0.000114873 0.683739007 -0.451536715 0.001345583 0.999997795 0.001604092 -0.000668653 -0.683737636 0.002090576 -0.729725122 0.344284594
-0.694959641 0.000424303 0.719048798 -0.448201150 0.001609689 0.999998212 0.000965673 -0.000334996 -0.719047129 0.001828549 -0.694959044 0.351810515
-0.657352090 0.000677430 0.753583312 -0.445650429 0.001938388 0.999997795 0.000791916 -0.000296154 -0.753581107 0.001981305 -0.657351971 0.359303296
-0.619440317 0.000740956 0.785043776 -0.442633688 0.001841217 0.999998152 0.000508976 -0.000118847 -0.785041988 0.001760716 -0.619440556 0.366331697
-0.579650402 0.000205023 0.814865351 -0.440467060 0.001732835 0.999998033 0.000981041 -0.000499077 -0.814863503 0.001980688 -0.579649568 0.374592304
-0.537728667 0.000149568 0.843118131 -0.438542366 0.001266477 0.999998987 0.000630342 -0.000034523 -0.843117177 0.001406742 -0.537728310 0.382021368
-0.496170282 -0.000022490 0.868225515 -0.436489880 0.000974278 0.999999344 0.000582681 -0.000184876 -0.868224919 0.001135002 -0.496169925 0.390314817
-0.451335073 0.000739197 0.892354310 -0.436470687 0.002751183 0.999996066 0.000563130 -0.000913244 -0.892350376 0.002709190 -0.451335430 0.398348123
-0.406936169 -0.000225400 0.913456798 -0.435847074 0.001584722 0.999998271 0.000952732 -0.001301602 -0.913455486 0.001835276 -0.406935096 0.407569587
-0.360836148 0.000103177 0.932629347 -0.435793400 0.001835478 0.999998152 0.000599521 -0.001352172 -0.932627559 0.001928149 -0.360835671 0.415569723
-0.313977003 -0.000074454 0.949430704 -0.435346812 0.001044359 0.999999344 0.000423789 -0.000594773 -0.949430168 0.001124606 -0.313976765 0.423570544
-0.266088247 -0.000437443 0.963948786 -0.436467797 0.000936587 0.999999285 0.000712338 -0.001133997 -0.963948429 0.001092367 -0.266087651 0.431924343
-0.217819571 -0.000845942 0.975988686 -0.437284499 0.000979037 0.999998927 0.001085253 -0.001574056 -0.975988567 0.001191918 -0.217818499 0.439863086
-0.171881795 -0.000024500 0.985117793 -0.438010842 0.000783896 0.999999702 0.000161643 -0.000548371 -0.985117495 0.000800013 -0.171881676 0.447098106
-0.144727588 0.000055352 0.989471495 -0.436748862 0.001597473 0.999998689 0.000177718 -0.000662437 -0.989470243 0.001606375 -0.144727468 0.450408220
-0.130852222 -0.000455530 0.991401792 -0.421430618 0.001365184 0.999998868 0.000639666 -0.001068046 -0.991400957 0.001437148 -0.130851507 0.450563490
-0.124154687 -0.000439834 0.992262900 -0.394355386 0.001579066 0.999998569 0.000640840 -0.000985754 -0.992261708 0.001646411 -0.124153733 0.448174745
-0.120421886 -0.000222922 0.992722869 -0.357446402 0.001337508 0.999999046 0.000386801 -0.000727585 -0.992722034 0.001374354 -0.120421410 0.444067746
-0.117887020 -0.000376231 0.993026972 -0.315499485 0.001017235 0.999999344 0.000499633 -0.000885181 -0.993026555 0.001069042 -0.117886543 0.438075513
-0.117226243 -0.000552343 0.993105173 -0.269292712 0.001221992 0.999998987 0.000700421 -0.001506080 -0.993104577 0.001295674 -0.117225528 0.431910306
-0.116868377 -0.000769065 0.993147194 -0.217650622 0.000625876 0.999999464 0.000848021 -0.001506112 -0.993147254 0.000720693 -0.116867781 0.426611841
-0.116043091 -0.000958966 0.993243814 -0.164220780 0.000638558 0.999999285 0.001040093 -0.001785163 -0.993244052 0.000754939 -0.116042376 0.419944167
-0.116054773 -0.000444974 0.993242860 -0.108357400 0.000208859 0.999999881 0.000472405 -0.001147636 -0.993242919 0.000262273 -0.116054654 0.413664937
-0.116343975 0.000489178 0.993209064 -0.051870584 0.000948960 0.999999464 -0.000381362 0.000135007 -0.993208706 0.000898146 -0.116344333 0.407042325
-0.115979791 -0.000209256 0.993251741 0.005271435 0.000820405 0.999999642 0.000306474 -0.001406194 -0.993251383 0.000850413 -0.115979552 0.399904549
-0.115860820 -0.000097211 0.993265569 0.063019484 0.001006581 0.999999464 0.000215284 -0.001353354 -0.993265033 0.001024745 -0.115860701 0.393506229
-0.112171292 -0.000797600 0.993688583 0.120918393 0.000760165 0.999999344 0.000888475 -0.002746667 -0.993688643 0.000855028 -0.112170577 0.386755168
-0.090000868 -0.001181268 0.995941043 0.178572685 0.000826057 0.999998868 0.001260730 -0.003041915 -0.995941401 0.000936171 -0.089999795 0.384013265
-0.053880811 -0.000827345 0.998547018 0.235987976 0.000858394 0.999999225 0.000874867 -0.002664843 -0.998547018 0.000904286 -0.053880095 0.383471131
-0.011249542 -0.002230552 0.999934316 0.289413393 0.000581314 0.999997318 0.002237232 -0.004405130 -0.999936640 0.000606444 -0.011248231 0.383986413
0.034862578 -0.001527022 0.999390960 0.330447823 0.000570800 0.999998689 0.001508038 -0.003677168 -0.999391973 0.000517879 0.034863412 0.386880726
0.082557678 -0.002046367 0.996584237 0.358537853 0.000895425 0.999997616 0.001979199 -0.004069587 -0.996585906 0.000728968 0.082559347 0.391117871
0.130894542 -0.002439006 0.991393328 0.377833694 0.000448968 0.999997020 0.002400896 -0.004188480 -0.991396248 0.000130839 0.130895257 0.396286786
0.178814113 -0.001917796 0.983880997 0.389762282 0.000601267 0.999998152 0.001839935 -0.003923499 -0.983882666 0.000262569 0.178814948 0.402372360
0.227331161 -0.001945126 0.973815620 0.397278130 0.000610204 0.999998093 0.001854976 -0.004078059 -0.973817348 0.000172532 0.227331877 0.408048034
0.275664151 -0.002021275 0.961251915 0.400966316 0.000493654 0.999997973 0.001961180 -0.004153592 -0.961253941 -0.000066101 0.275664568 0.413416743
0.322745323 -0.001882662 0.946484029 0.402138412 0.000168888 0.999998093 0.001931518 -0.004107283 -0.946485877 -0.000463538 0.322745025 0.419883341
0.369841754 -0.002007426 0.929092646 0.401697278 0.000353151 0.999997914 0.002020049 -0.003782243 -0.929094732 -0.000418989 0.369841695 0.424945831
0.416853070 -0.002149565 0.908971429 0.399246097 0.000766195 0.999997675 0.002013451 -0.003697440 -0.908973634 -0.000142864 0.416853726 0.430383831
0.460423291 -0.002347431 0.887696505 0.395526707 0.000552412 0.999997079 0.002357879 -0.003973602 -0.887699425 -0.000595248 0.460423231 0.435712546
0.503837943 -0.002633901 0.863794208 0.390608370 0.000161829 0.999995649 0.002954817 -0.004480799 -0.863798201 -0.001348962 0.503836155 0.440798253
0.546661019 -0.001734507 0.837352216 0.385949612 0.000513451 0.999998391 0.001736212 -0.003435702 -0.837353885 -0.000519180 0.546661019 0.445684880
0.588638484 -0.002012827 0.808393896 0.380148709 0.000221784 0.999997258 0.002328408 -0.003672574 -0.808396399 -0.001191302 0.588637352 0.449713588
0.627188683 -0.002125739 0.778864443 0.373915642 -0.000092376 0.999996066 0.002803657 -0.004153022 -0.778867364 -0.001830370 0.627186060 0.454248875
0.665048540 -0.001511944 0.746798575 0.367429167 -0.000355940 0.999997199 0.002341538 -0.003358494 -0.746800005 -0.001823052 0.665046155 0.458308458
0.702157021 -0.001695001 0.712020159 0.359804273 0.000370200 0.999997914 0.002015475 -0.003849742 -0.712022066 -0.001151590 0.702156186 0.460908979
0.736297965 -0.001679804 0.676655412 0.352768779 0.000130377 0.999997258 0.002340635 -0.003846255 -0.676657498 -0.001635185 0.736296177 0.464098394
0.768902004 -0.001268657 0.639365375 0.344865292 -0.000427341 0.999996781 0.002498159 -0.003972346 -0.639366508 -0.002194067 0.768899024 0.467648953
0.801041126 -0.001662252 0.598607004 0.337769091 0.000108415 0.999996543 0.002631780 -0.004162746 -0.598609328 -0.002043266 0.801038504 0.468663752
0.829465568 -0.001395029 0.558556139 0.330093145 0.000259470 0.999997735 0.002112240 -0.003910057 -0.558557808 -0.001607102 0.829464078 0.471163034
0.856493473 -0.001370949 0.516156077 0.322256148 -0.000121019 0.999995887 0.002856880 -0.004356842 -0.516157866 -0.002509363 0.856489778 0.472464681
0.881540358 -0.000604123 0.472108364 0.314069420 -0.000737714 0.999996185 0.002657114 -0.003829960 -0.472108155 -0.002690634 0.881536543 0.474447936
0.903533280 -0.000555173 0.428517550 0.305958122 -0.000629162 0.999996364 0.002622155 -0.004133890 -0.428517461 -0.002638811 0.903529644 0.474763900
0.923933923 -0.000463845 0.382551819 0.297575057 -0.000501024 0.999996960 0.002422565 -0.003904570 -0.382551789 -0.002429957 0.923930883 0.475696027
0.941500306 0.000032587 0.337012231 0.289384574 -0.001003276 0.999995828 0.002706125 -0.003594625 -0.337010741 -0.002885934 0.941496372 0.476202250
0.957040071 0.000612010 0.289955139 0.280685931 -0.001673005 0.999992788 0.003411311 -0.003860933 -0.289950967 -0.003749858 0.957034171 0.476190150
0.970233142 0.000897055 0.242171198 0.272861123 -0.001837498 0.999991596 0.003657552 -0.003784913 -0.242165893 -0.003993667 0.970226645 0.475397050
0.981144369 0.000413806 0.193275765 0.265571833 -0.001037611 0.999994576 0.003126320 -0.003655337 -0.193273410 -0.003267917 0.981139481 0.473591477
0.989548922 0.001070169 0.144193619 0.257087052 -0.001380006 0.999996960 0.002048753 -0.002287454 -0.144190982 -0.002226329 0.989547372 0.473142922
0.995555222 0.001988396 0.094158605 0.249323055 -0.002136080 0.999996662 0.001467693 -0.001492729 -0.094155371 -0.001662299 0.995556116 0.471279383
0.999006748 0.001194308 0.044543777 0.241843835 -0.001323034 0.999995053 0.002860524 -0.002567626 -0.044540141 -0.002916615 0.999003351 0.468695372
0.999980807 0.001596344 -0.005989781 0.234761745 -0.001584831 0.999996901 0.001926373 -0.002147690 0.005992837 -0.001916843 0.999980211 0.465828657
0.998597801 0.001440422 -0.052918818 0.227909327 -0.001335662 0.999997079 0.002014951 -0.002038082 0.052921567 -0.001941444 0.998596787 0.462881118
0.996844411 0.002525362 -0.079340070 0.223358095 -0.002305496 0.999993265 0.002862660 -0.002493950 0.079346769 -0.002670708 0.996843517 0.460785538
0.995594859 0.002009174 -0.093738064 0.221849605 -0.001772677 0.999995053 0.002606160 -0.002187174 0.093742833 -0.002428512 0.995593488 0.460043907
0.994961321 0.002257369 -0.100233838 0.220034361 -0.002003360 0.999994516 0.002634750 -0.002310418 0.100239240 -0.002420670 0.994960427 0.459312081
0.994552433 0.002750125 -0.104201190 0.219854921 -0.002525330 0.999994218 0.002289185 -0.002074001 0.104206882 -0.002013572 0.994553626 0.458999395
0.994178414 0.001540942 -0.107735246 0.220457077 -0.001284360 0.999996185 0.002450945 -0.001683196 0.107738607 -0.002298306 0.994176626 0.459537923
0.994232059 0.002340953 -0.107224897 0.219594598 -0.002013332 0.999992967 0.003163603 -0.002447578 0.107231550 -0.002929476 0.994229734 0.458949983
0.994157076 0.002627695 -0.107910886 0.219771817 -0.002435557 0.999995232 0.001912282 -0.002015028 0.107915394 -0.001638285 0.994158745 0.458697796
0.994134247 0.002319277 -0.108128250 0.219956234 -0.002053744 0.999994576 0.002567017 -0.002006475 0.108133614 -0.002329891 0.994133651 0.458982974
0.994094133 0.002334802 -0.108495869 0.220289424 -0.001968273 0.999992013 0.003485249 -0.002677602 0.108503133 -0.003251117 0.994090796 0.458580911
0.994049966 0.001685263 -0.108912095 0.220604271 -0.001317748 0.999993205 0.003446305 -0.002490988 0.108917162 -0.003282281 0.994045436 0.458962739
0.994057834 0.002248592 -0.108830072 0.220348954 -0.001854255 0.999991357 0.003724479 -0.002545113 0.108837508 -0.003500548 0.994053364 0.459018916
0.994066775 0.002248069 -0.108748041 0.220244825 -0.001858159 0.999991477 0.003686647 -0.002554553 0.108755402 -0.003462703 0.994062483 0.458975673
0.994054675 0.002236233 -0.108859368 0.220452383 -0.001822833 0.999990761 0.003896928 -0.002786031 0.108867072 -0.003675327 0.994049549 0.458778262
0.994052589 0.002187429 -0.108879082 0.220467314 -0.001836570 0.999992788 0.003322640 -0.002404399 0.108885564 -0.003102915 0.994049430 0.458856851
0.994060516 0.002040297 -0.108809732 0.220490277 -0.001675242 0.999992669 0.003446286 -0.002452190 0.108815961 -0.003243534 0.994056642 0.458910674
0.994060457 0.002126771 -0.108808585 0.220465884 -0.001756406 0.999992311 0.003499545 -0.002490529 0.108815193 -0.003287648 0.994056582 0.458882213
0.994058311 0.002048121 -0.108829513 0.220485225 -0.001670172 0.999992251 0.003563898 -0.002520128 0.108835973 -0.003360959 0.994054019 0.458905190
0.994059324 0.002169294 -0.108817831 0.220454201 -0.001798037 0.999992251 0.003509729 -0.002494429 0.108824596 -0.003293220 0.994055510 0.458869368
0.994053602 0.002014653 -0.108873323 0.220520020 -0.001654986 0.999992847 0.003393797 -0.002434791 0.108879387 -0.003193432 0.994049847 0.458881348
0.994051874 0.002023735 -0.108888961 0.220531270 -0.001663086 0.999992847 0.003402795 -0.002422300 0.108895063 -0.003201463 0.994048119 0.458893508
0.994053483 0.001978722 -0.108874820 0.220511317 -0.001630538 0.999993265 0.003286959 -0.002356967 0.108880594 -0.003089889 0.994050026 0.458889008
0.994051695 0.002235377 -0.108886540 0.220444232 -0.001896941 0.999993026 0.003211643 -0.002331694 0.108892962 -0.002985988 0.994049013 0.458849579
0.994056344 0.002215785 -0.108844064 0.220425963 -0.001855214 0.999992430 0.003413877 -0.002388765 0.108850807 -0.003191657 0.994052947 0.458913833
0.994052112 0.002092563 -0.108885162 0.220493063 -0.001741675 0.999992967 0.003317554 -0.002389601 0.108891338 -0.003108179 0.994048774 0.458873570
0.994052708 0.002154749 -0.108878948 0.220466197 -0.001791762 0.999992490 0.003431577 -0.002410140 0.108885527 -0.003216083 0.994049072 0.458897233
0.994053066 0.002079142 -0.108876750 0.220495299 -0.001728751 0.999993026 0.003312527 -0.002386770 0.108882882 -0.003104607 0.994049728 0.458875954
0.994055927 0.002081334 -0.108850941 0.220469058 -0.001733325 0.999993086 0.003291636 -0.002349369 0.108857036 -0.003083396 0.994052649 0.458898216
