1.000000000 0.000000000 0.000000000 0.000000000 0.000000000 1.000000000 0.000000000 0.000000000 0.000000000 0.000000000 1.000000000 0.000000000
1.000000000 0.000001185 0.000002884 -0.000016457 -0.000001185 1.000000000 -0.000006587 -0.000006657 -0.000002884 0.000006587 1.000000000 -0.000019247
1.000000000 -0.000042059 0.000047694 -0.000002125 0.000042065 1.000000000 -0.000128978 0.000079298 -0.000047689 0.000128980 1.000000000 0.000028399
1.000000000 0.000006737 0.000000481 -0.000007503 -0.000006737 1.000000000 -0.000015035 0.000008502 -0.000000481 0.000015035 1.000000000 0.000000384
1.000000000 0.000000186 -0.000007843 0.000001687 -0.000000186 1.000000000 -0.000033762 0.000015592 0.000007843 0.000033762 1.000000000 0.000004116
1.000000000 0.000042900 0.000065459 -0.000038749 -0.000042893 1.000000000 -0.000096989 0.000081026 -0.000065463 0.000096987 1.000000000 0.000044412
1.000000000 -0.000042155 0.000047726 -0.000002143 0.000042162 1.000000000 -0.000129467 0.000079705 -0.000047721 0.000129469 1.000000000 0.000028623
1.000000000 0.000005663 0.000005198 -0.000002295 -0.000005663 1.000000000 -0.000014222 0.000010285 -0.000005198 0.000014222 1.000000000 0.000005564
1.000000000 -0.000000797 0.000123072 -0.000087648 0.000000810 1.000000000 -0.000111628 0.000059092 -0.000123072 0.000111629 1.000000000 0.000117176
1.000000000 0.000042753 0.000066748 -0.000035379 -0.000042747 1.000000000 -0.000085422 0.000077336 -0.000066752 0.000085419 1.000000000 0.000041654
1.000000000 -0.000041894 0.000047867 -0.000001860 0.000041901 1.000000000 -0.000129208 0.000079435 -0.000047861 0.000129210 1.000000000 0.000028303
1.000000000 0.000005255 0.000005022 -0.000002168 -0.000005255 1.000000000 -0.000014065 0.000010156 -0.000005022 0.000014065 1.000000000 0.000005594
1.000000000 0.000005693 -0.000002502 -0.000009605 -0.000005693 1.000000000 -0.000011147 -0.000002242 0.000002502 0.000011147 1.000000000 -0.000020704
1.000000000 0.000012361 -0.000000568 -0.000002329 -0.000012361 1.000000000 -0.000027729 0.000021277 0.000000568 0.000027729 1.000000000 -0.000002414
1.000000000 -0.000034385 0.000040861 -0.000011681 0.000034390 1.000000000 -0.000125435 0.000073054 -0.000040857 0.000125436 1.000000000 0.000006284
1.000000000 -0.000002607 0.000001368 0.000000279 0.000002607 1.000000000 -0.000003718 0.000001955 -0.000001368 0.000003718 1.000000000 -0.000001397
1.000000000 -0.000002607 0.000001372 0.000000276 0.000002607 1.000000000 -0.000003712 0.000001951 -0.000001372 0.000003712 1.000000000 -0.000001395
1.000000000 -0.000002607 0.000001377 0.000000273 0.000002607 1.000000000 -0.000003705 0.000001948 -0.000001377 0.000003705 1.000000000 -0.000001394
1.000000000 0.000064037 0.000116015 -0.000075147 -0.000064016 1.000000000 -0.000182433 0.000154680 -0.000116026 0.000182426 1.000000000 0.000055682
1.000000000 0.000058508 0.000103467 -0.000045326 -0.000058490 1.000000000 -0.000168192 0.000127417 -0.000103477 0.000168186 1.000000000 0.000085047
1.000000000 -0.000013793 -0.000005858 0.000014754 0.000013793 1.000000000 0.000000187 0.000002100 0.000005858 -0.000000187 1.000000000 0.000011178
1.000000000 0.000066609 0.000103495 -0.000051140 -0.000066592 1.000000000 -0.000169707 0.000129837 -0.000103506 0.000169700 1.000000000 0.000078782
1.000000000 0.000082687 0.000118194 -0.000086215 -0.000082666 1.000000000 -0.000181827 0.000165969 -0.000118209 0.000181817 1.000000000 0.000045441
1.000000000 0.000052220 0.000056921 -0.000029505 -0.000052215 1.000000000 -0.000090781 0.000083721 -0.000056926 0.000090778 1.000000000 0.000042995
1.000000000 0.000067111 0.000116563 -0.000075432 -0.000067091 1.000000000 -0.000177019 0.000157897 -0.000116575 0.000177012 1.000000000 0.000054784
1.000000000 -0.000021906 0.000015936 -0.000005139 0.000021907 1.000000000 -0.000086294 0.000054008 -0.000015934 0.000086295 1.000000000 -0.000018360
1.000000000 0.000000100 -0.000004733 -0.000006160 -0.000000100 1.000000000 0.000000362 -0.000008378 0.000004733 -0.000000362 1.000000000 -0.000019404
1.000000000 0.000047532 0.000060213 -0.000040230 -0.000047526 1.000000000 -0.000094449 0.000063234 -0.000060217 0.000094446 1.000000000 0.000025885
1.000000000 0.000050994 0.000084348 -0.000075728 -0.000050978 1.000000000 -0.000187854 0.000134265 -0.000084358 0.000187850 1.000000000 0.000092430
1.000000000 0.000005596 -0.000003253 -0.000008918 -0.000005596 1.000000000 -0.000011040 -0.000002289 0.000003253 0.000011040 1.000000000 -0.000020602
1.000000000 0.000005004 0.000125558 -0.000092290 -0.000004988 1.000000000 -0.000124660 0.000066043 -0.000125559 0.000124660 1.000000000 0.000115004
1.000000000 0.000046987 0.000059684 -0.000040303 -0.000046981 1.000000000 -0.000093331 0.000062205 -0.000059688 0.000093328 1.000000000 0.000025138
1.000000000 0.000051034 0.000084466 -0.000075556 -0.000051018 1.000000000 -0.000187283 0.000133791 -0.000084476 0.000187278 1.000000000 0.000092166
1.000000000 0.000002566 -0.000003838 -0.000007742 -0.000002566 1.000000000 -0.000007381 -0.000004803 0.000003838 0.000007381 1.000000000 -0.000020109
1.000000000 0.000012531 -0.000000485 -0.000002380 -0.000012531 1.000000000 -0.000028060 0.000021706 0.000000485 0.000028060 1.000000000 -0.000002056
1.000000000 0.000042922 0.000058043 -0.000025623 -0.000042915 1.000000000 -0.000109705 0.000082258 -0.000058048 0.000109703 1.000000000 0.000050948
1.000000000 0.000049698 0.000083899 -0.000074687 -0.000049683 1.000000000 -0.000188115 0.000134224 -0.000083908 0.000188111 1.000000000 0.000092026
1.000000000 0.000005694 -0.000002504 -0.000009604 -0.000005694 1.000000000 -0.000011158 -0.000002234 0.000002504 0.000011158 1.000000000 -0.000020706
1.000000000 0.000012350 -0.000000575 -0.000002321 -0.000012350 1.000000000 -0.000027734 0.000021278 0.000000574 0.000027734 1.000000000 -0.000002419
1.000000000 0.000052425 0.000057646 -0.000029863 -0.000052420 1.000000000 -0.000091380 0.000084306 -0.000057651 0.000091377 1.000000000 0.000043419
1.000000000 0.000035355 0.000196715 -0.000111454 -0.000035327 1.000000000 -0.000140525 0.000133275 -0.000196720 0.000140518 1.000000000 0.000089324
1.000000000 -0.000002608 0.000000481 -0.000003538 0.000002608 1.000000000 -0.000014451 0.000005106 -0.000000481 0.000014451 1.000000000 0.000001250
1.000000000 0.000004018 0.000001090 0.000004578 -0.000004018 1.000000000 -0.000039473 0.000027833 -0.000001091 0.000039473 1.000000000 0.000018117
1.000000000 -0.000002607 0.000001367 0.000000280 0.000002607 1.000000000 -0.000003719 0.000001955 -0.000001367 0.000003719 1.000000000 -0.000001397
1.000000000 -0.000040245 0.000010762 0.000002000 0.000040246 1.000000000 -0.000073378 0.000034863 -0.000010759 0.000073378 1.000000000 -0.000019197
1.000000000 -0.000002607 0.000001372 0.000000277 0.000002607 1.000000000 -0.000003714 0.000001952 -0.000001372 0.000003714 1.000000000 -0.000001395
1.000000000 0.000043767 0.000066278 -0.000034467 -0.000043761 1.000000000 -0.000086851 0.000078189 -0.000066282 0.000086848 1.000000000 0.000041824
1.000000000 -0.000017136 0.000048690 -0.000024124 0.000017142 1.000000000 -0.000129661 0.000080561 -0.000048688 0.000129662 1.000000000 -0.000000727
1.000000000 0.000014157 0.000006615 -0.000006889 -0.000014157 1.000000000 -0.000015227 0.000019537 -0.000006615 0.000015226 1.000000000 -0.000000768
1.000000000 0.000018048 0.000006646 -0.000008680 -0.000018047 1.000000000 -0.000012114 0.000018014 -0.000006647 0.000012113 1.000000000 -0.000000524
1.000000000 0.000067114 0.000116859 -0.000075628 -0.000067093 1.000000000 -0.000176759 0.000157755 -0.000116871 0.000176751 1.000000000 0.000054852
1.000000000 -0.000002572 0.000001565 0.000000038 0.000002572 1.000000000 -0.000004053 0.000002228 -0.000001565 0.000004053 1.000000000 -0.000001255
1.000000000 0.000042625 0.000066479 -0.000035095 -0.000042620 1.000000000 -0.000085593 0.000077491 -0.000066483 0.000085590 1.000000000 0.000041794
1.000000000 -0.000042224 0.000047651 -0.000002028 0.000042231 1.000000000 -0.000128859 0.000079213 -0.000047646 0.000128861 1.000000000 0.000028403
1.000000000 0.000006736 0.000000458 -0.000007460 -0.000006736 1.000000000 -0.000015007 0.000008476 -0.000000458 0.000015007 1.000000000 0.000000370
1.000000000 0.000082606 0.000116723 -0.000089672 -0.000082583 1.000000000 -0.000193429 0.000169473 -0.000116739 0.000193420 1.000000000 0.000048451
1.000000000 0.000006737 0.000000460 -0.000007463 -0.000006737 1.000000000 -0.000015010 0.000008480 -0.000000460 0.000015010 1.000000000 0.000000371
1.000000000 0.000050818 0.000084344 -0.000075638 -0.000050802 1.000000000 -0.000187925 0.000134289 -0.000084354 0.000187921 1.000000000 0.000092391
1.000000000 0.000042755 0.000066900 -0.000035427 -0.000042749 1.000000000 -0.000085686 0.000077549 -0.000066903 0.000085683 1.000000000 0.000041749
1.000000000 0.000005596 -0.000003266 -0.000008908 -0.000005596 1.000000000 -0.000011013 -0.000002305 0.000003266 0.000011013 1.000000000 -0.000020596
1.000000000 -0.000042363 0.000047908 -0.000002266 0.000042369 1.000000000 -0.000129593 0.000079790 -0.000047903 0.000129595 1.000000000 0.000028638
1.000000000 0.000005579 0.000004918 -0.000001831 -0.000005579 1.000000000 -0.000014717 0.000010753 -0.000004918 0.000014717 1.000000000 0.000005971
1.000000000 0.000012544 -0.000000502 -0.000002375 -0.000012544 1.000000000 -0.000028061 0.000021707 0.000000501 0.000028061 1.000000000 -0.000002056
1.000000000 0.000005578 0.000004914 -0.000001829 -0.000005578 1.000000000 -0.000014714 0.000010751 -0.000004914 0.000014714 1.000000000 0.000005970
1.000000000 0.000012544 -0.000000504 -0.000002374 -0.000012544 1.000000000 -0.000028061 0.000021708 0.000000503 0.000028061 1.000000000 -0.000002059
1.000000000 0.000005278 0.000005005 -0.000002166 -0.000005278 1.000000000 -0.000014099 0.000010177 -0.000005005 0.000014099 1.000000000 0.000005585
0.999999881 0.000315408 0.000422089 -0.000203966 -0.000315246 0.999999881 -0.000385327 0.000423518 -0.000422211 0.000385194 0.999999821 0.004881641
0.999999762 0.000327676 -0.000643217 0.000196689 -0.000327713 0.999999940 -0.000058366 0.000037390 0.000643198 0.000058577 0.999999821 0.024438012
1.000000000 0.000202293 -0.000100346 0.000243847 -0.000202213 0.999999642 0.000797009 -0.000455513 0.000100508 -0.000796988 0.999999702 0.055592474
1.000000000 0.000053244 -0.000139427 0.000053214 -0.000053074 0.999999225 0.001221978 -0.000546831 0.000139492 -0.001221970 0.999999225 0.093952589
0.999999583 -0.000322641 -0.000850281 0.000575371 0.000322904 0.999999881 0.000308891 0.000168904 0.000850181 -0.000309165 0.999999583 0.137652159
0.999999940 -0.000256278 -0.000169021 -0.000378821 0.000256233 0.999999940 -0.000263504 0.000214944 0.000169088 0.000263461 0.999999940 0.187450737
0.999999821 -0.000512780 0.000389669 -0.000465803 0.000512640 0.999999821 0.000358176 -0.000597264 -0.000389852 -0.000357976 0.999999881 0.239833057
0.999999881 -0.000478721 0.000049992 -0.000393899 0.000478724 0.999999881 -0.000056030 -0.000539620 -0.000049965 0.000056054 1.000000000 0.293308467
0.999999404 -0.001062892 -0.000130343 -0.000213279 0.001062890 0.999999464 -0.000018047 -0.000815372 0.000130362 0.000017909 1.000000000 0.350199640
0.999999106 -0.001327154 -0.000051929 -0.000456349 0.001327233 0.999997914 0.001563072 -0.002457060 0.000049854 -0.001563139 0.999998748 0.407469481
0.999999642 -0.000833078 -0.000066828 -0.000258157 0.000833158 0.999998927 0.001196652 -0.002251281 0.000065831 -0.001196708 0.999999285 0.463209897
0.999998808 -0.001539760 -0.000087426 -0.000595893 0.001539815 0.999998629 0.000631736 -0.002246237 0.000086454 -0.000631870 0.999999821 0.522056580
0.999998569 -0.001667708 -0.000154094 -0.000336272 0.001667957 0.999997258 0.001629748 -0.002625593 0.000151375 -0.001630003 0.999998689 0.579748034
0.999999821 -0.000384911 -0.000517270 -0.001036363 0.000385662 0.999998868 0.001452357 -0.002468568 0.000516710 -0.001452556 0.999998808 0.640234292
0.999999821 -0.000543695 -0.000073608 -0.001401291 0.000543810 0.999998629 0.001576104 -0.002807488 0.000072751 -0.001576144 0.999998748 0.698958635
0.999999762 -0.000624873 -0.000339746 -0.001311560 0.000625544 0.999997854 0.001977596 -0.003259137 0.000338509 -0.001977808 0.999997973 0.756113946
0.999999702 -0.000485782 -0.000576902 -0.001479318 0.000486633 0.999998808 0.001476922 -0.003066373 0.000576184 -0.001477203 0.999998748 0.818578720
0.999999523 -0.000307495 -0.000942333 -0.000921437 0.000308490 0.999999404 0.001055698 -0.002691947 0.000942007 -0.001055988 0.999998987 0.873515666
0.999999642 -0.000287955 -0.000802454 -0.000667197 0.000288871 0.999999285 0.001141312 -0.003040992 0.000802125 -0.001141543 0.999999046 0.923789799
0.999999464 -0.000393588 -0.000955144 -0.000550158 0.000395560 0.999997795 0.002066134 -0.003668973 0.000954329 -0.002066511 0.999997437 0.942924857
0.999999642 0.000157229 -0.000826648 -0.000510429 -0.000156283 0.999999344 0.001144595 -0.003037296 0.000826828 -0.001144466 0.999998987 0.963324189
0.999999344 -0.000236966 -0.001113165 -0.000002081 0.000238071 0.999999464 0.000991898 -0.003144349 0.001112929 -0.000992163 0.999998868 0.978214860
0.999999046 -0.000852442 -0.001072128 -0.000137710 0.000856580 0.999992192 0.003864797 -0.004768859 0.001068825 -0.003865712 0.999991953 0.989608526
0.999999404 -0.000333375 -0.001016231 -0.000387249 0.000337131 0.999993086 0.003697750 -0.004600854 0.001014991 -0.003698091 0.999992669 0.997635901
0.999998987 -0.000133468 -0.001410375 -0.000221334 0.000138534 0.999993563 0.003592418 -0.004530929 0.001409887 -0.003592610 0.999992549 1.003315449
0.999998450 -0.000789925 -0.001567152 0.000026520 0.000795129 0.999994159 0.003322967 -0.004495172 0.001564518 -0.003324208 0.999993265 1.007431865
0.999998748 -0.000804422 -0.001376866 0.000080825 0.000808259 0.999995768 0.002788728 -0.004048684 0.001374617 -0.002789837 0.999995172 1.010346413
0.999998927 -0.000658005 -0.001309978 -0.000179782 0.000662917 0.999992728 0.003752802 -0.004446722 0.001307499 -0.003753667 0.999992073 1.012633443
0.999998629 -0.000850226 -0.001430080 -0.000037713 0.000855037 0.999993980 0.003366648 -0.004347488 0.001427209 -0.003367866 0.999993324 1.014132977
0.999999166 -0.000517039 -0.001201187 -0.000084381 0.000521737 0.999992192 0.003914241 -0.004765376 0.001199154 -0.003914865 0.999991596 1.014843941
0.999998450 -0.000664667 -0.001621504 -0.000290737 0.000670179 0.999993980 0.003401120 -0.004452393 0.001619234 -0.003402202 0.999992907 1.015818834
0.999999166 -0.000620270 -0.001157623 -0.000540272 0.000623792 0.999995172 0.003044370 -0.004108772 0.001155729 -0.003045090 0.999994695 1.016512036
0.999999523 -0.000333592 -0.000920322 -0.000811371 0.000336876 0.999993563 0.003571175 -0.004315927 0.000919124 -0.003571483 0.999993205 1.017007709
0.999998689 -0.000509701 -0.001536314 -0.000306184 0.000515481 0.999992788 0.003764178 -0.004482097 0.001534384 -0.003764965 0.999991715 1.017102718
0.999998689 -0.000774381 -0.001430899 -0.000465400 0.000779856 0.999992371 0.003829138 -0.004452071 0.001427923 -0.003830249 0.999991655 1.017232060
0.999998808 -0.000678562 -0.001405767 -0.000382336 0.000683786 0.999992847 0.003718908 -0.004410543 0.001403233 -0.003719864 0.999992073 1.017218947
0.999998629 -0.000728350 -0.001478499 -0.000174284 0.000734040 0.999992311 0.003851436 -0.004606210 0.001475682 -0.003852516 0.999991477 1.017299294
0.999998808 -0.000841332 -0.001317485 -0.000310254 0.000845890 0.999993622 0.003462990 -0.004423868 0.001314563 -0.003464100 0.999993145 1.017216086
0.999998868 -0.000518459 -0.001391811 -0.000393340 0.000524028 0.999991834 0.004003917 -0.004867763 0.001389723 -0.004004641 0.999991000 1.017314792
0.999999106 -0.000603520 -0.001203335 -0.000474106 0.000608225 0.999992132 0.003913728 -0.004755903 0.001200964 -0.003914456 0.999991596 1.017322063
0.999998569 -0.000969570 -0.001388969 -0.000286876 0.000975155 0.999991417 0.004025783 -0.005138535 0.001385054 -0.004027132 0.999990940 1.017273903
0.999998808 -0.000531595 -0.001431303 -0.000290583 0.000537005 0.999992728 0.003782517 -0.004746538 0.001429282 -0.003783281 0.999991834 1.017459512
0.999999046 -0.000486360 -0.001286017 -0.000355459 0.000491126 0.999993026 0.003708363 -0.004675389 0.001284205 -0.003708991 0.999992311 1.017476678
0.999998987 -0.000635556 -0.001291449 -0.000243836 0.000640527 0.999992371 0.003851962 -0.004823020 0.001288991 -0.003852785 0.999991775 1.017405987
0.999998927 -0.000558634 -0.001334357 -0.000254384 0.000563866 0.999992132 0.003924389 -0.004794008 0.001332154 -0.003925138 0.999991417 1.017542243
0.999999166 -0.000504746 -0.001191929 -0.000378446 0.000509159 0.999993026 0.003704756 -0.004677219 0.001190051 -0.003705360 0.999992430 1.017402887
0.999999225 -0.000222646 -0.001206729 -0.000424286 0.000227901 0.999990463 0.004356681 -0.005187069 0.001205748 -0.004356953 0.999989808 1.022666335
0.999999106 -0.000718313 -0.001121870 -0.000993358 0.000721248 0.999996305 0.002617871 -0.003971900 0.001119985 -0.002618678 0.999995947 1.043616533
0.999998271 -0.001216392 -0.001402036 -0.000457155 0.001219091 0.999997377 0.001925568 -0.003637675 0.001399690 -0.001927274 0.999997139 1.073635936
0.999999464 -0.000574139 -0.000857609 -0.001273151 0.000576161 0.999997079 0.002358920 -0.003730669 0.000856252 -0.002359413 0.999996841 1.111289382
0.999998927 -0.001260600 -0.000766977 -0.000946923 0.001262617 0.999995708 0.002634790 -0.003819298 0.000763652 -0.002635756 0.999996245 1.152104855
0.999999583 -0.000909549 -0.000178675 -0.002278101 0.000910036 0.999995828 0.002749341 -0.003585343 0.000176174 -0.002749502 0.999996185 1.186880469
1.000000000 -0.000093499 -0.000207773 -0.002665705 0.000093976 0.999997377 0.002296630 -0.003123347 0.000207558 -0.002296649 0.999997318 1.227679372
0.999999940 -0.000232150 0.000092686 -0.002542368 0.000231929 0.999997139 0.002380472 -0.002528174 -0.000093238 -0.002380450 0.999997139 1.274119973
0.999999702 -0.000063806 -0.000797103 -0.001429694 0.000064897 0.999999046 0.001368076 -0.002097132 0.000797015 -0.001368128 0.999998748 1.322125196
0.999999404 -0.000695411 -0.000834022 -0.001157834 0.000696607 0.999998748 0.001433853 -0.002064977 0.000833024 -0.001434434 0.999998629 1.372334480
0.999999285 -0.000752195 -0.000939207 -0.001536008 0.000753688 0.999998450 0.001590062 -0.002560115 0.000938010 -0.001590769 0.999998271 1.405373096
0.999998510 -0.000320732 -0.001703939 -0.000130015 0.000324507 0.999997497 0.002215502 -0.003124644 0.001703224 -0.002216051 0.999996066 1.435704947
0.999997497 -0.000994930 -0.001995226 0.000242370 0.000998291 0.999998093 0.001684106 -0.003055444 0.001993546 -0.001686094 0.999996603 1.471876860
0.999997556 -0.000521576 -0.002142428 0.000116091 0.000524671 0.999998808 0.001444307 -0.002450695 0.002141672 -0.001445427 0.999996662 1.518209815
0.999998331 -0.000459465 -0.001781493 0.000141762 0.000460983 0.999999523 0.000851972 -0.002402927 0.001781101 -0.000852791 0.999998033 1.585962772
0.999997318 -0.000459871 -0.002261464 0.000077233 0.000463939 0.999998271 0.001798963 -0.002953509 0.002260632 -0.001800007 0.999995828 1.620875239
0.999997258 -0.000712148 -0.002240352 0.000091308 0.000716432 0.999997914 0.001911995 -0.002848576 0.002238986 -0.001913595 0.999995649 1.672575235
0.999997616 -0.000106055 -0.002192018 -0.000438457 0.000111163 0.999997258 0.002330361 -0.003190313 0.002191765 -0.002330599 0.999994874 1.727160215
0.999996543 -0.000508919 -0.002579165 -0.000164012 0.000515632 0.999996483 0.002602800 -0.003417571 0.002577831 -0.002604121 0.999993265 1.782341838
0.999997139 0.000045273 -0.002394337 -0.000967906 -0.000037143 0.999994218 0.003395564 -0.004140751 0.002394477 -0.003395465 0.999991357 1.840090752
0.999997556 -0.000834132 -0.002034008 -0.001582494 0.000840714 0.999994397 0.003237218 -0.004444349 0.002031296 -0.003238920 0.999992669 1.895994306
0.999998271 -0.000390680 -0.001828222 -0.001778278 0.000396743 0.999994397 0.003317015 -0.004424066 0.001826916 -0.003317734 0.999992847 1.952939153
0.999998212 -0.000643860 -0.001775291 -0.002041776 0.000649459 0.999994814 0.003154995 -0.004604910 0.001773250 -0.003156142 0.999993443 1.996935010
0.999999940 -0.000050364 -0.000281303 -0.003369212 0.000051053 0.999997020 0.002448125 -0.004136043 0.000281179 -0.002448139 0.999996960 2.044353724
0.999998748 -0.000826858 -0.001355340 -0.002667866 0.000830839 0.999995351 0.002939279 -0.004453789 0.001352903 -0.002940401 0.999994755 2.095276833
0.999999702 -0.000053980 -0.000764387 -0.003470327 0.000056896 0.999992728 0.003814992 -0.004828046 0.000764175 -0.003815035 0.999992430 2.147786140
0.999999881 -0.000228399 -0.000455754 -0.004010272 0.000230327 0.999991000 0.004234595 -0.005221198 0.000454783 -0.004234700 0.999990940 2.204061985
0.999999821 -0.000477771 0.000271893 -0.004784043 0.000476605 0.999990761 0.004274714 -0.005335997 -0.000273933 -0.004274584 0.999990821 2.254995584
0.999999881 -0.000254847 -0.000411012 -0.004467562 0.000256771 0.999988973 0.004687575 -0.005586720 0.000409813 -0.004687680 0.999988914 2.298680782
0.999999881 -0.000078349 -0.000518090 -0.003704892 0.000080249 0.999993265 0.003667055 -0.005119477 0.000517799 -0.003667096 0.999993145 2.344801188
1.000000000 -0.000194540 -0.000054529 -0.004305432 0.000194747 0.999992728 0.003810053 -0.005099542 0.000053787 -0.003810063 0.999992728 2.396945000
0.999999881 -0.000191587 -0.000426988 -0.003847157 0.000193302 0.999991894 0.004019660 -0.005344806 0.000426214 -0.004019742 0.999991834 2.450289488
0.999999940 0.000076865 0.000306756 -0.004404637 -0.000078083 0.999992132 0.003972735 -0.005341552 -0.000306448 -0.003972759 0.999992073 2.497894526
0.999999702 0.000029186 0.000772747 -0.004682888 -0.000033165 0.999986768 0.005149190 -0.006251030 -0.000772587 -0.005149214 0.999986470 2.534587622
0.999999762 0.000266556 0.000676929 -0.004624902 -0.000270648 0.999981642 0.006052267 -0.006386777 -0.000675303 -0.006052448 0.999981463 2.567137003
0.999999404 0.000119535 0.001111522 -0.005487982 -0.000124734 0.999989033 0.004678830 -0.005431839 -0.001110951 -0.004678966 0.999988437 2.605714321
0.999999404 0.001108670 -0.000069273 -0.004380804 -0.001108310 0.999986827 0.005005966 -0.005959607 0.000074822 -0.005005886 0.999987483 2.650471449
0.999999583 0.000559581 0.000688470 -0.004646523 -0.000562630 0.999989986 0.004435339 -0.005719097 -0.000685982 -0.004435724 0.999989927 2.697410345
0.999998510 0.001656692 0.000478814 -0.004693371 -0.001659500 0.999981046 0.005924614 -0.006590550 -0.000468990 -0.005925400 0.999982357 2.750776052
0.999998689 0.001613975 -0.000253446 -0.004428096 -0.001612648 0.999985456 0.005149676 -0.005721861 0.000261754 -0.005149260 0.999986708 2.799537420
0.999999523 0.000859890 -0.000428361 -0.003665315 -0.000857401 0.999982953 0.005777334 -0.006202119 0.000433322 -0.005776965 0.999983191 2.840147972
0.999999464 0.001002176 -0.000250898 -0.003731201 -0.001000532 0.999978602 0.006466385 -0.006566074 0.000257373 -0.006466130 0.999979079 2.884880781
0.999999881 0.000298908 -0.000387332 -0.003837105 -0.000296205 0.999975741 0.006960536 -0.006460410 0.000389403 -0.006960420 0.999975681 2.935121298
0.999999523 0.000953437 -0.000190778 -0.004272279 -0.000951930 0.999969482 0.007751156 -0.006596596 0.000198162 -0.007750970 0.999969959 2.989460230
0.999999821 -0.000145922 0.000548230 -0.004102677 0.000141807 0.999971867 0.007498143 -0.006248763 -0.000549309 -0.007498064 0.999971747 3.038141012
0.999999762 0.000157255 0.000631868 -0.004205386 -0.000162168 0.999969721 0.007783462 -0.006196730 -0.000630624 -0.007783563 0.999969482 3.078876257
0.999999762 -0.000507698 0.000472939 -0.003873651 0.000504305 0.999974370 0.007145259 -0.005773104 -0.000476555 -0.007145018 0.999974370 3.125787258
0.999999642 -0.000770154 0.000347849 -0.003742674 0.000767595 0.999973118 0.007295456 -0.005513980 -0.000353458 -0.007295186 0.999973357 3.174913883
0.999999881 0.000096100 0.000433954 -0.003706029 -0.000099435 0.999970436 0.007690467 -0.005523060 -0.000433202 -0.007690509 0.999970317 3.225218296
0.999999762 -0.000409291 0.000538411 -0.003582730 0.000404965 0.999967813 0.008010736 -0.005543025 -0.000541672 -0.008010516 0.999967754 3.275206566
0.999999166 0.000275440 0.001239261 -0.004135852 -0.000286209 0.999962151 0.008698003 -0.005658513 -0.001236818 -0.008698351 0.999961376 3.313285351
0.999996662 0.000086095 0.002579181 -0.004444081 -0.000104759 0.999973834 0.007237099 -0.004708596 -0.002578491 -0.007237345 0.999970496 3.342754602
0.999997020 0.000083085 0.002436572 -0.004181391 -0.000100345 0.999974906 0.007084509 -0.004624070 -0.002435923 -0.007084733 0.999971926 3.381582022
0.999993622 -0.001006932 0.003432839 -0.004146238 0.000987164 0.999982953 0.005755294 -0.003529677 -0.003438576 -0.005751868 0.999977529 3.425206900
0.999999166 0.000580243 0.001153046 -0.003447207 -0.000591615 0.999950945 0.009886274 -0.005142578 -0.001147253 -0.009886947 0.999950469 3.476113558
0.999998987 0.000507031 0.001330873 -0.003538395 -0.000519719 0.999954283 0.009550077 -0.004451035 -0.001325969 -0.009550759 0.999953508 3.525379419
0.999995053 0.001305470 0.002862865 -0.004138054 -0.001321024 0.999984324 0.005437989 -0.002326884 -0.002855721 -0.005441744 0.999981105 3.579932928
0.999998033 0.000196439 0.001982522 -0.003161691 -0.000196563 1.000000000 0.000062458 -0.000058650 -0.001982510 -0.000062848 0.999998033 3.633006334
0.999987423 0.001493073 0.004793379 -0.004687428 -0.001535921 0.999958813 0.008947794 -0.002981369 -0.004779821 -0.008955044 0.999948502 3.691240072
0.999989986 0.002035044 0.003979705 -0.004611276 -0.001842481 0.998854995 -0.047805455 0.016069191 -0.004072435 0.047797643 0.998848736 3.735761166
0.999987006 0.003294702 0.003885886 -0.005098860 -0.002863332 0.994338632 -0.106218971 0.033144876 -0.004213846 0.106206469 0.994335175 3.780872583
0.999987006 0.003294702 0.003885886 -0.005098860 -0.002863332 0.994338632 -0.106218971 0.033144876 -0.004213846 0.106206469 0.994335175 3.780872583
0.999987006 0.003294702 0.003885886 -0.005098860 -0.002863332 0.994338632 -0.106218971 0.033144876 -0.004213846 0.106206469 0.994335175 3.780872583
0.999987006 0.003294702 0.003885886 -0.005098860 -0.002863332 0.994338632 -0.106218971 0.033144876 -0.004213846 0.106206469 0.994335175 3.780872583
0.999987006 0.003294702 0.003885886 -0.005098860 -0.002863332 0.994338632 -0.106218971 0.033144876 -0.004213846 0.106206469 0.994335175 3.780872583
0.999987006 0.003294702 0.003885886 -0.005098860 -0.002863332 0.994338632 -0.106218971 0.033144876 -0.004213846 0.106206469 0.994335175 3.780872583
0.999987006 0.003294702 0.003885886 -0.005098860 -0.002863332 0.994338632 -0.106218971 0.033144876 -0.004213846 0.106206469 0.994335175 3.780872583
0.999987006 0.003294702 0.003885886 -0.005098860 -0.002863332 0.994338632 -0.106218971 0.033144876 -0.004213846 0.106206469 0.994335175 3.780872583
0.999987006 0.003294702 0.003885886 -0.005098860 -0.002863332 0.994338632 -0.106218971 0.033144876 -0.004213846 0.106206469 0.994335175 3.780872583
0.999987006 0.003294702 0.003885886 -0.005098860 -0.002863332 0.994338632 -0.106218971 0.033144876 -0.004213846 0.106206469 0.994335175 3.780872583
0.999987006 0.003294702 0.003885886 -0.005098860 -0.002863332 0.994338632 -0.106218971 0.033144876 -0.004213846 0.106206469 0.994335175 3.780872583
0.999987006 0.003294702 0.003885886 -0.005098860 -0.002863332 0.994338632 -0.106218971 0.033144876 -0.004213846 0.106206469 0.994335175 3.780872583
0.999987006 0.003294702 0.003885886 -0.005098860 -0.002863332 0.994338632 -0.106218971 0.033144876 -0.004213846 0.106206469 0.994335175 3.780872583
0.999987006 0.003294702 0.003885886 -0.005098860 -0.002863332 0.994338632 -0.106218971 0.033144876 -0.004213846 0.106206469 0.994335175 3.780872583
0.999987006 0.003294702 0.003885886 -0.005098860 -0.002863332 0.994338632 -0.106218971 0.033144876 -0.004213846 0.106206469 0.994335175 3.780872583
0.999987006 0.003294702 0.003885886 -0.005098860 -0.002863332 0.994338632 -0.106218971 0.033144876 -0.004213846 0.106206469 0.994335175 3.780872583
0.999987006 0.003294702 0.003885886 -0.005098860 -0.002863332 0.994338632 -0.106218971 0.033144876 -0.004213846 0.106206469 0.994335175 3.780872583
0.999987006 0.003294702 0.003885886 -0.005098860 -0.002863332 0.994338632 -0.106218971 0.033144876 -0.004213846 0.106206469 0.994335175 3.780872583
0.999987006 0.003294702 0.003885886 -0.005098860 -0.002863332 0.994338632 -0.106218971 0.033144876 -0.004213846 0.106206469 0.994335175 3.780872583
0.999987006 0.003294702 0.003885886 -0.005098860 -0.002863332 0.994338632 -0.106218971 0.033144876 -0.004213846 0.106206469 0.994335175 3.780872583
0.999987006 0.003294702 0.003885886 -0.005098860 -0.002863332 0.994338632 -0.106218971 0.033144876 -0.004213846 0.106206469 0.994335175 3.780872583
0.999987006 0.003294702 0.003885886 -0.005098860 -0.002863332 0.994338632 -0.106218971 0.033144876 -0.004213846 0.106206469 0.994335175 3.780872583
0.999987006 0.003294702 0.003885886 -0.005098860 -0.002863332 0.994338632 -0.106218971 0.033144876 -0.004213846 0.106206469 0.994335175 3.780872583
0.999987006 0.003294702 0.003885886 -0.005098860 -0.002863332 0.994338632 -0.106218971 0.033144876 -0.004213846 0.106206469 0.994335175 3.780872583
0.999987006 0.003294702 0.003885886 -0.005098860 -0.002863332 0.994338632 -0.106218971 0.033144876 -0.004213846 0.106206469 0.994335175 3.780872583
0.999987006 0.003294702 0.003885886 -0.005098860 -0.002863332 0.994338632 -0.106218971 0.033144876 -0.004213846 0.106206469 0.994335175 3.780872583
0.999987006 0.003294702 0.003885886 -0.005098860 -0.002863332 0.994338632 -0.106218971 0.033144876 -0.004213846 0.106206469 0.994335175 3.780872583
0.999987006 0.003294702 0.003885886 -0.005098860 -0.002863332 0.994338632 -0.106218971 0.033144876 -0.004213846 0.106206469 0.994335175 3.780872583
0.999987006 0.003294702 0.003885886 -0.005098860 -0.002863332 0.994338632 -0.106218971 0.033144876 -0.004213846 0.106206469 0.994335175 3.780872583
0.999987006 0.003294702 0.003885886 -0.005098860 -0.002863332 0.994338632 -0.106218971 0.033144876 -0.004213846 0.106206469 0.994335175 3.780872583
1.000000000 0.000000000 0.000000000 0.000000000 0.000000000 1.000000000 0.000000000 0.000000000 0.000000000 0.000000000 1.000000000 0.000000000
0.999146879 -0.000691492 -0.041291457 -0.004816641 0.000679316 0.999999702 -0.000308915 -0.000272570 0.041291658 0.000280601 0.999147117 0.004539995
0.997999847 -0.000063017 -0.063216716 -0.007084389 0.000039825 0.999999940 -0.000368124 -0.000152564 0.063216738 0.000364870 0.997999728 0.004742901
1.000000000 0.000000000 0.000000000 0.000000000 0.000000000 1.000000000 0.000000000 0.000000000 0.000000000 0.000000000 1.000000000 0.000000000
1.000000000 0.000000000 0.000000000 0.000000000 0.000000000 1.000000000 0.000000000 0.000000000 0.000000000 0.000000000 1.000000000 0.000000000
1.000000000 0.000000000 0.000000000 0.000000000 0.000000000 1.000000000 0.000000000 0.000000000 0.000000000 0.000000000 1.000000000 0.000000000
1.000000000 0.000000000 0.000000000 0.000000000 0.000000000 1.000000000 0.000000000 0.000000000 0.000000000 0.000000000 1.000000000 0.000000000
1.000000000 0.000000000 0.000000000 0.000000000 0.000000000 1.000000000 0.000000000 0.000000000 0.000000000 0.000000000 1.000000000 0.000000000
1.000000000 0.000000000 0.000000000 0.000000000 0.000000000 1.000000000 0.000000000 0.000000000 0.000000000 0.000000000 1.000000000 0.000000000
0.999144495 0.005693725 -0.040961724 -0.008352662 -0.005496539 0.999972761 0.004924932 -0.019701248 0.040988650 -0.004695571 0.999148607 -0.039899994
0.999144495 0.005693725 -0.040961724 -0.008352662 -0.005496539 0.999972761 0.004924932 -0.019701248 0.040988650 -0.004695571 0.999148607 -0.039899994
0.999144495 0.005693725 -0.040961724 -0.008352662 -0.005496539 0.999972761 0.004924932 -0.019701248 0.040988650 -0.004695571 0.999148607 -0.039899994
0.999144495 0.005693725 -0.040961724 -0.008352662 -0.005496539 0.999972761 0.004924932 -0.019701248 0.040988650 -0.004695571 0.999148607 -0.039899994
0.999144495 0.005693725 -0.040961724 -0.008352662 -0.005496539 0.999972761 0.004924932 -0.019701248 0.040988650 -0.004695571 0.999148607 -0.039899994
0.999144495 0.005693725 -0.040961724 -0.008352662 -0.005496539 0.999972761 0.004924932 -0.019701248 0.040988650 -0.004695571 0.999148607 -0.039899994
0.999144495 0.005693725 -0.040961724 -0.008352662 -0.005496539 0.999972761 0.004924932 -0.019701248 0.040988650 -0.004695571 0.999148607 -0.039899994
0.999144495 0.005693725 -0.040961724 -0.008352662 -0.005496539 0.999972761 0.004924932 -0.019701248 0.040988650 -0.004695571 0.999148607 -0.039899994
0.999144495 0.005693725 -0.040961724 -0.008352662 -0.005496539 0.999972761 0.004924932 -0.019701248 0.040988650 -0.004695571 0.999148607 -0.039899994
0.999144495 0.005693725 -0.040961724 -0.008352662 -0.005496539 0.999972761 0.004924932 -0.019701248 0.040988650 -0.004695571 0.999148607 -0.039899994
0.999144495 0.005693725 -0.040961724 -0.008352662 -0.005496539 0.999972761 0.004924932 -0.019701248 0.040988650 -0.004695571 0.999148607 -0.039899994
0.999144495 0.005693725 -0.040961724 -0.008352662 -0.005496539 0.999972761 0.004924932 -0.019701248 0.040988650 -0.004695571 0.999148607 -0.039899994
0.999144495 0.005693725 -0.040961724 -0.008352662 -0.005496539 0.999972761 0.004924932 -0.019701248 0.040988650 -0.004695571 0.999148607 -0.039899994
0.999144495 0.005693725 -0.040961724 -0.008352662 -0.005496539 0.999972761 0.004924932 -0.019701248 0.040988650 -0.004695571 0.999148607 -0.039899994
0.999144495 0.005693725 -0.040961724 -0.008352662 -0.005496539 0.999972761 0.004924932 -0.019701248 0.040988650 -0.004695571 0.999148607 -0.039899994
0.999144495 0.005693725 -0.040961724 -0.008352662 -0.005496539 0.999972761 0.004924932 -0.019701248 0.040988650 -0.004695571 0.999148607 -0.039899994
0.999144495 0.005693725 -0.040961724 -0.008352662 -0.005496539 0.999972761 0.004924932 -0.019701248 0.040988650 -0.004695571 0.999148607 -0.039899994
0.999144495 0.005693725 -0.040961724 -0.008352662 -0.005496539 0.999972761 0.004924932 -0.019701248 0.040988650 -0.004695571 0.999148607 -0.039899994
0.999144495 0.005693725 -0.040961724 -0.008352662 -0.005496539 0.999972761 0.004924932 -0.019701248 0.040988650 -0.004695571 0.999148607 -0.039899994
0.999144495 0.005693725 -0.040961724 -0.008352662 -0.005496539 0.999972761 0.004924932 -0.019701248 0.040988650 -0.004695571 0.999148607 -0.039899994
0.999144495 0.005693725 -0.040961724 -0.008352662 -0.005496539 0.999972761 0.004924932 -0.019701248 0.040988650 -0.004695571 0.999148607 -0.039899994
0.999144495 0.005693725 -0.040961724 -0.008352662 -0.005496539 0.999972761 0.004924932 -0.019701248 0.040988650 -0.004695571 0.999148607 -0.039899994
0.999144495 0.005693725 -0.040961724 -0.008352662 -0.005496539 0.999972761 0.004924932 -0.019701248 0.040988650 -0.004695571 0.999148607 -0.039899994
0.999144495 0.005693725 -0.040961724 -0.008352662 -0.005496539 0.999972761 0.004924932 -0.019701248 0.040988650 -0.004695571 0.999148607 -0.039899994
0.999144495 0.005693725 -0.040961724 -0.008352662 -0.005496539 0.999972761 0.004924932 -0.019701248 0.040988650 -0.004695571 0.999148607 -0.039899994
0.999144495 0.005693725 -0.040961724 -0.008352662 -0.005496539 0.999972761 0.004924932 -0.019701248 0.040988650 -0.004695571 0.999148607 -0.039899994
0.999144495 0.005693725 -0.040961724 -0.008352662 -0.005496539 0.999972761 0.004924932 -0.019701248 0.040988650 -0.004695571 0.999148607 -0.039899994
0.999144495 0.005693725 -0.040961724 -0.008352662 -0.005496539 0.999972761 0.004924932 -0.019701248 0.040988650 -0.004695571 0.999148607 -0.039899994
0.999144495 0.005693725 -0.040961724 -0.008352662 -0.005496539 0.999972761 0.004924932 -0.019701248 0.040988650 -0.004695571 0.999148607 -0.039899994
0.999144495 0.005693725 -0.040961724 -0.008352662 -0.005496539 0.999972761 0.004924932 -0.019701248 0.040988650 -0.004695571 0.999148607 -0.039899994
1.000000000 0.000000000 0.000000000 0.000000000 0.000000000 1.000000000 0.000000000 0.000000000 0.000000000 0.000000000 1.000000000 0.000000000
0.999323368 0.000324896 -0.036778670 -0.002682474 -0.000321790 0.999999940 0.000090360 0.000013410 0.036778696 -0.000078464 0.999323428 0.010800391
0.996552765 0.000075458 -0.082961529 -0.006969157 -0.000103445 0.999999940 -0.000333048 0.000147348 0.082961500 0.000340482 0.996552706 0.017953906
0.991576731 -0.000123154 -0.129520446 -0.011263085 0.000086375 0.999999940 -0.000289581 0.000359816 0.129520476 0.000275954 0.991576731 0.021693310
0.984503031 0.001134504 -0.175364047 -0.017456166 -0.001147873 0.999999344 0.000025196 0.000141451 0.175363958 0.000176490 0.984503627 0.023170833
0.976449013 0.001148613 -0.215745181 -0.022598175 -0.001256293 0.999999166 -0.000361974 0.000221279 0.215744585 0.000624488 0.976449609 0.023027353
0.970960021 0.000854799 -0.239240184 -0.024349928 -0.000925976 0.999999583 -0.000185116 0.000417823 0.239239916 0.000401271 0.970960379 0.023849731
0.968295872 0.000835682 -0.249804810 -0.025524825 -0.001013698 0.999999344 -0.000583968 0.000576548 0.249804154 0.000818680 0.968296051 0.024575440
0.966825545 0.000702964 -0.255436599 -0.025372105 -0.000781281 0.999999702 -0.000205134 0.000270935 0.255436361 0.000397897 0.966825783 0.025381655
0.966062069 0.000353583 -0.258309722 -0.025433572 -0.000369911 0.999999940 -0.000014612 0.000195549 0.258309722 0.000109668 0.966062129 0.026082510
0.965663493 0.000959334 -0.259794414 -0.025702957 -0.001012181 0.999999464 -0.000069641 0.000263580 0.259794205 0.000330208 0.965663970 0.026640998
0.963403881 0.001302585 -0.268050909 -0.026857043 -0.001337375 0.999999106 0.000052795 0.000290427 0.268050730 0.000307622 0.963404775 0.026565483
0.955574930 0.001098567 -0.294746250 -0.030163575 -0.001055246 0.999999404 0.000306025 0.000094599 0.294746429 0.000018600 0.955575526 0.023761719
0.943439543 0.000712647 -0.331543893 -0.034962904 -0.000700179 0.999999762 0.000157052 0.000257749 0.331543922 0.000083971 0.943439782 0.020420039
0.927601337 0.000147515 -0.373571694 -0.039732601 -0.000300790 0.999999881 -0.000352003 0.000648681 0.373571604 0.000438885 0.927601218 0.016141361
0.909608006 0.001284976 -0.415465534 -0.046180557 -0.001277564 0.999999166 0.000295793 0.000418326 0.415465564 0.000261728 0.909608901 0.010695193
0.889522135 0.001575019 -0.456889391 -0.052913330 -0.001422285 0.999998748 0.000678201 0.000165369 0.456889898 0.000046551 0.889523268 0.009371537
0.865177274 0.001674799 -0.501463413 -0.066621199 -0.001198673 0.999998450 0.001271741 -0.000408397 0.501464784 -0.000499190 0.865177929 0.020450532
0.838673592 0.003152470 -0.544625223 -0.087580174 -0.002345462 0.999994874 0.002176500 -0.001038515 0.544629276 -0.000547975 0.838676691 0.041669857
0.811452389 0.001231013 -0.584417224 -0.110145725 -0.001238434 0.999999166 0.000386850 -0.000179347 0.584417224 0.000409852 0.811453223 0.067349106
0.780393124 0.000655583 -0.625288904 -0.139446959 -0.000729648 0.999999702 0.000137810 0.000313380 0.625288785 0.000348695 0.780393362 0.099154256
0.753950119 0.001543267 -0.656929910 -0.167322874 -0.001270801 0.999998808 0.000890726 -0.000638306 0.656930506 0.000163265 0.753951132 0.128851250
0.733863652 0.001522364 -0.679295123 -0.187409446 -0.001508843 0.999998689 0.000611040 -0.000306296 0.679295182 0.000576529 0.733864963 0.151189566
0.707531095 0.002760611 -0.706676841 -0.203685030 -0.002267192 0.999996066 0.001636521 -0.000901248 0.706678629 0.000444283 0.707534552 0.164331615
0.676031113 0.002325044 -0.736869395 -0.215693980 -0.002191272 0.999996960 0.001144936 -0.000594818 0.736869812 0.000840669 0.676034093 0.171801627
0.640165806 0.003375407 -0.768229425 -0.225221664 -0.002503492 0.999994218 0.002307563 -0.001264733 0.768232763 0.000446033 0.640170574 0.174454957
0.600344300 0.003144749 -0.799735487 -0.232684836 -0.001962597 0.999995053 0.002458937 -0.001246127 0.799739242 0.000093349 0.600347519 0.174749970
0.563489914 0.003347240 -0.826116264 -0.237965316 -0.001676426 0.999994338 0.002908273 -0.001481317 0.826121330 -0.000253860 0.563492298 0.172345072
0.520385027 0.003118704 -0.853926122 -0.241649479 -0.001194970 0.999994993 0.002923958 -0.001348288 0.853931010 -0.000501168 0.520386100 0.168383285
0.476480305 0.002475539 -0.879181683 -0.244858220 -0.001439986 0.999996901 0.002035309 -0.000775226 0.879183948 0.000296224 0.476482391 0.163046926
0.433089256 0.003316983 -0.901345015 -0.247591674 -0.001686342 0.999994457 0.002869743 -0.001334449 0.901349545 0.000277121 0.433092415 0.156934872
0.385967433 0.003085014 -0.922507286 -0.248356983 -0.001294443 0.999995232 0.002802565 -0.001408059 0.922511518 0.000112434 0.385969579 0.150435895
0.340136051 0.002987869 -0.940371573 -0.249710321 -0.001322993 0.999995470 0.002698782 -0.000831672 0.940375388 0.000326152 0.340138435 0.143358827
0.293120384 0.003773012 -0.956068099 -0.250089943 -0.001353654 0.999992847 0.003531340 -0.001566590 0.956074595 0.000259078 0.293123364 0.136737704
0.245681465 0.004178308 -0.969341755 -0.249860838 -0.001347175 0.999991238 0.003968978 -0.001551634 0.969349802 0.000330768 0.245684922 0.128281057
0.195970953 0.003110209 -0.980604827 -0.249356955 -0.000983894 0.999995112 0.002975081 -0.000788770 0.980609298 0.000381782 0.195973039 0.120910525
0.146808624 0.003080694 -0.989160240 -0.247810915 -0.001526466 0.999994636 0.002887884 -0.000654951 0.989163816 0.001085953 0.146812558 0.112952352
0.132052660 0.002515827 -0.991239548 -0.252268255 -0.001563436 0.999996066 0.002329771 -0.000128892 0.991241515 0.001242087 0.132056117 0.111840039
0.120575070 0.003359303 -0.992698610 -0.270670116 -0.002113318 0.999992847 0.003127299 -0.001305280 0.992702007 0.001720813 0.120581329 0.112864465
0.114214420 0.003049997 -0.993451416 -0.302276433 -0.001408773 0.999994755 0.002908123 -0.000839362 0.993455112 0.001067398 0.114218116 0.116360575
0.110828876 0.003949920 -0.993831635 -0.340105772 -0.001456185 0.999991655 0.003812014 -0.001142626 0.993838429 0.001024721 0.110833704 0.121010393
0.109308302 0.003478211 -0.994001806 -0.382906407 -0.000905953 0.999993801 0.003399553 -0.000698462 0.994007468 0.000528920 0.109310806 0.126232415
0.107967377 0.003226642 -0.994149208 -0.432441056 -0.001055200 0.999994516 0.003131016 -0.000041017 0.994153917 0.000710979 0.107970178 0.131945312
0.107520342 0.002619486 -0.994199455 -0.484368771 -0.001412031 0.999995947 0.002482051 0.000422151 0.994201899 0.001136969 0.107523620 0.137516499
0.107997596 0.002479570 -0.994148135 -0.538681388 -0.001289342 0.999996424 0.002354091 -0.000037795 0.994150341 0.001027561 0.108000398 0.142919362
0.107532442 0.003361194 -0.994195938 -0.593632758 -0.001309589 0.999993920 0.003239151 -0.000470217 0.994200706 0.000953674 0.107536197 0.148883045
0.107492685 0.002350847 -0.994203210 -0.668526769 -0.000866204 0.999997020 0.002270893 0.000154106 0.994205594 0.000617078 0.107494414 0.156557143
0.107004344 0.002662885 -0.994255066 -0.709528744 -0.000535362 0.999996424 0.002620645 0.000148955 0.994258463 0.000251865 0.107005417 0.161363304
0.106586576 0.003953745 -0.994295597 -0.764599919 -0.000972604 0.999992013 0.003872135 -0.001094692 0.994302988 0.000554339 0.106589556 0.168309569
0.106966734 0.003457315 -0.994256675 -0.824284375 -0.001262236 0.999993622 0.003341468 -0.000493807 0.994261920 0.000897560 0.106970370 0.174275517
0.107267559 0.003370610 -0.994224489 -0.884894311 -0.001740222 0.999993384 0.003202414 -0.000748214 0.994228661 0.001386656 0.107272744 0.181145132
0.107082307 0.004081051 -0.994241893 -0.942808092 -0.001680806 0.999990880 0.003923622 -0.001216463 0.994248867 0.001250976 0.107088208 0.187147796
0.106987417 0.003465191 -0.994254351 -1.001848936 -0.001318362 0.999993563 0.003343331 -0.000793390 0.994259536 0.000953092 0.106991291 0.193692803
0.123173177 0.003024460 -0.992380559 -1.057067037 -0.001046035 0.999995172 0.002917835 -0.000454731 0.992384613 0.000678666 0.123175740 0.201714814
0.179253280 0.003888478 -0.983795285 -1.098992229 -0.000762891 0.999992430 0.003813494 -0.001480866 0.983802676 0.000066947 0.179254889 0.215005875
0.251828432 0.004530387 -0.967761278 -1.128565431 -0.001342815 0.999989688 0.004331834 -0.001473801 0.967770934 0.000208645 0.251831949 0.229899108
0.363022566 0.002670358 -0.931776583 -1.164799690 -0.000672776 0.999996364 0.002603752 -0.000396263 0.931780159 -0.000318344 0.363023043 0.255515575
0.424977422 0.002421937 -0.905200720 -1.189167142 -0.001040898 0.999997079 0.002186887 0.000246633 0.905203342 0.000012844 0.424978673 0.273202121
0.496343195 0.001915665 -0.868124306 -1.227609038 -0.001384493 0.999998033 0.001415094 0.000807942 0.868125319 0.000499540 0.496344924 0.299195349
0.533338010 0.002428641 -0.845898807 -1.269834280 -0.001643146 0.999996960 0.001835068 0.000772641 0.845900655 0.000411223 0.533340394 0.322802246
0.551091433 0.002273635 -0.834441721 -1.313570738 -0.001102052 0.999997377 0.001996901 0.000846223 0.834444106 -0.000180877 0.551092505 0.347603738
0.560760379 0.002093432 -0.827975512 -1.358794928 -0.001398903 0.999997795 0.001580938 0.001220944 0.827977002 0.000271730 0.560762048 0.373287201
0.558372378 0.000792898 -0.829590023 -1.407285690 -0.000479970 0.999999702 0.000632717 0.001479207 0.829590261 0.000044886 0.558372617 0.400659621
0.537563443 0.002127597 -0.843220592 -1.456505418 -0.000541199 0.999997497 0.002178153 0.000573533 0.843223095 -0.000714545 0.537563264 0.425145328
0.506871998 0.001564601 -0.862019897 -1.505015850 -0.000428844 0.999998689 0.001562876 0.000791186 0.862021208 -0.000422506 0.506871998 0.448267639
0.472040415 0.001759410 -0.881575167 -1.548912644 -0.000727479 0.999998450 0.001606225 0.000757571 0.881576598 -0.000116876 0.472041011 0.467458487
0.429749608 0.001428518 -0.902947009 -1.583920240 -0.000361119 0.999998927 0.001410189 0.000530023 0.902948022 -0.000279957 0.429749668 0.480049193
0.393445969 0.002610304 -0.919344068 -1.612642050 -0.001244985 0.999996543 0.002306493 0.000084625 0.919346929 0.000237089 0.393447876 0.489069343
0.371845782 0.000986074 -0.928294003 -1.649240613 -0.000025227 0.999999464 0.001052138 0.000948019 0.928294539 -0.000367815 0.371845603 0.505453587
0.355401456 0.001693809 -0.934712291 -1.688717127 -0.000654005 0.999998569 0.001563446 0.001010791 0.934713602 0.000055655 0.355402052 0.520643115
0.323418498 0.002015710 -0.946253896 -1.735149026 -0.000570369 0.999997973 0.001935251 0.000725329 0.946255922 -0.000086182 0.323418975 0.535396338
0.285585701 0.001488797 -0.958352029 -1.781334043 -0.000747039 0.999998808 0.001330881 0.000844310 0.958352864 0.000335846 0.285586476 0.547980785
0.242465258 0.002372090 -0.970157266 -1.826882839 -0.001899785 0.999996245 0.001970246 0.000186291 0.970158279 0.001365374 0.242468894 0.557823062
0.202184200 0.002164493 -0.979345143 -1.860889673 -0.002074562 0.999996245 0.001781845 0.000626538 0.979345322 0.001671451 0.202187955 0.563960552
0.174125314 0.002102891 -0.984721303 -1.884137630 -0.001734597 0.999996841 0.001828789 0.000745154 0.984722018 0.001389656 0.174128413 0.568957329
0.135335982 0.002296938 -0.990797102 -1.899889588 -0.001931702 0.999996006 0.002054406 0.000321568 0.990797877 0.001635889 0.135339856 0.569683433
0.091469049 0.002319539 -0.995805264 -1.915798664 -0.001553655 0.999996424 0.002186592 0.000285983 0.995806754 0.001347132 0.091472328 0.569249868
0.044774771 0.001974787 -0.998995185 -1.942540288 -0.001546582 0.999996960 0.001907450 0.001018358 0.998995960 0.001459623 0.044777691 0.566934109
0.004959762 0.001673370 -0.999986470 -1.976836205 -0.002006406 0.999996603 0.001663436 0.001247370 0.999985814 0.001998128 0.004963160 0.564727783
-0.016180038 0.001828029 -0.999867439 -2.018781185 -0.002956997 0.999993861 0.001876111 0.001017261 0.999864757 0.002986961 -0.016174555 0.564038754
-0.028376460 0.001646661 -0.999596000 -2.066913128 -0.002437303 0.999995530 0.001716510 0.001141088 0.999594390 0.002485027 -0.028372288 0.564690828
-0.034084678 0.002189349 -0.999416709 -2.116152048 -0.002143284 0.999995112 0.002263712 0.000927065 0.999416828 0.002219191 -0.034079790 0.565076590
-0.037351847 0.001514343 -0.999301136 -2.170959711 -0.002525112 0.999995530 0.001609779 0.001097868 0.999299109 0.002583475 -0.037347794 0.564920187
-0.039199471 0.002342715 -0.999228597 -2.223823309 -0.003088729 0.999992192 0.002465676 0.000593369 0.999226570 0.003183000 -0.039191961 0.564752579
-0.024919629 0.002779377 -0.999685585 -2.282917738 -0.003179067 0.999990880 0.002859472 0.000261131 0.999684453 0.003249324 -0.024910569 0.565729380
0.026526511 0.001734661 -0.999646664 -2.341599941 -0.001751648 0.999997020 0.001688788 0.000581147 0.999646664 0.001706232 0.026529491 0.574168682
0.102329314 0.002615199 -0.994747281 -2.402557373 -0.001689140 0.999995530 0.002455236 -0.000267209 0.994749248 0.001429024 0.102333248 0.585360527
0.181489646 0.002666312 -0.983389378 -2.471915483 -0.001706459 0.999995649 0.002396401 -0.000352361 0.983391523 0.001243191 0.181493402 0.601754665
0.207397521 0.002299220 -0.978254080 -2.524505854 -0.001833703 0.999996424 0.001961562 -0.000455980 0.978255033 0.001387005 0.207400978 0.608529091
0.200969517 0.002905693 -0.979593277 -2.581160784 -0.002374126 0.999994099 0.002479140 -0.000785230 0.979594707 0.001827446 0.200975239 0.613167286
0.173419058 0.002288149 -0.984845459 -2.639856339 -0.002702398 0.999994636 0.001847488 -0.000642126 0.984844387 0.002341055 0.173424304 0.616467953
0.136401117 0.002290948 -0.990651190 -2.696339369 -0.003225998 0.999993026 0.001868369 -0.000619555 0.990648568 0.002940990 0.136407554 0.618138075
0.098889649 0.002602081 -0.995094955 -2.756038666 -0.001905199 0.999995232 0.002425561 -0.000992717 0.995096564 0.001655991 0.098894179 0.620975733
0.079202533 0.002290423 -0.996856034 -2.815351248 -0.001799087 0.999996066 0.002154696 -0.000471115 0.996857047 0.001622773 0.079206347 0.625789165
0.069231629 0.003043201 -0.997596145 -2.875524759 -0.002367730 0.999993026 0.002886196 -0.001301684 0.997597933 0.002162221 0.069238365 0.631684065
0.063415408 0.002674465 -0.997983694 -2.934584141 -0.001362584 0.999995708 0.002593273 -0.001145771 0.997986376 0.001195383 0.063418746 0.638291597
0.060616553 0.003230163 -0.998155892 -2.990092993 -0.001563146 0.999993861 0.003141184 -0.002301473 0.998159885 0.001369856 0.060621262 0.644465446
0.059098721 0.002481514 -0.998249114 -3.049508572 -0.001583262 0.999995887 0.002392124 -0.000955301 0.998250961 0.001439119 0.059102356 0.648195028
0.058534205 0.002385695 -0.998282671 -3.105798244 -0.002028767 0.999995351 0.002270831 -0.000973131 0.998283446 0.001892361 0.058538735 0.651994944
0.057780385 0.002654345 -0.998325765 -3.145083189 -0.001532955 0.999995530 0.002570061 -0.001272790 0.998328149 0.001381890 0.057784200 0.655679226
0.049983740 0.002484069 -0.998747051 -3.173711777 -0.001583516 0.999995828 0.002407926 -0.000808799 0.998748899 0.001461174 0.049987435 0.657236099
0.022365689 0.001756911 -0.999748409 -3.193838596 -0.001512104 0.999997377 0.001723521 0.000541284 0.999748826 0.001473176 0.022368312 0.654639244
-0.014844894 0.003066475 -0.999885142 -3.205525160 -0.001559924 0.999993980 0.003089968 -0.001069352 0.999888659 0.001605614 -0.014840007 0.649493217
-0.059503436 0.001907725 -0.998226345 -3.214684963 -0.001736852 0.999996483 0.002014640 0.000329655 0.998226643 0.001853649 -0.059499860 0.644544601
-0.105974913 0.001975094 -0.994366944 -3.223832130 -0.002213895 0.999995053 0.002222219 0.000401660 0.994366407 0.002436924 -0.105970025 0.637264252
-0.152610302 0.002072634 -0.988284409 -3.244971752 -0.002021913 0.999995053 0.002409416 0.000322512 0.988284528 0.002365926 -0.152605414 0.629114151
-0.201593518 0.002813805 -0.979465425 -3.275251865 -0.002717079 0.999990404 0.003431999 -0.000258960 0.979465723 0.003353153 -0.201583982 0.618328571
-0.250662446 0.002349933 -0.968071818 -3.312602043 -0.002047294 0.999993503 0.002957526 0.000560309 0.968072474 0.002723268 -0.250656009 0.606336832
-0.299592495 0.001912338 -0.954065323 -3.355977297 -0.001334867 0.999996185 0.002423573 0.000617232 0.954066336 0.001999635 -0.299588799 0.590026617
-0.345597744 0.001736654 -0.938381255 -3.399072409 -0.001749962 0.999995351 0.002495179 0.000801732 0.938381255 0.002504460 -0.345593095 0.573059082
-0.385568857 0.001831346 -0.922677279 -3.445739031 -0.001713742 0.999994874 0.002700947 0.000903062 0.922677517 0.002622632 -0.385563731 0.554595470
-0.406522512 0.001632821 -0.913639426 -3.495731354 -0.002241966 0.999993622 0.002784709 0.001417732 0.913638115 0.003180395 -0.406516314 0.533418655
-0.417237878 0.002198298 -0.908794701 -3.547489643 -0.001695280 0.999993443 0.003197222 0.000375453 0.908795774 0.002874664 -0.417231321 0.514867306
-0.423251152 0.001777680 -0.906010747 -3.596602678 -0.001343856 0.999995768 0.002589883 0.000384274 0.906011462 0.002313719 -0.423246980 0.496539116
-0.425593853 0.001091476 -0.904913723 -3.633258343 -0.001891716 0.999996006 0.002095862 0.000746125 0.904912412 0.002603825 -0.425590158 0.481553078
-0.427273989 0.001080748 -0.904121757 -3.660716057 -0.001361112 0.999997377 0.001838594 0.001008063 0.904121339 0.002016194 -0.427271366 0.471394539
-0.435477614 0.001182832 -0.900198936 -3.677620411 -0.001089837 0.999997735 0.001841181 0.001184911 0.900199056 0.001782863 -0.435475349 0.463760376
-0.459932685 0.001721723 -0.887952328 -3.687065840 -0.000990699 0.999996483 0.002452126 0.000871576 0.887953460 0.002007506 -0.459929347 0.455811501
-0.493369818 0.002073120 -0.869817197 -3.692591429 -0.000618847 0.999996066 0.002734405 0.001102820 0.869819403 0.001887357 -0.493366599 0.448056221
-0.531229138 0.001203850 -0.847227514 -3.694046259 -0.000837934 0.999997735 0.001946328 0.001619656 0.847227991 0.001743867 -0.531226873 0.440927029
-0.570945978 0.001554812 -0.820986331 -3.692845345 -0.001392586 0.999994934 0.002862283 0.000821235 0.820986629 0.002777502 -0.570940971 0.434916019
-0.610647321 0.000915049 -0.791902304 -3.689320564 -0.001452310 0.999996364 0.002275401 0.001644786 0.791901529 0.002539555 -0.610643744 0.427961826
-0.648922324 0.001835069 -0.760852456 -3.685305357 -0.000556394 0.999995708 0.002886391 0.000581739 0.760854483 0.002296377 -0.648918509 0.424614429
-0.684692621 0.001504349 -0.728830576 -3.680812120 -0.000885357 0.999995410 0.002895789 0.000942141 0.728831589 0.002628000 -0.684688091 0.419690132
-0.719531059 0.001196060 -0.694459498 -3.675103426 -0.000831892 0.999996305 0.002584209 0.001156653 0.694460034 0.002437133 -0.719527364 0.416146040
-0.754129171 0.001474787 -0.656724751 -3.667540312 -0.001145841 0.999993026 0.003561444 0.000162741 0.656725407 0.003438291 -0.754122138 0.413165092
-0.785656691 0.000726863 -0.618662477 -3.660368919 -0.001382826 0.999994755 0.002930977 0.000545015 0.618661344 0.003158244 -0.785651565 0.410112619
-0.813716292 0.000891745 -0.581261873 -3.653916836 -0.001189986 0.999994159 0.003200021 0.000930304 0.581261337 0.003295602 -0.813710451 0.407315731
-0.843527198 0.001813689 -0.537083864 -3.646001816 -0.000242819 0.999992907 0.003758260 0.000142970 0.537086844 0.003300607 -0.843520761 0.406248093
-0.869514346 0.000892062 -0.493907064 -3.637220621 -0.001301611 0.999990761 0.004097579 0.000052069 0.493906140 0.004205778 -0.869505167 0.404313326
-0.892565250 0.000908271 -0.450917602 -3.629229784 -0.001138476 0.999990225 0.004267799 -0.001013601 0.450917065 0.004322648 -0.892555475 0.404524565
-0.914759874 0.000087931 -0.403998405 -3.622333288 -0.001226897 0.999994755 0.002995672 0.001602413 0.403996557 0.003235984 -0.914754868 0.401597738
-0.933098674 -0.000037087 -0.359620839 -3.614267588 -0.001458644 0.999992132 0.003681577 0.001129731 0.359617859 0.003959833 -0.933091402 0.401069880
-0.950042963 0.000402837 -0.312119722 -3.606610775 -0.000988091 0.999990284 0.004298226 0.000886066 0.312118441 0.004391901 -0.950033307 0.401780128
-0.964375496 -0.000167846 -0.264537811 -3.598954439 -0.001204635 0.999992192 0.003757030 0.001315372 0.264535129 0.003941858 -0.964368224 0.401938200
-0.976636410 -0.000062539 -0.214899048 -3.591444254 -0.000797553 0.999994099 0.003333567 0.001769298 0.214897573 0.003427076 -0.976630807 0.403288782
-0.986109614 0.000001429 -0.166096196 -3.583260059 -0.000681420 0.999991536 0.004054184 0.001284350 0.166094810 0.004111050 -0.986101270 0.404374212
-0.993021131 0.000351015 -0.117937379 -3.575172424 -0.000006807 0.999995410 0.003033589 0.002523561 0.117937900 0.003013220 -0.993016601 0.404883474
-0.997757196 0.000198328 -0.066936597 -3.567476988 0.000028491 0.999996781 0.002538220 0.002982932 0.066936888 0.002530620 -0.997753978 0.406706214
-0.999850035 -0.000010116 -0.017337864 -3.559869528 -0.000060633 0.999995768 0.002913185 0.002855283 0.017337760 0.002913798 -0.999845743 0.409095109
-0.999480605 -0.000140092 0.032230299 -3.552525759 -0.000036790 0.999994874 0.003205706 0.002588868 -0.032230582 0.003202855 -0.999475479 0.412009656
-0.996577740 -0.000285898 0.082661845 -3.545030594 -0.000063728 0.999996364 0.002690321 0.003073243 -0.082662314 0.002675846 -0.996574163 0.415301383
-0.991199851 0.000856042 0.132372245 -3.538640022 0.001044856 0.999998510 0.001356935 0.004214556 -0.132370889 0.001483303 -0.991199374 0.418219090
-0.983077168 0.000701349 0.183190256 -3.531304836 0.001132216 0.999996841 0.002247436 0.003103666 -0.183188096 0.002416814 -0.983074903 0.423346639
-0.973325014 -0.000706200 0.229429826 -3.523239374 0.000136140 0.999993324 0.003655602 0.001693740 -0.229430884 0.003589323 -0.973318338 0.428878307
-0.960929990 -0.000981018 0.276790351 -3.516928673 0.000140643 0.999991834 0.004032501 0.001443444 -0.276792049 0.003913879 -0.960922003 0.433346272
-0.946181774 -0.001474130 0.323632479 -3.510385752 -0.000303216 0.999993205 0.003668428 0.001860636 -0.323635697 0.003372869 -0.946175814 0.437986135
-0.926439643 -0.000790223 0.376442999 -3.503799915 0.000625101 0.999993205 0.003637564 0.002223248 -0.376443297 0.003605298 -0.926432848 0.443481922
-0.908952475 -0.000572787 0.416899621 -3.498507500 0.000817617 0.999994695 0.003156539 0.002033152 -0.416899204 0.003210008 -0.908947110 0.448914051
-0.886920214 -0.002742007 0.461914957 -3.492110252 -0.000567449 0.999988079 0.004846549 0.001273601 -0.461922765 0.004036388 -0.886911154 0.454952002
-0.862753749 -0.000776094 0.505623877 -3.488160133 0.001047314 0.999993920 0.003321962 0.001572751 -0.505623400 0.003395583 -0.862747669 0.461658239
-0.835497975 -0.001314014 0.549492180 -3.481943846 0.000962915 0.999992132 0.003855410 0.001180229 -0.549492896 0.003750301 -0.835490108 0.468298674
-0.807425261 -0.002447132 0.589965165 -3.476947308 0.000322646 0.999989390 0.004589455 0.000637301 -0.589970112 0.003895991 -0.807415843 0.475373507
-0.777502894 -0.002067356 0.628876150 -3.473484278 0.000699195 0.999991119 0.004151793 0.001056090 -0.628879189 0.003667738 -0.777494550 0.481316566
-0.732740164 -0.003504193 0.680499732 -3.468441010 -0.000117546 0.999987364 0.005022806 0.000408456 -0.680508733 0.003600421 -0.732731342 0.492150784
-0.710668445 -0.003941515 0.703516424 -3.465843678 -0.000349720 0.999986172 0.005249240 0.000207743 -0.703527391 0.003484434 -0.710659981 0.497189522
-0.674386263 -0.003825712 0.738368988 -3.462594509 0.000288410 0.999985158 0.005444643 0.000229813 -0.738378823 0.003884745 -0.674375176 0.504451275
-0.637706041 -0.005870904 0.770257771 -3.460276842 -0.001244312 0.999977529 0.006591648 -0.000741109 -0.770279169 0.003245091 -0.637699008 0.512279987
-0.598719716 -0.004442447 0.800946295 -3.457251310 0.000014870 0.999984562 0.005557529 0.000202501 -0.800958633 0.003339312 -0.598710418 0.519556999
-0.557883859 -0.004317971 0.829908013 -3.455556631 0.000736373 0.999983490 0.005697874 0.000082674 -0.829918921 0.003789873 -0.557871461 0.526995659
-0.515244722 -0.002631796 0.857039213 -3.453698635 0.000630513 0.999993861 0.003449840 0.001723458 -0.857043028 0.002317886 -0.515239954 0.535311222
-0.471871853 -0.005469952 0.881650388 -3.452448845 0.000191736 0.999980092 0.006306716 -0.000295796 -0.881667316 0.003145004 -0.471861482 0.543325901
-0.426936150 -0.005258418 0.904266536 -3.451756001 0.000732294 0.999980748 0.006160750 -0.000003269 -0.904281497 0.003292436 -0.426924109 0.550892830
-0.381649613 -0.006053668 0.924287200 -3.451558352 0.000770865 0.999976099 0.006867696 -0.000596318 -0.924306691 0.003333554 -0.381635785 0.559428215
-0.335061073 -0.005274419 0.942181706 -3.451305151 0.001353737 0.999980628 0.006079402 0.000011178 -0.942195475 0.003312437 -0.335047364 0.567253590
-0.287560940 -0.006171240 0.957742572 -3.451633453 0.001626776 0.999974668 0.006931801 -0.000717200 -0.957761049 0.003551347 -0.287543654 0.575895548
-0.220958829 -0.005334222 0.975268543 -3.453378916 0.001182915 0.999982834 0.005737401 -0.000133043 -0.975282371 0.002421389 -0.220948815 0.586548805
-0.192986846 -0.006400139 0.981180668 -3.453360558 0.000971401 0.999976993 0.006713810 -0.000339150 -0.981201053 0.002248795 -0.192976236 0.590943336
-0.149484515 -0.006088990 0.988745391 -3.455928564 0.001652654 0.999978125 0.006408024 -0.000831957 -0.988762796 0.002591954 -0.149471164 0.597661257
-0.125917673 -0.004999085 0.992028177 -3.456614971 0.001359263 0.999985516 0.005211715 -0.000101160 -0.992039859 0.002004674 -0.125909090 0.601707697
-0.114170551 -0.005967569 0.993443310 -3.456939936 0.001866585 0.999978900 0.006221344 -0.000427684 -0.993459463 0.002564641 -0.114157081 0.602885485
-0.108723402 -0.006818617 0.994048655 -3.457655430 0.001462197 0.999974310 0.007019191 -0.000950739 -0.994071007 0.002216645 -0.108710647 0.604135036
-0.105080009 -0.005402484 0.994449198 -3.457519531 0.001487725 0.999983251 0.005589752 -0.000025171 -0.994462729 0.002066837 -0.105070233 0.604068279
-0.103271604 -0.006319175 0.994633317 -3.457610130 0.001547292 0.999977589 0.006513783 -0.000484910 -0.994652152 0.002211675 -0.103259444 0.604086637
-0.102616072 -0.006317898 0.994701147 -3.457235813 0.001831978 0.999976933 0.006540400 -0.000644209 -0.994719565 0.002493419 -0.102602124 0.604240894
-0.102271795 -0.005213622 0.994742930 -3.457651854 0.001528235 0.999984264 0.005398214 -0.000235805 -0.994755447 0.002072285 -0.102262259 0.604392052
-0.101724148 -0.005469170 0.994797766 -3.457659245 0.001513616 0.999982893 0.005652454 -0.000055700 -0.994811654 0.002080731 -0.101714134 0.604197264
-0.102138400 -0.005896809 0.994752824 -3.457661629 0.001558675 0.999980271 0.006087837 -0.000374883 -0.994769096 0.002172297 -0.102127194 0.604513645
-0.102110147 -0.006081868 0.994754612 -3.457615376 0.001761102 0.999978662 0.006294582 -0.000435665 -0.994771659 0.002394604 -0.102097273 0.604447365
-0.101918936 -0.006065237 0.994774342 -3.457643270 0.002026041 0.999978065 0.006304541 -0.000485977 -0.994790792 0.002658004 -0.101904392 0.604253292
-0.101891518 -0.005966062 0.994777620 -3.457690477 0.001926994 0.999978960 0.006194632 -0.000466261 -0.994793653 0.002548111 -0.101877928 0.604281425
-0.101988554 -0.006003017 0.994767547 -3.457702398 0.001956600 0.999978662 0.006235064 -0.000478630 -0.994783700 0.002582267 -0.101974607 0.604333401
-0.101945519 -0.005973704 0.994772255 -3.457651138 0.001676320 0.999979496 0.006176766 -0.000402013 -0.994788766 0.002297248 -0.101933360 0.604397297
-0.102012753 -0.005926847 0.994765580 -3.457666874 0.001955848 0.999979138 0.006158480 -0.000434364 -0.994781315 0.002573853 -0.101999044 0.604334831
-0.102057457 -0.006077277 0.994760036 -3.457683086 0.002003988 0.999978065 0.006314755 -0.000529798 -0.994776607 0.002637953 -0.102043033 0.604368448
-0.101476908 -0.006051966 0.994819582 -3.457653522 0.002176849 0.999977767 0.006305396 -0.000475804 -0.994835615 0.002805423 -0.101461530 0.603977203
-0.102058530 -0.005729647 0.994761884 -3.457710981 0.001767063 0.999980807 0.005941000 -0.000348298 -0.994776845 0.002364137 -0.102046490 0.604421854
-0.102064610 -0.005895467 0.994760454 -3.457689524 0.001933969 0.999979377 0.006124828 -0.000427600 -0.994776070 0.002548962 -0.102051139 0.604378700
-0.102035880 -0.006075666 0.994762242 -3.457638741 0.002087701 0.999977827 0.006321663 -0.000502036 -0.994778633 0.002721802 -0.102020860 0.604297161
-0.101482987 -0.006033982 0.994818985 -3.457635641 0.002241630 0.999977708 0.006293944 -0.000490106 -0.994834721 0.002868744 -0.101467133 0.603954077
-0.102099299 -0.006043774 0.994755983 -3.457654715 0.002000585 0.999978304 0.006280839 -0.000494438 -0.994772315 0.002631363 -0.102084994 0.604388475
-0.102056861 -0.006036341 0.994760454 -3.457659245 0.001987041 0.999978364 0.006271864 -0.000481416 -0.994776785 0.002616715 -0.102042675 0.604361296
-0.101524949 -0.006039043 0.994814694 -3.457615614 0.002220291 0.999977708 0.006296976 -0.000485132 -0.994830549 0.002848078 -0.101509333 0.603985548
-0.101537585 -0.006030233 0.994813561 -3.457618475 0.002224151 0.999977767 0.006288549 -0.000478382 -0.994829357 0.002851138 -0.101521969 0.603993416
-0.102076173 -0.006048600 0.994758189 -3.457647800 0.002049994 0.999978125 0.006290698 -0.000494357 -0.994774461 0.002681380 -0.102061510 0.604335785
-0.101926804 -0.006140180 0.994772971 -3.457635880 0.002100969 0.999977410 0.006387575 -0.000563473 -0.994789720 0.002741052 -0.101911545 0.604269028
-0.101971388 -0.006284872 0.994767606 -3.457598209 0.001997156 0.999976754 0.006522507 -0.000596129 -0.994785428 0.002651814 -0.101956487 0.604307175
-0.101935148 -0.006306758 0.994771183 -3.457597494 0.002010128 0.999976575 0.006545740 -0.000603329 -0.994789124 0.002666857 -0.101920009 0.604286432
-0.102074385 -0.006080446 0.994758308 -3.457636118 0.002004717 0.999978006 0.006318060 -0.000501690 -0.994774878 0.002639120 -0.102059960 0.604353666
-0.101837873 -0.006355628 0.994780719 -3.457581043 0.002012467 0.999976218 0.006594842 -0.000619972 -0.994798958 0.002673567 -0.101822615 0.604232073
-0.101867199 -0.006166794 0.994778991 -3.457621574 0.002091629 0.999977231 0.006413206 -0.000572723 -0.994795859 0.002734003 -0.101852059 0.604235649
-0.101442695 -0.006097522 0.994822800 -3.457607985 0.002249515 0.999977231 0.006358500 -0.000500622 -0.994838953 0.002882891 -0.101426601 0.603937149
-0.101876020 -0.006329074 0.994777143 -3.457583904 0.001994971 0.999976456 0.006566461 -0.000610513 -0.994795263 0.002653515 -0.101861000 0.604255199
-0.102087259 -0.006057132 0.994757116 -3.457650900 0.002064694 0.999978006 0.006300813 -0.000485355 -0.994773448 0.002697102 -0.102072477 0.604351282
-0.101951003 -0.006297186 0.994769573 -3.457596540 0.002007346 0.999976635 0.006535876 -0.000602594 -0.994787455 0.002663186 -0.101935983 0.604293346
-0.101970315 -0.006290337 0.994767666 -3.457600594 0.002006247 0.999976695 0.006528930 -0.000597537 -0.994785547 0.002661506 -0.101955295 0.604305029
-0.101941228 -0.006130369 0.994771600 -3.457635641 0.002087173 0.999977469 0.006376338 -0.000561796 -0.994788289 0.002726272 -0.101926088 0.604277849
-0.102084517 -0.006088366 0.994757235 -3.457640409 0.002019933 0.999977946 0.006327610 -0.000492550 -0.994773805 0.002655293 -0.102069855 0.604368448
-0.101851583 -0.006344723 0.994779348 -3.457581520 0.002011089 0.999976277 0.006583776 -0.000618453 -0.994797587 0.002671157 -0.101836443 0.604236126
-0.101538301 -0.006029031 0.994813323 -3.457623243 0.002212903 0.999977767 0.006286195 -0.000473734 -0.994829178 0.002839714 -0.101522684 0.604001045
-0.101851583 -0.006344720 0.994779348 -3.457581520 0.002011088 0.999976277 0.006583774 -0.000618448 -0.994797587 0.002671157 -0.101836443 0.604236126
-0.101538301 -0.006029035 0.994813323 -3.457623243 0.002212901 0.999977767 0.006286199 -0.000473737 -0.994829178 0.002839713 -0.101522684 0.604001045
-0.101425767 -0.006149927 0.994824171 -3.457623243 0.002249797 0.999976933 0.006411155 -0.000537862 -0.994840622 0.002888407 -0.101409554 0.603939533
-0.102094173 -0.006071334 0.994756222 -3.457648039 0.002055225 0.999977946 0.006314137 -0.000489957 -0.994772613 0.002689085 -0.102079511 0.604355097
-0.101940870 -0.006155110 0.994771421 -3.457632780 0.002079566 0.999977350 0.006400429 -0.000571989 -0.994788289 0.002721159 -0.101925850 0.604279995
-0.101977825 -0.006306566 0.994766712 -3.457596540 0.001996308 0.999976575 0.006544246 -0.000603299 -0.994784713 0.002653229 -0.101962805 0.604310274
-0.102081656 -0.006100092 0.994757414 -3.457638741 0.002008301 0.999977887 0.006338196 -0.000493823 -0.994774044 0.002644785 -0.102067113 0.604360104
-0.101519585 -0.006058599 0.994815230 -3.457619190 0.002208354 0.999977648 0.006315399 -0.000485600 -0.994831204 0.002838040 -0.101503849 0.603991032
-0.101542711 -0.006045255 0.994812965 -3.457619905 0.002202536 0.999977708 0.006301458 -0.000482365 -0.994828939 0.002830977 -0.101527095 0.604004860
-0.101447940 -0.006111563 0.994822145 -3.457604647 0.002241325 0.999977171 0.006371794 -0.000505441 -0.994838357 0.002876125 -0.101431966 0.603941679
-0.101542473 -0.006045095 0.994812906 -3.457619667 0.002202410 0.999977708 0.006301284 -0.000482257 -0.994828820 0.002830833 -0.101526856 0.604003906
-0.101519823 -0.006058291 0.994815111 -3.457618952 0.002208285 0.999977648 0.006315083 -0.000485374 -0.994831145 0.002837941 -0.101504087 0.603991270
-0.101542711 -0.006044994 0.994812906 -3.457620144 0.002202442 0.999977708 0.006301186 -0.000482163 -0.994828820 0.002830856 -0.101527095 0.604003429
-0.101447940 -0.006111488 0.994822145 -3.457604170 0.002241271 0.999977171 0.006371713 -0.000505365 -0.994838357 0.002876063 -0.101431966 0.603941679
-0.101877213 -0.006356328 0.994776726 -3.457579851 0.001998282 0.999976277 0.006594199 -0.000622775 -0.994795024 0.002659642 -0.101862073 0.604254007
-0.101519823 -0.006058636 0.994815111 -3.457618713 0.002208308 0.999977648 0.006315432 -0.000485589 -0.994831145 0.002837998 -0.101504087 0.603991270
-0.102096200 -0.006081808 0.994756162 -3.457643509 0.002032812 0.999977946 0.006322370 -0.000515753 -0.994772673 0.002667641 -0.102081537 0.604362726
-0.102087736 -0.006134728 0.994756460 -3.457629442 0.002021143 0.999977648 0.006374349 -0.000530664 -0.994773328 0.002661288 -0.102073073 0.604369640
-0.102113247 -0.006124171 0.994754016 -3.457633495 0.002011862 0.999977708 0.006362852 -0.000530348 -0.994770825 0.002651038 -0.102098584 0.604386330
-0.101950645 -0.006150974 0.994770586 -3.457635880 0.002063655 0.999977410 0.006394667 -0.000569277 -0.994787455 0.002704802 -0.101935625 0.604293346
-0.101985335 -0.006306593 0.994766057 -3.457598209 0.001976134 0.999976635 0.006542224 -0.000607912 -0.994784057 0.002633002 -0.101970553 0.604322195
-0.101950645 -0.006150971 0.994770586 -3.457635880 0.002063653 0.999977410 0.006394663 -0.000569277 -0.994787455 0.002704800 -0.101935625 0.604293346
-0.101985574 -0.006306906 0.994766057 -3.457597256 0.001976321 0.999976635 0.006542559 -0.000608181 -0.994784057 0.002633223 -0.101970792 0.604322433
-0.101950645 -0.006150972 0.994770586 -3.457635880 0.002063654 0.999977410 0.006394664 -0.000569277 -0.994787455 0.002704801 -0.101935625 0.604293346
-0.101985216 -0.006307288 0.994766057 -3.457597733 0.001976305 0.999976635 0.006542940 -0.000608440 -0.994784057 0.002633243 -0.101970434 0.604322195
-0.102052450 -0.006104878 0.994760394 -3.457644701 0.002096054 0.999977648 0.006351931 -0.000499714 -0.994776964 0.002733300 -0.102037430 0.604317665
-0.101511121 -0.006062597 0.994816005 -3.457616091 0.002223353 0.999977529 0.006320924 -0.000488201 -0.994831979 0.002853471 -0.101495385 0.603978634
-0.101535797 -0.006044009 0.994813502 -3.457618713 0.002221530 0.999977648 0.006302124 -0.000476860 -0.994829416 0.002849900 -0.101520181 0.603992701
-0.102100134 -0.006113365 0.994755447 -3.457641602 0.002033647 0.999977767 0.006354190 -0.000503014 -0.994772136 0.002671745 -0.102085471 0.604366541
-0.102075338 -0.006123596 0.994758010 -3.457637072 0.002042898 0.999977648 0.006365356 -0.000503122 -0.994774759 0.002681933 -0.102060556 0.604351997
-0.101518869 -0.006061061 0.994815171 -3.457617760 0.002206562 0.999977589 0.006317689 -0.000489494 -0.994831204 0.002836486 -0.101503134 0.603990078
-0.102079391 -0.006090997 0.994757712 -3.457647324 0.002088295 0.999977767 0.006337256 -0.000494834 -0.994774163 0.002724250 -0.102064371 0.604335308
-0.101941109 -0.006154741 0.994771481 -3.457632303 0.002079661 0.999977350 0.006400067 -0.000571742 -0.994788349 0.002721217 -0.101926088 0.604280233
-0.101968288 -0.006137222 0.994768798 -3.457635880 0.002076322 0.999977469 0.006382189 -0.000561138 -0.994785607 0.002716240 -0.101953149 0.604295731
-0.102075100 -0.006124957 0.994757950 -3.457635403 0.002040424 0.999977648 0.006366471 -0.000506065 -0.994774699 0.002679586 -0.102060318 0.604351282
-0.102101922 -0.006110079 0.994755268 -3.457641363 0.002035337 0.999977767 0.006351065 -0.000498373 -0.994771957 0.002673117 -0.102087259 0.604367971
-0.101949692 -0.006153441 0.994770706 -3.457633972 0.002061590 0.999977410 0.006396933 -0.000573230 -0.994787633 0.002702973 -0.101934671 0.604293108
-0.101976991 -0.006135825 0.994767904 -3.457637310 0.002058429 0.999977529 0.006378975 -0.000562572 -0.994784713 0.002698167 -0.101962090 0.604309320
-0.101877213 -0.006200908 0.994777799 -3.457621813 0.002097527 0.999976993 0.006448129 -0.000590496 -0.994794905 0.002743489 -0.101861835 0.604242563
-0.101976991 -0.006135841 0.994767904 -3.457637310 0.002058429 0.999977529 0.006378992 -0.000562581 -0.994784713 0.002698169 -0.101962090 0.604309320
-0.102054238 -0.006113742 0.994760096 -3.457639694 0.002072643 0.999977648 0.006358444 -0.000524189 -0.994776726 0.002710687 -0.102039218 0.604321957
-0.102103353 -0.006117337 0.994755030 -3.457636833 0.002015023 0.999977767 0.006356280 -0.000519657 -0.994771838 0.002653452 -0.102088809 0.604373693
-0.101949692 -0.006153441 0.994770706 -3.457633972 0.002061590 0.999977410 0.006396933 -0.000573230 -0.994787633 0.002702973 -0.101934671 0.604293108
-0.101986289 -0.006304614 0.994765937 -3.457598686 0.001978290 0.999976635 0.006540459 -0.000604367 -0.994783938 0.002634972 -0.101971507 0.604323149
-0.101949692 -0.006153395 0.994770706 -3.457634211 0.002061578 0.999977410 0.006396885 -0.000573198 -0.994787633 0.002702956 -0.101934671 0.604293108
-0.102053285 -0.006103442 0.994760275 -3.457643986 0.002094974 0.999977648 0.006350379 -0.000498392 -0.994776785 0.002732073 -0.102038264 0.604316711
-0.101511121 -0.006062597 0.994816005 -3.457616091 0.002223353 0.999977529 0.006320924 -0.000488201 -0.994831979 0.002853471 -0.101495385 0.603978634
-0.101535797 -0.006044010 0.994813502 -3.457618713 0.002221530 0.999977648 0.006302125 -0.000476859 -0.994829416 0.002849900 -0.101520181 0.603992701
-0.101418138 -0.006151415 0.994824886 -3.457620382 0.002266993 0.999976873 0.006414383 -0.000536450 -0.994841337 0.002905796 -0.101401925 0.603928328
-0.101534009 -0.006047320 0.994813859 -3.457620382 0.002223111 0.999977648 0.006305608 -0.000479887 -0.994829774 0.002851813 -0.101518273 0.603993654
-0.101441383 -0.006112601 0.994822919 -3.457600117 0.002254950 0.999977171 0.006374207 -0.000505211 -0.994839132 0.002889883 -0.101425290 0.603929520
-0.101512790 -0.006082952 0.994815707 -3.457639217 0.002233443 0.999977410 0.006342419 -0.000508256 -0.994831800 0.002865701 -0.101496935 0.603992224
-0.101845384 -0.006370461 0.994779944 -3.457574129 0.002019546 0.999976099 0.006610498 -0.000625658 -0.994798303 0.002682252 -0.101830125 0.604227304
-0.101868033 -0.006358974 0.994777679 -3.457580566 0.002019986 0.999976158 0.006599057 -0.000620721 -0.994795918 0.002681669 -0.101852775 0.604242325
-0.101513028 -0.006059596 0.994815826 -3.457613707 0.002221839 0.999977589 0.006317758 -0.000485368 -0.994831800 0.002851655 -0.101497293 0.603978395
-0.101534009 -0.006047321 0.994813859 -3.457620382 0.002223112 0.999977648 0.006305610 -0.000479888 -0.994829774 0.002851814 -0.101518273 0.603993654
-0.101441383 -0.006112601 0.994822919 -3.457600117 0.002254949 0.999977171 0.006374206 -0.000505215 -0.994839132 0.002889883 -0.101425290 0.603929520
-0.101512790 -0.006082952 0.994815707 -3.457639217 0.002233443 0.999977410 0.006342418 -0.000508256 -0.994831800 0.002865701 -0.101496935 0.603992224
-0.101439476 -0.006115623 0.994822979 -3.457601547 0.002256503 0.999977112 0.006377398 -0.000508052 -0.994839251 0.002891740 -0.101423264 0.603929043
-0.101535797 -0.006044175 0.994813681 -3.457618713 0.002221567 0.999977648 0.006302294 -0.000476966 -0.994829595 0.002849952 -0.101520181 0.603993177
-0.101418138 -0.006151413 0.994824886 -3.457620382 0.002266993 0.999976873 0.006414380 -0.000536452 -0.994841337 0.002905796 -0.101401925 0.603928328
-0.101870656 -0.006356143 0.994777441 -3.457579374 0.002017947 0.999976218 0.006596010 -0.000618046 -0.994795740 0.002679346 -0.101855397 0.604242563
-0.101511121 -0.006062600 0.994816005 -3.457616091 0.002223355 0.999977529 0.006320927 -0.000488208 -0.994831979 0.002853473 -0.101495385 0.603978634
-0.101535797 -0.006043933 0.994813502 -3.457618713 0.002221506 0.999977648 0.006302046 -0.000476811 -0.994829416 0.002849867 -0.101520181 0.603992224
-0.101418138 -0.006151416 0.994824886 -3.457620382 0.002266993 0.999976873 0.006414383 -0.000536453 -0.994841337 0.002905796 -0.101401925 0.603928328
-0.101870656 -0.006355881 0.994777441 -3.457579374 0.002018058 0.999976218 0.006595758 -0.000617892 -0.994795740 0.002679432 -0.101855397 0.604243040
-0.101511359 -0.006062790 0.994816005 -3.457615852 0.002223461 0.999977529 0.006321130 -0.000488294 -0.994831979 0.002853601 -0.101495624 0.603978634
-0.102102399 -0.006081342 0.994755387 -3.457643509 0.002004696 0.999978006 0.006319033 -0.000482670 -0.994771957 0.002639370 -0.102087975 0.604370356
