1 0 0 6.93889e-18 0 1 5.61669e-28 3.46945e-18 0 -1.05392e-27 1 0
1 5.10981e-05 2.60127e-08 2.6274e-06 -5.10981e-05 1 -1.07469e-11 -3.30846e-06 -2.60127e-08 9.4177e-12 1 1.5641e-09
1 -5.25482e-05 -2.67538e-08 -2.70429e-06 5.25482e-05 1 -1.33553e-11 -9.7081e-06 2.67538e-08 1.19494e-11 1 -1.59854e-09
1 -4.51918e-11 1.89925e-11 -1.50847e-09 4.51918e-11 1 1.682e-12 -1.11314e-13 -1.89925e-11 -1.682e-12 1 1.07062e-11
1 -3.85738e-11 1.95879e-11 -2.38775e-09 3.85738e-11 1 -1.16145e-11 -4.55302e-11 -1.95879e-11 1.16145e-11 1 1.49967e-11
1 3.24393e-05 1.64394e-08 1.66049e-06 -3.24393e-05 1 2.17076e-12 -2.10042e-06 -1.64394e-08 -2.70404e-12 1 1.00266e-09
1 1.10141e-05 5.61818e-09 5.61952e-07 -1.10141e-05 1 1.57307e-12 -7.13166e-07 -5.61818e-09 -1.63495e-12 1 3.57017e-10
1 -5.25482e-05 -2.67538e-08 -2.70893e-06 5.25482e-05 1 -1.33553e-11 -9.7081e-06 2.67538e-08 1.19494e-11 1 -1.58031e-09
1 -3.4541e-05 -1.75003e-08 -1.77911e-06 3.4541e-05 1 5.16437e-12 -6.38139e-06 1.75003e-08 -5.76885e-12 1 -1.02352e-09
1 2.15865e-05 1.09997e-08 1.10285e-06 -2.15865e-05 1 -1.45266e-11 -1.39765e-06 -1.09997e-08 1.42892e-11 1 6.91806e-10
1 3.24393e-05 1.64394e-08 1.65585e-06 -3.24393e-05 1 2.1708e-12 -2.10042e-06 -1.64394e-08 -2.70409e-12 1 1.02089e-09
1 1.10141e-05 5.61821e-09 5.57315e-07 -1.10141e-05 1 1.57307e-12 -7.13166e-07 -5.61821e-09 -1.63495e-12 1 3.75244e-10
1 -1.96533e-05 -1.00109e-08 -1.02167e-06 1.96533e-05 1 -1.47349e-11 -3.63087e-06 1.00109e-08 1.45381e-11 1 -5.58461e-10
1 2.05068e-05 1.04396e-08 1.04315e-06 -2.05068e-05 1 7.37839e-12 -1.32779e-06 -1.04396e-08 -7.59247e-12 1 6.71372e-10
1 -1.28973e-05 -6.53122e-09 -6.74079e-07 1.28973e-05 1 6.94134e-12 -7.25702e-06 6.53122e-09 -7.02557e-12 1 -3.43279e-10
1 3.43191e-05 1.74169e-08 1.7491e-06 -3.43191e-05 1 5.11066e-12 -2.22212e-06 -1.74169e-08 -5.7084e-12 1 1.09689e-09
1 3.44071e-05 1.74624e-08 1.75266e-06 -3.44071e-05 1 5.13199e-12 -2.22782e-06 -1.74624e-08 -5.73282e-12 1 1.10355e-09
1 1.12589e-05 5.75666e-09 5.65296e-07 -1.12589e-05 1 -1.49565e-11 -7.28966e-07 -5.75666e-09 1.48917e-11 1 4.05129e-10
1 4.32443e-05 2.1934e-08 2.20419e-06 -4.32443e-05 1 1.96353e-12 -2.80003e-06 -2.1934e-08 -2.91205e-12 1 1.37843e-09
1 -1.28973e-05 -6.53118e-09 -6.78717e-07 1.28973e-05 1 6.94124e-12 -7.25702e-06 6.53118e-09 -7.02548e-12 1 -3.25052e-10
1 3.43191e-05 1.7417e-08 1.74446e-06 -3.43191e-05 1 5.11064e-12 -2.22212e-06 -1.7417e-08 -5.70837e-12 1 1.11512e-09
1 -1.9512e-05 -9.93983e-09 -1.02273e-06 1.9512e-05 1 -1.47374e-11 -3.60477e-06 9.93983e-09 1.45434e-11 1 -5.21675e-10
1 3.32666e-06 1.69979e-09 1.51188e-07 -3.32666e-06 1 -3.8908e-12 6.14598e-07 -1.69979e-09 3.88514e-12 1 1.81516e-10
1 2.00993e-05 1.02665e-08 1.01482e-06 -2.00993e-05 1 -1.47269e-11 -1.30136e-06 -1.02665e-08 1.45205e-11 1 6.97855e-10
1 3.40802e-05 1.72947e-08 1.7285e-06 -3.40802e-05 1 5.07867e-12 -2.20665e-06 -1.72947e-08 -5.66808e-12 1 1.12209e-09
1 1.98336e-06 1.03143e-09 8.07179e-08 -1.98336e-06 1 1.58738e-11 -9.44353e-06 -1.03143e-09 -1.58759e-11 1 1.48981e-10
1 -3.49239e-05 -1.76967e-08 -1.81542e-06 3.49239e-05 1 3.81204e-12 -6.45213e-06 1.76967e-08 -4.43007e-12 1 -9.70186e-10
1 -1.96533e-05 -1.00108e-08 -1.03558e-06 1.96533e-05 1 -1.47349e-11 -3.63087e-06 1.00108e-08 1.45382e-11 1 -5.03779e-10
1 4.32443e-05 2.1934e-08 2.19492e-06 -4.32443e-05 1 1.96353e-12 -2.80003e-06 -2.1934e-08 -2.91205e-12 1 1.41488e-09
1 -3.67242e-06 -1.84927e-09 -2.14536e-07 3.67242e-06 1 -3.60564e-12 2.37775e-07 1.84927e-09 3.59885e-12 1 -6.06856e-12
1 -3.54148e-06 -1.78126e-09 -2.08735e-07 3.54148e-06 1 -3.70132e-12 2.29296e-07 1.78126e-09 3.69501e-12 1 1.94497e-12
1 -4.80941e-05 -2.44075e-08 -2.49853e-06 4.80941e-05 1 -5.68094e-12 -8.88528e-06 2.44075e-08 4.50708e-12 1 -1.35094e-09
1 -1.13712e-10 3.81707e-11 -2.78465e-08 1.13712e-10 1 -7.68258e-12 -2.88969e-11 -3.81707e-11 7.68258e-12 1 1.19538e-10
1 2.09176e-07 1.25897e-10 -1.90194e-08 -2.09176e-07 1 8.24774e-12 -1.35247e-08 -1.25897e-10 -8.24776e-12 1 0.00102525
1 -5.02759e-05 -2.5585e-08 -2.61683e-06 5.02759e-05 1 -9.39805e-12 -9.28833e-06 2.5585e-08 8.11174e-12 1 0.00969618
1 4.88992e-18 3.66772e-11 -3.60223e-08 -4.88992e-18 1 2.70555e-17 2.34559e-13 -3.66772e-11 -2.70555e-17 1 0.0274098
1 -2.62504e-06 -1.28327e-09 -1.69189e-07 2.62504e-06 1 -8.15536e-12 -4.84969e-07 1.28327e-09 8.15199e-12 1 0.0513316
1 -4.77661e-05 -2.41647e-08 -2.49248e-06 4.77661e-05 1 -5.12904e-12 -8.82469e-06 2.41647e-08 3.97479e-12 1 0.0797321
1 -5.1007e-05 -2.57972e-08 -2.67e-06 5.1007e-05 1 -1.05816e-11 -9.42339e-06 2.57972e-08 9.26574e-12 1 0.104826
1 3.44278e-06 1.86312e-09 1.29086e-07 -3.44278e-06 1 -3.78863e-12 6.36051e-07 -1.86312e-09 3.78222e-12 1 0.145327
1 -1.98358e-06 -9.38867e-10 -1.45978e-07 1.98358e-06 1 -7.65379e-12 -3.66459e-07 9.38867e-10 7.65193e-12 1 0.188258
1 3.67288e-06 1.90649e-09 1.45013e-07 -3.67288e-06 1 3.99562e-12 6.78577e-07 -1.90649e-09 -4.00262e-12 1 0.210293
1 -1.13712e-10 5.07833e-11 -4.08011e-08 1.13712e-10 1 -7.68257e-12 -2.67543e-11 -5.07833e-11 7.68257e-12 1 0.250396
1 -4.51918e-11 2.77614e-11 -4.14577e-08 4.51918e-11 1 1.682e-12 2.13661e-12 -2.77614e-11 -1.682e-12 1 0.262708
1 3.44278e-06 1.76457e-09 1.35185e-07 -3.44278e-06 1 -3.78863e-12 6.36052e-07 -1.76457e-09 3.78256e-12 1 0.282386
1 -3.54148e-06 -1.77915e-09 -2.23533e-07 3.54148e-06 1 -3.70127e-12 2.29299e-07 1.77915e-09 3.69497e-12 1 0.291861
1 3.67288e-06 1.87623e-09 1.46346e-07 -3.67288e-06 1 3.99557e-12 6.78578e-07 -1.87623e-09 -4.00246e-12 1 0.298924
1 -5.25482e-05 -2.67529e-08 -2.74605e-06 5.25482e-05 1 -1.33553e-11 -9.70809e-06 2.67529e-08 1.19495e-11 1 0.304683
1 2.2829e-06 1.14611e-09 7.23467e-08 -2.2829e-06 1 -4.37695e-12 4.21766e-07 -1.14611e-09 4.37434e-12 1 0.310156
1 -3.67242e-06 -1.84898e-09 -2.32608e-07 3.67242e-06 1 -3.60561e-12 2.37778e-07 1.84898e-09 3.59882e-12 1 0.312086
1 -3.54148e-06 -1.78104e-09 -2.26654e-07 3.54148e-06 1 -3.70127e-12 2.29299e-07 1.78104e-09 3.69496e-12 1 0.314353
1 5.10981e-05 2.60131e-08 2.58176e-06 -5.10981e-05 1 -1.07469e-11 -3.30846e-06 -2.60131e-08 9.41763e-12 1 0.315815
1 -5.25482e-05 -2.67534e-08 -2.74987e-06 5.25482e-05 1 -1.33553e-11 -9.70809e-06 2.67534e-08 1.19495e-11 1 0.316778
1 -4.51918e-11 1.93792e-11 -4.7035e-08 4.51918e-11 1 1.68199e-12 2.60601e-12 -1.93792e-11 -1.68199e-12 1 0.317564
1 2.15865e-05 1.10001e-08 1.062e-06 -2.15865e-05 1 -1.45266e-11 -1.39765e-06 -1.10001e-08 1.42891e-11 1 0.318083
1 3.24393e-05 1.64398e-08 1.61503e-06 -3.24393e-05 1 2.17076e-12 -2.10042e-06 -1.64398e-08 -2.70405e-12 1 0.318505
1 1.10141e-05 5.61855e-09 5.16509e-07 -1.10141e-05 1 1.5731e-12 -7.13163e-07 -5.61855e-09 -1.63498e-12 1 0.31881
1 -5.25482e-05 -2.67534e-08 -2.75435e-06 5.25482e-05 1 -1.33553e-11 -9.70809e-06 2.67534e-08 1.19495e-11 1 0.319066
1 -3.4541e-05 -1.75e-08 -1.82453e-06 3.4541e-05 1 5.16432e-12 -6.38139e-06 1.75e-08 -5.76879e-12 1 0.319175
1 -1.28973e-05 -6.53089e-09 -7.14851e-07 1.28973e-05 1 6.94134e-12 -7.25701e-06 6.53089e-09 -7.02557e-12 1 0.319303
1 3.24393e-05 1.64398e-08 1.61045e-06 -3.24393e-05 1 2.17076e-12 -2.10042e-06 -1.64398e-08 -2.70405e-12 1 0.319393
1 3.67288e-06 1.87523e-09 1.33819e-07 -3.67288e-06 1 3.99557e-12 6.78578e-07 -1.87523e-09 -4.00245e-12 1 0.31946
1 3.29917e-05 1.68574e-08 1.64393e-06 -3.29917e-05 1 -1.40898e-11 -2.1361e-06 -1.68574e-08 1.35337e-11 1 0.319492
1 2.00993e-05 1.02668e-08 9.78698e-07 -2.00993e-05 1 -1.47268e-11 -1.30136e-06 -1.02668e-08 1.45204e-11 1 0.319517
1 2.15865e-05 1.10001e-08 1.05282e-06 -2.15865e-05 1 -1.45266e-11 -1.39765e-06 -1.10001e-08 1.42891e-11 1 0.319546
1 -5.10565e-05 -2.59613e-08 -2.6836e-06 5.10565e-05 1 -1.06712e-11 -9.43254e-06 2.59613e-08 9.34573e-12 1 0.319566
1 3.44071e-05 1.74628e-08 1.70727e-06 -3.44071e-05 1 5.13197e-12 -2.22781e-06 -1.74628e-08 -5.73281e-12 1 0.319571
1 -1.96533e-05 -1.00105e-08 -1.0717e-06 1.96533e-05 1 -1.47349e-11 -3.63087e-06 1.00105e-08 1.45382e-11 1 0.319579
1 2.00993e-05 1.02669e-08 9.74065e-07 -2.00993e-05 1 -1.47269e-11 -1.30136e-06 -1.02669e-08 1.45205e-11 1 0.319584
1 3.40802e-05 1.72951e-08 1.68775e-06 -3.40802e-05 1 5.07867e-12 -2.20665e-06 -1.72951e-08 -5.66809e-12 1 0.319589
1 1.98336e-06 1.03176e-09 3.99654e-08 -1.98336e-06 1 1.58738e-11 -9.44353e-06 -1.03176e-09 -1.58759e-11 1 0.319592
1 -3.49239e-05 -1.76963e-08 -1.85618e-06 3.49239e-05 1 3.81204e-12 -6.45213e-06 1.76963e-08 -4.43006e-12 1 0.319594
1 1.12589e-05 5.75707e-09 5.15269e-07 -1.12589e-05 1 -1.49565e-11 -7.28964e-07 -5.75707e-09 1.48917e-11 1 0.319596
1 -1.13712e-10 3.84636e-11 -6.39613e-08 1.13712e-10 1 -7.68258e-12 -2.61622e-11 -3.84636e-11 7.68258e-12 1 0.319597
1 -1.28973e-05 -6.53077e-09 -7.28744e-07 1.28973e-05 1 6.94133e-12 -7.25701e-06 6.53077e-09 -7.02556e-12 1 0.319598
1 1.97829e-05 1.01077e-08 9.51246e-07 -1.97829e-05 1 -1.47326e-11 -1.28087e-06 -1.01077e-08 1.45327e-11 1 0.319599
1 -1.44149e-17 5.67546e-13 -6.85761e-08 1.44149e-17 1 1.60802e-17 2.73473e-12 -5.67546e-13 -1.60802e-17 1 0.319599
1 1.12589e-05 5.75711e-09 5.10632e-07 -1.12589e-05 1 -1.49565e-11 -7.28964e-07 -5.75711e-09 1.48917e-11 1 0.319599
1 -1.13712e-10 3.85031e-11 -6.85985e-08 1.13712e-10 1 -7.68258e-12 -2.61622e-11 -3.85031e-11 7.68258e-12 1 0.319599
1 2.15865e-05 1.10002e-08 1.03891e-06 -2.15865e-05 1 -1.45266e-11 -1.39765e-06 -1.10002e-08 1.42891e-11 1 0.3196
1 -5.02759e-05 -2.55847e-08 -2.65758e-06 5.02759e-05 1 -9.39807e-12 -9.28833e-06 2.55847e-08 8.11178e-12 1 0.3196
1 -3.06474e-18 6.06737e-13 -7.32134e-08 3.06474e-18 1 1.36463e-17 2.73474e-12 -6.06737e-13 -1.36463e-17 1 0.3196
1 3.1501e-05 1.60887e-08 1.54902e-06 -3.1501e-05 1 -1.41446e-11 -2.03958e-06 -1.60887e-08 1.36378e-11 1 0.3196
1 -4.77661e-05 -2.42264e-08 -2.52717e-06 4.77661e-05 1 -5.12905e-12 -8.82469e-06 2.42264e-08 3.97185e-12 1 0.3196
1 3.41175e-06 1.74465e-09 9.99551e-08 -3.41175e-06 1 -3.81613e-12 6.3032e-07 -1.74465e-09 3.81017e-12 1 0.3196
1 -1.92931e-05 -9.82934e-09 -1.06984e-06 1.92931e-05 1 -1.47595e-11 -3.56433e-06 9.82934e-09 1.45699e-11 1 0.3196
1 -2.28359e-17 6.45373e-13 -7.78508e-08 2.28359e-17 1 -7.65616e-18 2.73475e-12 -6.45373e-13 7.65616e-18 1 0.3196
1 1.12589e-05 5.75719e-09 5.01357e-07 -1.12589e-05 1 -1.49565e-11 -7.28964e-07 -5.75719e-09 1.48917e-11 1 0.3196
1 -4.77661e-05 -2.42263e-08 -2.53181e-06 4.77661e-05 1 -5.12901e-12 -8.82469e-06 2.42263e-08 3.97181e-12 1 0.3196
1 2.2829e-06 1.14618e-09 3.58846e-08 -2.2829e-06 1 -4.37698e-12 4.21766e-07 -1.14618e-09 4.37437e-12 1 0.3196
1 1.98336e-06 1.03191e-09 2.14165e-08 -1.98336e-06 1 1.58738e-11 -9.44353e-06 -1.03191e-09 -1.58759e-11 1 0.3196
1 5.24832e-18 6.84009e-13 -8.24881e-08 -5.24832e-18 1 1.60089e-17 2.73474e-12 -6.84009e-13 -1.60089e-17 1 0.3196
1 3.1501e-05 1.60888e-08 1.53975e-06 -3.1501e-05 1 -1.41446e-11 -2.03958e-06 -1.60888e-08 1.36378e-11 1 0.319601
1 -1.13712e-10 3.8619e-11 -8.25113e-08 1.13712e-10 1 -7.68258e-12 -2.60527e-11 -3.8619e-11 7.68258e-12 1 0.332394
1 2.05588e-05 1.06532e-08 9.7193e-07 -2.05588e-05 1 2.38067e-06 -1.33062e-06 -1.06043e-08 -2.38067e-06 1 0.347222
1 -2.05617e-05 -9.87268e-09 -1.1422e-06 2.05617e-05 1 -2.38759e-06 -8.48097e-06 9.92178e-09 2.38759e-06 1 0.368574
1 2.05646e-05 1.12819e-08 9.70523e-07 -2.05646e-05 1 2.39563e-06 -1.32723e-06 -1.12327e-08 -2.39563e-06 1 0.399634
1 -2.05687e-05 -9.49575e-09 -1.14547e-06 2.05687e-05 1 -2.40553e-06 -8.48504e-06 9.54523e-09 2.40553e-06 1 0.438965
1 -2.05704e-05 -9.46291e-09 -1.14649e-06 2.05704e-05 1 -2.41001e-06 -8.48606e-06 9.51248e-09 2.41001e-06 1 0.453606
1 2.05745e-05 1.15024e-08 9.65793e-07 -2.05745e-05 1 2.42101e-06 -1.32147e-06 -1.14526e-08 -2.42101e-06 1 0.495051
1 2.05757e-05 1.151e-08 9.65141e-07 -2.05757e-05 1 2.42399e-06 -1.32079e-06 -1.14602e-08 -2.42399e-06 1 0.507457
1 -2.05791e-05 -9.40052e-09 -1.1522e-06 2.05791e-05 1 -2.43237e-06 -8.49112e-06 9.45058e-09 2.43237e-06 1 0.543682
1 2.05797e-05 1.15283e-08 9.62774e-07 -2.05797e-05 1 2.43442e-06 -1.31843e-06 -1.14782e-08 -2.43442e-06 1 0.554003
1 2.05843e-05 1.1541e-08 9.59949e-07 -2.05843e-05 1 2.44632e-06 -1.31573e-06 -1.14906e-08 -2.44632e-06 1 0.604271
1 2.05884e-05 1.15494e-08 9.57399e-07 -2.05884e-05 1 2.45672e-06 -1.31338e-06 -1.14989e-08 -2.45672e-06 1 0.633693
1 -2.05913e-05 -9.38369e-09 -1.16099e-06 2.05913e-05 1 -2.46359e-06 -8.49819e-06 9.43442e-09 2.46359e-06 1 0.655536
1 2.05941e-05 1.156e-08 9.53707e-07 -2.05941e-05 1 2.47156e-06 -1.31002e-06 -1.15091e-08 -2.47156e-06 1 0.68703
1 2.05964e-05 1.1564e-08 9.52221e-07 -2.05964e-05 1 2.47749e-06 -1.30867e-06 -1.1513e-08 -2.47749e-06 1 0.712378
1 2.05999e-05 1.15699e-08 9.49986e-07 -2.05999e-05 1 2.48638e-06 -1.30666e-06 -1.15187e-08 -2.48638e-06 1 0.753153
1 2.06033e-05 1.15758e-08 9.47743e-07 -2.06033e-05 1 2.49525e-06 -1.30466e-06 -1.15244e-08 -2.49525e-06 1 0.793177
1 -2.0605e-05 -9.37372e-09 -1.17135e-06 2.0605e-05 1 -2.49913e-06 -8.50623e-06 9.42521e-09 2.49913e-06 1 0.806255
1 -2.06079e-05 -9.37175e-09 -1.17353e-06 2.06079e-05 1 -2.50652e-06 -8.5079e-06 9.4234e-09 2.50652e-06 1 0.826798
1 2.06118e-05 1.15904e-08 9.42062e-07 -2.06118e-05 1 2.51741e-06 -1.29965e-06 -1.15385e-08 -2.51741e-06 1 0.847399
1 2.0613e-05 1.15924e-08 9.41299e-07 -2.0613e-05 1 2.52036e-06 -1.29898e-06 -1.15404e-08 -2.52036e-06 1 0.85139
1 2.06164e-05 1.15982e-08 9.39006e-07 -2.06164e-05 1 2.5292e-06 -1.29698e-06 -1.15461e-08 -2.5292e-06 1 0.860664
1 2.06181e-05 1.16011e-08 9.37857e-07 -2.06181e-05 1 2.53362e-06 -1.29599e-06 -1.15489e-08 -2.53362e-06 1 0.864104
1 -2.06226e-05 -9.36154e-09 -1.18498e-06 2.06226e-05 1 -2.54484e-06 -8.51656e-06 9.41402e-09 2.54484e-06 1 0.87026
1 2.06255e-05 1.16137e-08 9.32867e-07 -2.06255e-05 1 2.55274e-06 -1.29167e-06 -1.1561e-08 -2.55274e-06 1 0.873199
1 2.06277e-05 1.16176e-08 9.31329e-07 -2.06277e-05 1 2.55861e-06 -1.29034e-06 -1.15648e-08 -2.55861e-06 1 0.874762
1 -2.06322e-05 -9.35487e-09 -1.19251e-06 2.06322e-05 1 -2.5698e-06 -8.52219e-06 9.40789e-09 2.5698e-06 1 0.876791
1 2.06333e-05 1.16272e-08 9.27479e-07 -2.06333e-05 1 2.57328e-06 -1.28703e-06 -1.15741e-08 -2.57328e-06 1 0.877274
1 2.0635e-05 1.16301e-08 9.26322e-07 -2.0635e-05 1 2.57768e-06 -1.28604e-06 -1.15769e-08 -2.57768e-06 1 0.877759
1 -2.06395e-05 -9.34977e-09 -1.19827e-06 2.06395e-05 1 -2.58885e-06 -8.52649e-06 9.4032e-09 2.58884e-06 1 0.878627
1 2.06423e-05 1.16426e-08 9.21307e-07 -2.06423e-05 1 2.5967e-06 -1.28175e-06 -1.1589e-08 -2.5967e-06 1 0.879041
1 2.06446e-05 1.16464e-08 9.19762e-07 -2.06446e-05 1 2.60255e-06 -1.28044e-06 -1.15927e-08 -2.60255e-06 1 0.879261
1 -2.06474e-05 -9.34427e-09 -1.20448e-06 2.06474e-05 1 -2.60931e-06 -8.5311e-06 9.39815e-09 2.60931e-06 1 0.87945
1 -2.06518e-05 -9.34113e-09 -1.20803e-06 2.06518e-05 1 -2.62098e-06 -8.53373e-06 9.39526e-09 2.62098e-06 1 0.879674
1 -2.06529e-05 -9.34034e-09 -1.20892e-06 2.06529e-05 1 -2.62389e-06 -8.53438e-06 9.39453e-09 2.62389e-06 1 0.879714
1 2.06557e-05 1.16656e-08 9.12028e-07 -2.06557e-05 1 2.63172e-06 -1.27387e-06 -1.16113e-08 -2.63172e-06 1 0.8798
1 2.06579e-05 1.16695e-08 9.10479e-07 -2.06579e-05 1 2.63755e-06 -1.27256e-06 -1.1615e-08 -2.63755e-06 1 0.879846
1 2.06612e-05 1.16752e-08 9.08155e-07 -2.06612e-05 1 2.64627e-06 -1.27059e-06 -1.16205e-08 -2.64627e-06 1 0.879896
1 -2.0664e-05 -9.33249e-09 -1.2178e-06 2.0664e-05 1 -2.653e-06 -8.54093e-06 9.38731e-09 2.653e-06 1 0.879923
1 2.06662e-05 1.16838e-08 9.04666e-07 -2.06662e-05 1 2.65935e-06 -1.26765e-06 -1.16288e-08 -2.65935e-06 1 0.879942
1 2.06695e-05 1.16895e-08 9.02339e-07 -2.06695e-05 1 2.66805e-06 -1.26569e-06 -1.16344e-08 -2.66805e-06 1 0.879961
1 2.06723e-05 1.16943e-08 9.00398e-07 -2.06723e-05 1 2.6753e-06 -1.26406e-06 -1.1639e-08 -2.6753e-06 1 0.879972
1 2.0675e-05 1.1699e-08 8.98456e-07 -2.0675e-05 1 2.68254e-06 -1.26244e-06 -1.16436e-08 -2.68254e-06 1 0.87998
1 -2.06778e-05 -9.32266e-09 -1.22892e-06 2.06778e-05 1 -2.68924e-06 -8.54908e-06 9.37827e-09 2.68924e-06 1 0.879985
1 -2.06805e-05 -9.3207e-09 -1.23115e-06 2.06805e-05 1 -2.69647e-06 -8.5507e-06 9.37646e-09 2.69647e-06 1 0.879989
1 -2.06833e-05 -9.31874e-09 -1.23337e-06 2.06833e-05 1 -2.7037e-06 -8.55233e-06 9.37466e-09 2.7037e-06 1 0.879992
1 -2.0686e-05 -9.31677e-09 -1.2356e-06 2.0686e-05 1 -2.71092e-06 -8.55395e-06 9.37285e-09 2.71092e-06 1 0.879994
1 2.06882e-05 1.17218e-08 8.89123e-07 -2.06882e-05 1 2.71722e-06 -1.25465e-06 -1.16656e-08 -2.71722e-06 1 0.879996
1 2.0692e-05 1.17285e-08 8.86397e-07 -2.0692e-05 1 2.72731e-06 -1.25239e-06 -1.1672e-08 -2.72731e-06 1 0.879997
1 2.06936e-05 1.17313e-08 8.85228e-07 -2.06936e-05 1 2.73163e-06 -1.25142e-06 -1.16748e-08 -2.73163e-06 1 0.879998
1 2.06969e-05 1.1737e-08 8.82889e-07 -2.06969e-05 1 2.74027e-06 -1.24948e-06 -1.16802e-08 -2.74027e-06 1 0.879998
1 2.06996e-05 1.17417e-08 8.80939e-07 -2.06996e-05 1 2.74746e-06 -1.24787e-06 -1.16848e-08 -2.74746e-06 1 0.879999
1 -2.07034e-05 -9.30419e-09 -1.24986e-06 2.07034e-05 1 -2.75698e-06 -8.56428e-06 9.36127e-09 2.75698e-06 1 0.879999
1 2.07055e-05 1.17521e-08 8.76646e-07 -2.07055e-05 1 2.76325e-06 -1.24433e-06 -1.16948e-08 -2.76325e-06 1 0.879999
1 -2.07077e-05 -9.30105e-09 -1.25343e-06 2.07077e-05 1 -2.76846e-06 -8.56685e-06 9.35838e-09 2.76846e-06 1 0.88
1 2.07104e-05 1.17605e-08 8.7313e-07 -2.07104e-05 1 2.77615e-06 -1.24144e-06 -1.1703e-08 -2.77615e-06 1 0.88
1 2.07131e-05 1.17652e-08 8.71175e-07 -2.07131e-05 1 2.78331e-06 -1.23983e-06 -1.17076e-08 -2.78331e-06 1 0.88
1 2.07158e-05 1.17699e-08 8.6922e-07 -2.07158e-05 1 2.79047e-06 -1.23823e-06 -1.17121e-08 -2.79047e-06 1 0.88
1 2.07184e-05 1.17746e-08 8.67263e-07 -2.07184e-05 1 2.79761e-06 -1.23663e-06 -1.17167e-08 -2.79762e-06 1 0.88
1 2.07211e-05 1.17793e-08 8.65305e-07 -2.07211e-05 1 2.80476e-06 -1.23504e-06 -1.17212e-08 -2.80476e-06 1 0.88
1 -2.07249e-05 -9.28847e-09 -1.26771e-06 2.07249e-05 1 -2.81422e-06 -8.57709e-06 9.34679e-09 2.81422e-06 1 0.88
1 2.07259e-05 1.17877e-08 8.6178e-07 -2.07259e-05 1 2.8176e-06 -1.23216e-06 -1.17293e-08 -2.8176e-06 1 0.88
1 2.07291e-05 1.17933e-08 8.59428e-07 -2.07291e-05 1 2.82615e-06 -1.23025e-06 -1.17348e-08 -2.82615e-06 1 0.88
1 2.07312e-05 1.17971e-08 8.57859e-07 -2.07312e-05 1 2.83184e-06 -1.22898e-06 -1.17384e-08 -2.83184e-06 1 0.88
1 -2.07345e-05 -9.28139e-09 -1.27576e-06 2.07345e-05 1 -2.83985e-06 -8.58282e-06 9.34027e-09 2.83985e-06 1 0.88
1 2.07376e-05 1.18083e-08 8.53149e-07 -2.07376e-05 1 2.84891e-06 -1.22517e-06 -1.17492e-08 -2.84891e-06 1 0.88
1 2.07403e-05 1.18129e-08 8.51185e-07 -2.07403e-05 1 2.85601e-06 -1.22358e-06 -1.17537e-08 -2.85601e-06 1 0.88
1 -2.07429e-05 -9.2751e-09 -1.28291e-06 2.07429e-05 1 -2.86258e-06 -8.5879e-06 9.33448e-09 2.86257e-06 1 0.88
1 -2.07456e-05 -9.27313e-09 -1.28515e-06 2.07456e-05 1 -2.86966e-06 -8.58948e-06 9.33266e-09 2.86966e-06 1 0.88
1 -2.07482e-05 -9.27116e-09 -1.28739e-06 2.07482e-05 1 -2.87675e-06 -8.59106e-06 9.33085e-09 2.87675e-06 1 0.88
1 2.07498e-05 1.18297e-08 8.44107e-07 -2.07498e-05 1 2.88152e-06 -1.21789e-06 -1.17699e-08 -2.88152e-06 1 0.88
1 2.07529e-05 1.18352e-08 8.41745e-07 -2.07529e-05 1 2.89001e-06 -1.21599e-06 -1.17753e-08 -2.89001e-06 1 0.88
1 2.07566e-05 1.18417e-08 8.38987e-07 -2.07566e-05 1 2.8999e-06 -1.21379e-06 -1.17815e-08 -2.8999e-06 1 0.88
1 2.07576e-05 1.18436e-08 8.38199e-07 -2.07576e-05 1 2.90272e-06 -1.21316e-06 -1.17833e-08 -2.90272e-06 1 0.88
1 2.07608e-05 1.18491e-08 8.35834e-07 -2.07608e-05 1 2.91119e-06 -1.21127e-06 -1.17887e-08 -2.91119e-06 1 0.88
1 -2.07639e-05 -9.25937e-09 -1.30082e-06 2.07639e-05 1 -2.91912e-06 -8.60051e-06 9.31998e-09 2.91912e-06 1 0.88
1 -2.07665e-05 -9.2574e-09 -1.30306e-06 2.07665e-05 1 -2.92617e-06 -8.60208e-06 9.31816e-09 2.92617e-06 1 0.88
1 2.07675e-05 1.18611e-08 8.30705e-07 -2.07675e-05 1 2.9295e-06 -1.20719e-06 -1.18003e-08 -2.9295e-06 1 0.88
1 2.07712e-05 1.18676e-08 8.27941e-07 -2.07712e-05 1 2.93935e-06 -1.205e-06 -1.18065e-08 -2.93935e-06 1 0.88
1 2.07738e-05 1.18722e-08 8.25965e-07 -2.07738e-05 1 2.94638e-06 -1.20343e-06 -1.1811e-08 -2.94638e-06 1 0.88
1 2.07764e-05 1.18768e-08 8.23989e-07 -2.07764e-05 1 2.9534e-06 -1.20187e-06 -1.18154e-08 -2.9534e-06 1 0.88
1 -2.07795e-05 -9.24756e-09 -1.31427e-06 2.07795e-05 1 -2.96129e-06 -8.6099e-06 9.30909e-09 2.96129e-06 1 0.88
1 -2.07816e-05 -9.24599e-09 -1.31607e-06 2.07816e-05 1 -2.9669e-06 -8.61114e-06 9.30764e-09 2.9669e-06 1 0.880295
1 -2.07836e-05 -9.24441e-09 -1.31786e-06 2.07836e-05 1 -2.9725e-06 -8.61239e-06 9.30619e-09 2.9725e-06 1 0.886042
1 2.07872e-05 1.18961e-08 8.15718e-07 -2.07872e-05 1 2.98282e-06 -1.19533e-06 -1.18341e-08 -2.98282e-06 1 0.911985
1 -2.07888e-05 -9.24048e-09 -1.3223e-06 2.07888e-05 1 -2.9865e-06 -8.6155e-06 9.30257e-09 2.9865e-06 1 0.923867
1 -2.07924e-05 -9.23772e-09 -1.32539e-06 2.07924e-05 1 -2.99628e-06 -8.61767e-06 9.30002e-09 2.99628e-06 1 0.961997
1 2.07944e-05 1.19089e-08 8.1026e-07 -2.07944e-05 1 3.00238e-06 -1.19098e-06 -1.18465e-08 -3.00238e-06 1 0.982445
1 2.07969e-05 1.19135e-08 8.08309e-07 -2.07969e-05 1 3.00935e-06 -1.18943e-06 -1.18509e-08 -3.00935e-06 1 1.00775
1 -2.08011e-05 -9.23104e-09 -1.33291e-06 2.08011e-05 1 -3.01999e-06 -8.62294e-06 9.29385e-09 3.01998e-06 1 1.05301
1 -2.08021e-05 -9.23025e-09 -1.33379e-06 2.08021e-05 1 -3.02277e-06 -8.62355e-06 9.29313e-09 3.02277e-06 1 1.06616
1 2.08056e-05 1.1929e-08 8.01702e-07 -2.08056e-05 1 3.03302e-06 -1.18418e-06 -1.18659e-08 -3.03302e-06 1 1.11823
1 2.08066e-05 1.19308e-08 8.00926e-07 -2.08066e-05 1 3.0358e-06 -1.18356e-06 -1.18676e-08 -3.0358e-06 1 1.13261
1 -2.08102e-05 -9.22395e-09 -1.34085e-06 2.08102e-05 1 -3.04502e-06 -8.62849e-06 9.28732e-09 3.04502e-06 1 1.16962
1 -2.08117e-05 -9.22277e-09 -1.34219e-06 2.08117e-05 1 -3.04918e-06 -8.62941e-06 9.28623e-09 3.04918e-06 1 1.18207
1 2.08147e-05 1.19453e-08 7.94665e-07 -2.08147e-05 1 3.05801e-06 -1.17863e-06 -1.18817e-08 -3.05801e-06 1 1.2118
1 2.08173e-05 1.19499e-08 7.92711e-07 -2.08173e-05 1 3.06494e-06 -1.1771e-06 -1.18861e-08 -3.06494e-06 1 1.24007
1 -2.08198e-05 -9.21647e-09 -1.34927e-06 2.08198e-05 1 -3.07136e-06 -8.63433e-06 9.28042e-09 3.07136e-06 1 1.26834
1 -2.08223e-05 -9.2145e-09 -1.35148e-06 2.08223e-05 1 -3.07828e-06 -8.63586e-06 9.2786e-09 3.07828e-06 1 1.30176
1 2.08248e-05 1.19634e-08 7.86855e-07 -2.08248e-05 1 3.0857e-06 -1.1725e-06 -1.18992e-08 -3.0857e-06 1 1.3314
1 -2.08274e-05 -9.21057e-09 -1.35592e-06 2.08274e-05 1 -3.0921e-06 -8.63892e-06 9.27497e-09 3.0921e-06 1 1.34909
1 2.08298e-05 1.19725e-08 7.82923e-07 -2.08298e-05 1 3.0995e-06 -1.16944e-06 -1.19079e-08 -3.09951e-06 1 1.37372
1 2.08323e-05 1.1977e-08 7.80964e-07 -2.08323e-05 1 3.1064e-06 -1.16792e-06 -1.19123e-08 -3.1064e-06 1 1.40123
1 2.08348e-05 1.19815e-08 7.79009e-07 -2.08348e-05 1 3.11329e-06 -1.16639e-06 -1.19166e-08 -3.11329e-06 1 1.43222
1 2.08373e-05 1.1986e-08 7.77056e-07 -2.08373e-05 1 3.12017e-06 -1.16487e-06 -1.1921e-08 -3.12017e-06 1 1.46521
1 2.08393e-05 1.19896e-08 7.75486e-07 -2.08393e-05 1 3.12568e-06 -1.16365e-06 -1.19245e-08 -3.12568e-06 1 1.487
1 2.08423e-05 1.1995e-08 7.73119e-07 -2.08423e-05 1 3.13393e-06 -1.16183e-06 -1.19297e-08 -3.13393e-06 1 1.51125
1 -2.08453e-05 -9.1964e-09 -1.3719e-06 2.08453e-05 1 -3.14166e-06 -8.64988e-06 9.26189e-09 3.14166e-06 1 1.53668
1 2.08468e-05 1.20031e-08 7.69577e-07 -2.08468e-05 1 3.14628e-06 -1.1591e-06 -1.19375e-08 -3.14628e-06 1 1.55589
1 -2.08493e-05 -9.19325e-09 -1.37545e-06 2.08493e-05 1 -3.15264e-06 -8.6523e-06 9.25898e-09 3.15264e-06 1 1.58319
1 -2.08527e-05 -9.1905e-09 -1.37854e-06 2.08527e-05 1 -3.16223e-06 -8.65442e-06 9.25644e-09 3.16223e-06 1 1.62983
1 2.08547e-05 1.20174e-08 7.63312e-07 -2.08547e-05 1 3.16821e-06 -1.15426e-06 -1.19513e-08 -3.16821e-06 1 1.66172
1 2.08571e-05 1.20219e-08 7.61357e-07 -2.08571e-05 1 3.17505e-06 -1.15275e-06 -1.19557e-08 -3.17505e-06 1 1.69837
1 -2.08596e-05 -9.18499e-09 -1.38472e-06 2.08596e-05 1 -3.18138e-06 -8.65865e-06 9.25135e-09 3.18138e-06 1 1.73216
1 -2.08621e-05 -9.18302e-09 -1.38693e-06 2.08621e-05 1 -3.18821e-06 -8.66015e-06 9.24954e-09 3.18821e-06 1 1.77036
1 2.08645e-05 1.20353e-08 7.55495e-07 -2.08645e-05 1 3.19553e-06 -1.14823e-06 -1.19686e-08 -3.19553e-06 1 1.81232
1 2.08664e-05 1.20388e-08 7.53923e-07 -2.08664e-05 1 3.20099e-06 -1.14702e-06 -1.1972e-08 -3.20099e-06 1 1.83698
1 2.08694e-05 1.20442e-08 7.5155e-07 -2.08694e-05 1 3.20916e-06 -1.14522e-06 -1.19772e-08 -3.20916e-06 1 1.86432
1 -2.08724e-05 -9.17476e-09 -1.39625e-06 2.08724e-05 1 -3.21683e-06 -8.66646e-06 9.2419e-09 3.21683e-06 1 1.89159
1 2.08747e-05 1.2054e-08 7.47211e-07 -2.08747e-05 1 3.22413e-06 -1.14192e-06 -1.19867e-08 -3.22413e-06 1 1.92391
1 2.08762e-05 1.20566e-08 7.46032e-07 -2.08762e-05 1 3.2282e-06 -1.14103e-06 -1.19892e-08 -3.2282e-06 1 1.94311
1 -2.08796e-05 -9.16886e-09 -1.4029e-06 2.08796e-05 1 -3.23721e-06 -8.67095e-06 9.23645e-09 3.23721e-06 1 1.98742
1 2.08815e-05 1.20664e-08 7.41711e-07 -2.08815e-05 1 3.24314e-06 -1.13774e-06 -1.19986e-08 -3.24314e-06 1 2.0191
1 -2.0884e-05 -9.16532e-09 -1.40689e-06 2.0884e-05 1 -3.24942e-06 -8.67364e-06 9.23318e-09 3.24942e-06 1 2.04478
1 -2.08864e-05 -9.16335e-09 -1.40912e-06 2.08864e-05 1 -3.25619e-06 -8.67513e-06 9.23136e-09 3.25619e-06 1 2.07367
1 -2.08888e-05 -9.16138e-09 -1.41133e-06 2.08888e-05 1 -3.26296e-06 -8.67661e-06 9.22954e-09 3.26296e-06 1 2.10565
1 2.08912e-05 1.20841e-08 7.33825e-07 -2.08912e-05 1 3.27022e-06 -1.13178e-06 -1.20157e-08 -3.27022e-06 1 2.14339
1 -2.08936e-05 -9.15745e-09 -1.41576e-06 2.08936e-05 1 -3.27648e-06 -8.67959e-06 9.22591e-09 3.27648e-06 1 2.1757
1 2.0896e-05 1.20929e-08 7.29893e-07 -2.0896e-05 1 3.28373e-06 -1.12881e-06 -1.20243e-08 -3.28373e-06 1 2.21644
1 2.08984e-05 1.20973e-08 7.27928e-07 -2.08984e-05 1 3.29047e-06 -1.12733e-06 -1.20285e-08 -3.29047e-06 1 2.25433
1 2.09003e-05 1.21008e-08 7.26356e-07 -2.09003e-05 1 3.29586e-06 -1.12614e-06 -1.20319e-08 -3.29586e-06 1 2.28508
1 -2.09032e-05 -9.14958e-09 -1.42461e-06 2.09032e-05 1 -3.30345e-06 -8.68551e-06 9.21863e-09 3.30345e-06 1 2.32782
1 2.09056e-05 1.21105e-08 7.22032e-07 -2.09056e-05 1 3.31068e-06 -1.12289e-06 -1.20413e-08 -3.31068e-06 1 2.37093
1 -2.09085e-05 -9.14525e-09 -1.42947e-06 2.09085e-05 1 -3.31825e-06 -8.68876e-06 9.21463e-09 3.31825e-06 1 2.41324
1 2.09103e-05 1.21192e-08 7.18087e-07 -2.09103e-05 1 3.32412e-06 -1.11994e-06 -1.20497e-08 -3.32412e-06 1 2.44075
1 2.09127e-05 1.21236e-08 7.16108e-07 -2.09127e-05 1 3.33083e-06 -1.11846e-06 -1.2054e-08 -3.33083e-06 1 2.47187
1 2.09151e-05 1.2128e-08 7.14131e-07 -2.09151e-05 1 3.33754e-06 -1.11699e-06 -1.20582e-08 -3.33754e-06 1 2.50547
1 -2.09175e-05 -9.13778e-09 -1.43792e-06 2.09175e-05 1 -3.34375e-06 -8.69435e-06 9.20772e-09 3.34375e-06 1 2.53725
1 2.09198e-05 1.21367e-08 7.10183e-07 -2.09198e-05 1 3.35094e-06 -1.11406e-06 -1.20666e-08 -3.35094e-06 1 2.57752
1 2.09217e-05 1.21402e-08 7.08605e-07 -2.09217e-05 1 3.35629e-06 -1.11288e-06 -1.207e-08 -3.35629e-06 1 2.60745
1 2.0924e-05 1.21446e-08 7.06622e-07 -2.0924e-05 1 3.36298e-06 -1.11142e-06 -1.20742e-08 -3.36298e-06 1 2.63854
1 2.09264e-05 1.21489e-08 7.04636e-07 -2.09264e-05 1 3.36966e-06 -1.10995e-06 -1.20784e-08 -3.36966e-06 1 2.66794
1 2.09297e-05 1.2155e-08 7.01861e-07 -2.09297e-05 1 3.379e-06 -1.10791e-06 -1.20843e-08 -3.379e-06 1 2.71387
1 -2.09321e-05 -9.1256e-09 -1.45169e-06 2.09321e-05 1 -3.38518e-06 -8.70343e-06 9.19646e-09 3.38518e-06 1 2.74544
1 2.09339e-05 1.21628e-08 6.98299e-07 -2.09339e-05 1 3.391e-06 -1.10528e-06 -1.20919e-08 -3.391e-06 1 2.77815
1 2.09362e-05 1.21672e-08 6.96321e-07 -2.09362e-05 1 3.39766e-06 -1.10382e-06 -1.20961e-08 -3.39766e-06 1 2.81483
1 -2.09386e-05 -9.12009e-09 -1.45791e-06 2.09386e-05 1 -3.40383e-06 -8.7075e-06 9.19137e-09 3.40383e-06 1 2.8412
1 -2.09409e-05 -9.11813e-09 -1.46015e-06 2.09409e-05 1 -3.41048e-06 -8.70896e-06 9.18955e-09 3.41048e-06 1 2.863
1 2.09437e-05 1.2181e-08 6.8993e-07 -2.09437e-05 1 3.41893e-06 -1.09917e-06 -1.21094e-08 -3.41893e-06 1 2.89476
1 2.0945e-05 1.21836e-08 6.88734e-07 -2.0945e-05 1 3.42292e-06 -1.0983e-06 -1.21119e-08 -3.42292e-06 1 2.91195
1 2.09478e-05 1.21888e-08 6.86347e-07 -2.09478e-05 1 3.43087e-06 -1.09656e-06 -1.2117e-08 -3.43087e-06 1 2.94975
1 2.09501e-05 1.21931e-08 6.8436e-07 -2.09501e-05 1 3.4375e-06 -1.09511e-06 -1.21211e-08 -3.4375e-06 1 2.98383
1 -4.48965e-06 -4.45445e-08 -5.52019e-07 4.48965e-06 1 -6.99699e-11 3.31945e-07 4.45445e-08 6.97699e-11 1 3.02213
1 2.72145e-06 -6.84939e-07 7.48487e-07 -2.72147e-06 1 -2.55022e-05 -9.98592e-06 6.8487e-07 2.55022e-05 1 3.04997
1 3.92097e-09 -1.09216e-06 1.17447e-06 -3.94631e-09 1 -2.3205e-05 -9.80966e-06 1.09216e-06 2.3205e-05 1 3.07632
1 -1.25661e-08 -1.32995e-06 1.59806e-06 1.25969e-08 1 2.32027e-05 -7.44783e-10 1.32995e-06 -2.32027e-05 1 3.10513
1 -2.42242e-08 -1.49104e-06 1.99223e-06 2.42588e-08 1 2.31999e-05 -1.28624e-09 1.49104e-06 -2.31999e-05 1 3.14631
1 -3.19923e-08 -1.54601e-06 2.17138e-06 3.20281e-08 1 2.3198e-05 -1.64735e-09 1.54601e-06 -2.3198e-05 1 3.17504
1 -4.55781e-08 -1.5939e-06 2.37225e-06 4.5615e-08 1 2.31947e-05 -2.27967e-09 1.5939e-06 -2.31947e-05 1 3.22478
1 5.05299e-08 -1.60275e-06 2.42818e-06 -5.05671e-08 1 -2.31937e-05 -9.80749e-06 1.60275e-06 2.31937e-05 1 3.23897
1 -6.10914e-08 -1.6146e-06 2.4965e-06 6.11289e-08 1 2.31909e-05 -3.00296e-09 1.61459e-06 -2.31909e-05 1 3.27136
1 -2.03408e-05 -1.62983e-06 1.48338e-06 2.03408e-05 1 -8.15965e-06 -1.09403e-05 1.62999e-06 8.15962e-06 1 3.30725
1 -3.19712e-09 -1.2582e-05 3.28857e-06 2.83622e-09 1 -2.86833e-05 -9.81027e-06 1.2582e-05 2.86833e-05 1 3.34202
1 6.43703e-10 -2.28608e-05 4.66345e-06 6.56621e-11 1 3.10297e-05 -5.00715e-07 2.28608e-05 -3.10297e-05 1 3.37824
1 7.20628e-10 -2.82141e-05 5.7595e-06 1.54463e-10 1 3.1016e-05 -5.0275e-07 2.82141e-05 -3.1016e-05 1 3.41489
1 -1.4842e-10 -3.09908e-05 6.63748e-06 1.48415e-10 1 -1.41186e-10 -2.5166e-11 3.09908e-05 1.41181e-10 1 3.44435
1 -6.03418e-11 -3.2325e-05 7.07976e-06 6.03429e-11 1 3.28066e-11 3.15608e-11 3.2325e-05 -3.28085e-11 1 3.47121
1 -6.03405e-11 -3.3123e-05 7.13965e-06 6.03416e-11 1 3.26644e-11 3.18224e-11 3.3123e-05 -3.26664e-11 1 3.50376
1 -1.48117e-10 -3.36173e-05 6.68836e-06 1.48112e-10 1 -1.40466e-10 -2.40564e-11 3.36173e-05 1.40461e-10 1 3.54909
1 -6.03783e-11 -3.37524e-05 6.26602e-06 6.03794e-11 1 3.2488e-11 3.24068e-11 3.37524e-05 -3.249e-11 1 3.57451
1 -6.04112e-11 -3.38788e-05 5.34092e-06 6.04123e-11 1 3.24104e-11 3.27717e-11 3.38788e-05 -3.24124e-11 1 3.61823
1 -2.4323e-06 -3.6458e-05 9.4867e-06 2.43223e-06 1 -2.02203e-06 -1.0258e-05 3.6458e-05 2.02195e-06 1 3.6502
1 -2.43833e-06 -3.75469e-05 1.17707e-05 2.43826e-06 1 -2.02639e-06 -1.0258e-05 3.75469e-05 2.0263e-06 1 3.67454
1 -2.44587e-06 -3.83063e-05 1.35628e-05 2.44579e-06 1 -2.03184e-06 -1.02581e-05 3.83063e-05 2.03175e-06 1 3.70738
1 -2.45641e-06 -3.87987e-05 1.46127e-05 2.45633e-06 1 -2.03946e-06 -1.02582e-05 3.87987e-05 2.03936e-06 1 3.75658
1 2.45991e-06 -3.88877e-05 1.49449e-05 -2.45983e-06 1 2.04203e-06 4.48159e-07 3.88877e-05 -2.04193e-06 1 3.77452
1 -5.25554e-11 -3.89977e-05 1.4915e-05 5.25552e-11 1 -6.84178e-12 2.16336e-11 3.89977e-05 6.83973e-12 1 3.80356
1 -1.48214e-10 -3.90494e-05 1.49825e-05 1.4821e-10 1 -9.45212e-11 1.60613e-12 3.90494e-05 9.45154e-11 1 3.82279
1 -5.26993e-11 -3.90864e-05 1.46095e-05 5.2699e-11 1 -6.95846e-12 2.20053e-11 3.90864e-05 6.9564e-12 1 3.85337
1 -1.48172e-10 -3.90985e-05 1.40087e-05 1.48168e-10 1 -9.44828e-11 2.08173e-12 3.90985e-05 9.4477e-11 1 3.87905
1 -1.48153e-10 -3.91059e-05 1.30987e-05 1.4815e-10 1 -9.4464e-11 2.34949e-12 3.91059e-05 9.44582e-11 1 3.91064
1 -1.48139e-10 -3.91091e-05 1.22365e-05 1.48135e-10 1 -9.44488e-11 2.57848e-12 3.91091e-05 9.4443e-11 1 3.93763
1 -1.48118e-10 -3.91116e-05 1.0806e-05 1.48114e-10 1 -9.44257e-11 2.93426e-12 3.91116e-05 9.44199e-11 1 3.97957
1 -1.481e-10 -3.91127e-05 9.84646e-06 1.48096e-10 1 -9.44064e-11 3.16827e-12 3.91127e-05 9.44006e-11 1 4.0072
1 -1.48082e-10 -3.91132e-05 9.15359e-06 1.48078e-10 1 -9.43871e-11 3.3364e-12 3.91132e-05 9.43813e-11 1 4.02713
1 -1.48064e-10 -3.91135e-05 8.65313e-06 1.48061e-10 1 -9.43677e-11 3.45706e-12 3.91135e-05 9.4362e-11 1 4.04151
1 -1.48047e-10 -3.91136e-05 8.29146e-06 1.48043e-10 1 -9.43484e-11 3.54344e-12 3.91136e-05 9.43426e-11 1 4.05189
1 -1.48033e-10 -3.91137e-05 8.07569e-06 1.48029e-10 1 -9.4333e-11 3.59437e-12 3.91137e-05 9.43272e-11 1 4.05807
1 -5.33099e-11 -3.91138e-05 7.85233e-06 5.33096e-11 1 -7.50587e-12 2.35663e-11 3.91138e-05 7.50378e-12 1 4.06431
1 -1.47994e-10 -3.91138e-05 7.70345e-06 1.4799e-10 1 -9.42905e-11 3.67984e-12 3.91138e-05 9.42847e-11 1 4.06867
1 -1.47976e-10 -3.91138e-05 7.60387e-06 1.47973e-10 1 -9.42713e-11 3.70147e-12 3.91138e-05 9.42655e-11 1 4.07148
1 -5.35076e-11 -3.91139e-05 7.52074e-06 5.35073e-11 1 -7.68433e-12 2.35673e-11 3.91139e-05 7.68224e-12 1 4.07368
1 -1.47941e-10 -3.91138e-05 7.47851e-06 1.47937e-10 1 -9.42328e-11 3.72659e-12 3.91138e-05 9.4227e-11 1 4.07497
1 -5.36308e-11 -3.91139e-05 7.43188e-06 5.36305e-11 1 -7.79558e-12 2.35388e-11 3.91139e-05 7.79348e-12 1 4.07612
1 -5.36677e-11 -3.91139e-05 7.41424e-06 5.36674e-11 1 -7.82892e-12 2.3528e-11 3.91139e-05 7.82682e-12 1 4.07659
1 -1.47888e-10 -3.91138e-05 7.3899e-06 1.47885e-10 1 -9.41751e-11 3.73968e-12 3.91138e-05 9.41693e-11 1 4.07734
1 -1.47871e-10 -3.91138e-05 7.37396e-06 1.47867e-10 1 -9.4156e-11 3.7407e-12 3.91138e-05 9.41502e-11 1 4.07774
1 -5.38641e-11 -3.91139e-05 7.35832e-06 5.38638e-11 1 -8.00631e-12 2.34615e-11 3.91139e-05 8.0042e-12 1 4.078
1 -5.39254e-11 -3.91139e-05 7.34873e-06 5.39251e-11 1 -8.0616e-12 2.34388e-11 3.91139e-05 8.05949e-12 1 4.07821
1 -1.47822e-10 -3.91138e-05 7.35062e-06 1.47818e-10 1 -9.41024e-11 3.73831e-12 3.91138e-05 9.40966e-11 1 4.07824
1 -1.47797e-10 -3.91138e-05 7.96368e-06 1.47794e-10 1 -9.40756e-11 3.6004e-12 3.91138e-05 9.40699e-11 1 4.06251
1 -5.41208e-11 -3.91139e-05 8.78496e-06 5.41204e-11 1 -8.23801e-12 2.30453e-11 3.91139e-05 8.23589e-12 1 4.04135
1 -1.4777e-10 -3.91139e-05 9.59936e-06 1.47766e-10 1 -9.40451e-11 3.23821e-12 3.91139e-05 9.40393e-11 1 4.02061
1 -1.47749e-10 -3.91139e-05 1.12396e-05 1.47745e-10 1 -9.40223e-11 2.87611e-12 3.91139e-05 9.40165e-11 1 3.97861
1 -1.47731e-10 -3.91139e-05 1.27555e-05 1.47728e-10 1 -9.40032e-11 2.5418e-12 3.91139e-05 9.39974e-11 1 3.9398
1 -1.47714e-10 -3.91139e-05 1.39687e-05 1.4771e-10 1 -9.39842e-11 2.27359e-12 3.91139e-05 9.39784e-11 1 3.90873
1 -1.47697e-10 -3.91139e-05 1.48189e-05 1.47693e-10 1 -9.39652e-11 2.08488e-12 3.91139e-05 9.39594e-11 1 3.88694
1 -1.47679e-10 -3.91139e-05 1.50891e-05 1.47675e-10 1 -9.39462e-11 2.02293e-12 3.91139e-05 9.39404e-11 1 3.87998
1 -5.4547e-11 -3.9114e-05 1.47966e-05 5.45467e-11 1 -8.62293e-12 2.15567e-11 3.9114e-05 8.6208e-12 1 3.88728
1 -1.47648e-10 -3.91139e-05 1.43831e-05 1.47644e-10 1 -9.39121e-11 2.17221e-12 3.91139e-05 9.39063e-11 1 3.89793
1 -1.47627e-10 -3.91139e-05 1.33844e-05 1.47624e-10 1 -9.38894e-11 2.38719e-12 3.91139e-05 9.38836e-11 1 3.9234
1 -1.4761e-10 -3.91139e-05 1.26754e-05 1.47606e-10 1 -9.38704e-11 2.53942e-12 3.91139e-05 9.38647e-11 1 3.94147
1 -1.47593e-10 -3.91139e-05 1.21634e-05 1.47589e-10 1 -9.38516e-11 2.64859e-12 3.91139e-05 9.38458e-11 1 3.9545
1 7.09453e-10 -0.000761941 -0.000101404 -7.08987e-10 1 6.11805e-10 1.38055e-10 0.000761941 -6.11265e-10 1 3.96305
0.999764 -2.58358e-11 -0.021725 -0.00335497 -6.79071e-11 1 -4.31424e-09 -5.8239e-10 0.021725 4.3147e-09 0.999764 3.96935
0.99882 -8.95415e-06 -0.048563 -0.00745744 1.0009e-05 1 2.14785e-05 6.49212e-07 0.048563 -2.19392e-05 0.99882 3.97163
0.995605 8.4983e-06 -0.0936502 -0.0142081 -7.94738e-06 1 6.25571e-06 1.36173e-06 0.0936502 -5.48394e-06 0.995605 3.97251
0.988246 -1.59951e-05 -0.15287 -0.0228284 1.93474e-05 1 2.0442e-05 1.25872e-06 0.15287 -2.31593e-05 0.988246 3.97109
0.981216 -2.21747e-06 -0.19291 -0.0284898 7.23155e-06 1 2.52876e-05 4.68569e-07 0.19291 -2.62077e-05 0.981216 3.96918
0.975271 8.33574e-11 -0.221014 -0.0322961 6.29001e-10 1 3.15275e-09 4.49643e-10 0.221014 -3.2138e-09 0.975271 3.96798
0.973011 -7.03981e-06 -0.23076 -0.03355 -2.58864e-08 1 -3.06162e-05 -9.18322e-06 0.23076 2.97958e-05 0.973011 3.96772
0.97069 1.09905e-06 -0.240337 -0.0347008 4.10869e-06 1 2.11675e-05 -4.21862e-06 0.240337 -2.15345e-05 0.97069 3.9677
0.9699 -1.09938e-10 -0.243505 -0.0350388 2.92118e-10 1 7.12048e-10 1.70144e-10 0.243505 -7.61747e-10 0.9699 3.96783
0.969422 -6.18696e-11 -0.245398 -0.0352115 6.18648e-11 1 -7.72817e-12 3.37938e-11 0.245398 -7.68968e-12 0.969422 3.96801
0.969173 3.3617e-05 -0.246381 -0.0352773 -3.46863e-05 1 1.30444e-10 -2.24584e-06 0.246381 8.54592e-06 0.969173 3.96818
0.969053 4.68361e-05 -0.246854 -0.0352952 -4.83318e-05 1 1.25027e-10 -3.12933e-06 0.246854 1.19308e-05 0.969053 3.9683
0.968604 -3.62642e-05 -0.248609 -0.0355072 3.74369e-05 1 -1.05486e-08 -6.91786e-06 0.248609 -9.29693e-06 0.968604 3.96827
0.963353 -2.80834e-05 -0.268238 -0.0382215 2.41683e-05 1 -1.78975e-05 -9.83408e-06 0.268238 1.07588e-05 0.963353 3.96637
0.952303 -3.68207e-09 -0.305153 -0.0432477 3.83037e-09 1 -1.12697e-10 -2.42511e-10 0.305153 -1.06153e-09 0.952303 3.96253
0.940004 2.00315e-05 -0.341164 -0.048034 -1.27183e-05 1 2.36726e-05 -8.24844e-07 0.341164 -1.79133e-05 0.940004 3.95852
0.920916 1.97075e-09 -0.389762 -0.0542973 -3.08086e-09 1 -2.22306e-09 -1.16694e-10 0.389762 3.24805e-09 0.920916 3.95272
0.911514 -1.61699e-10 -0.411268 -0.0569332 -7.25916e-10 1 -2.00206e-09 -2.33269e-10 0.411268 2.12345e-09 0.911514 3.95004
0.904553 3.00367e-06 -0.426361 -0.0587091 -1.29656e-05 1 -2.04626e-05 -1.06493e-05 0.426361 2.40375e-05 0.904553 3.94813
0.891652 2.83068e-05 -0.452721 -0.0619043 -3.17375e-05 1 1.76864e-08 -3.94378e-06 0.452721 1.43525e-05 0.891652 3.9446
0.877239 -5.19057e-09 -0.480053 -0.0651871 -2.25882e-10 1 -1.12253e-08 -1.50319e-09 0.480053 9.95568e-09 0.877239 3.94077
0.855454 4.70609e-09 -0.517879 -0.0696183 -2.93316e-10 1 8.60271e-09 1.27299e-09 0.517879 -7.20732e-09 0.855454 3.93518
0.830342 -2.57312e-06 -0.557255 -0.0740732 3.94625e-06 1 1.26264e-06 2.55387e-07 0.557255 -3.24748e-06 0.830342 3.929
0.800463 -4.11535e-09 -0.599382 -0.0786345 4.16891e-09 1 -1.29848e-09 -8.0458e-10 0.599382 -1.45939e-09 0.800463 3.92193
0.781509 1.69116e-09 -0.623894 -0.0810956 -1.50872e-09 1 8.20787e-10 2.08667e-10 0.623894 2.99832e-10 0.781509 3.91764
0.770992 2.59884e-05 -0.636845 -0.082304 -3.36981e-05 1 1.16035e-08 -3.58227e-06 0.636845 2.14515e-05 0.770992 3.91534
0.754248 3.02321e-09 -0.65659 -0.0842441 -2.75535e-09 1 1.43925e-09 3.7205e-10 0.65659 7.23581e-10 0.754248 3.91164
0.728368 -3.85906e-09 -0.685186 -0.087004 4.30553e-09 1 -1.05526e-09 -4.07224e-10 0.685186 -2.18147e-09 0.728368 3.90599
0.697477 -1.96611e-05 -0.716607 -0.0898974 -4.82102e-08 1 -2.74833e-05 -9.80733e-06 0.716607 1.92035e-05 0.697477 3.89941
0.666666 2.03691e-05 -0.745357 -0.0923833 -3.05281e-05 1 2.29363e-08 -4.16661e-06 0.745357 2.2739e-05 0.666666 3.893
0.627291 -4.74218e-09 -0.778785 -0.0950466 4.99011e-09 1 -2.0698e-09 -5.80862e-10 0.778785 -2.58785e-09 0.627291 3.88503
0.605558 -2.99739e-05 -0.795801 -0.0962414 1.37862e-05 1 -2.71746e-05 -1.07011e-05 0.795801 5.48478e-06 0.605558 3.88077
0.564785 -1.69587e-05 -0.825238 -0.0981703 1.60428e-05 1 -9.57055e-06 -2.97075e-06 0.825238 -7.83383e-06 0.564785 3.87288
0.54336 -5.88077e-09 -0.8395 -0.0990204 4.58783e-09 1 -4.03565e-09 -8.50824e-10 0.8395 -1.65867e-09 0.54336 3.86878
0.500328 -1.70743e-05 -0.865836 -0.100387 2.01399e-05 1 -8.08209e-06 -3.72172e-06 0.865836 -1.33942e-05 0.500328 3.86068
0.458268 -2.18109e-09 -0.888814 -0.101302 4.14754e-09 1 -3.15478e-10 -5.23332e-10 0.888814 -3.54182e-09 0.458268 3.85294
0.412116 -2.72701e-05 -0.911132 -0.101858 -4.66349e-08 1 -2.9951e-05 -9.80723e-06 0.911132 1.23858e-05 0.412116 3.84464
0.387431 -1.2146e-05 -0.921899 -0.101933 3.12752e-05 1 -3.13974e-08 -5.78254e-06 0.921899 -2.88204e-05 0.387431 3.84034
0.350852 -9.5006e-06 -0.936431 -0.101876 3.86779e-05 1 4.34586e-06 -5.99842e-06 0.936431 -3.77439e-05 0.350852 3.83399
0.310383 -3.65308e-09 -0.950612 -0.101552 -1.63618e-09 1 -4.3771e-09 -5.04358e-10 0.950612 2.91395e-09 0.310383 3.82703
0.270603 -1.01916e-09 -0.962691 -0.100959 5.21266e-09 1 4.06573e-10 -6.88092e-10 0.962691 -5.1282e-09 0.270603 3.8203
0.225626 -6.03109e-09 -0.974214 -0.0999619 1.25799e-10 1 -6.16159e-09 -8.76591e-10 0.974214 1.26766e-09 0.225626 3.81282
0.192071 -1.07318e-05 -0.981381 -0.0989562 1.54928e-05 1 -7.90323e-06 -2.86252e-06 0.981381 -1.36864e-05 0.192071 3.80746
0.183211 -9.83301e-10 -0.983074 -0.0986458 1.39641e-09 1 -7.3999e-10 -1.91379e-10 0.983074 -1.2372e-09 0.183211 3.80611
0.160405 -2.01151e-05 -0.987051 -0.097846 -1.10327e-05 1 -2.21719e-05 -1.05194e-05 0.987051 1.44463e-05 0.160405 3.80248
0.12385 -2.58851e-09 -0.992301 -0.09642 4.72623e-09 1 -2.01871e-09 -5.69739e-10 0.992301 -4.43982e-09 0.12385 3.79664
0.0626014 1.9984e-10 -0.998039 -0.0935781 -4.44565e-09 1 -7.86179e-11 -4.61996e-10 0.998039 4.44185e-09 0.0626014 3.78702
0.0249394 -9.52352e-07 -0.999689 -0.0915454 3.77796e-05 1 -1.01529e-08 -6.98109e-06 0.999689 -3.77676e-05 0.0249394 3.78121
-0.0219331 1.55409e-09 -0.999759 -0.0887128 -4.49222e-09 1 1.65302e-09 5.19763e-10 0.999759 4.5274e-09 -0.0219331 3.77413
-0.0554751 2.09564e-05 -0.99846 -0.0864725 9.56849e-06 1 2.04571e-05 6.19002e-07 0.99846 -8.4189e-06 -0.0554751 3.76925
-0.0875643 6.02066e-09 -0.996159 -0.0841769 4.58611e-09 1 5.64075e-09 5.93167e-10 0.996159 -4.07456e-09 -0.0875643 3.76458
-0.129639 2.11945e-10 -0.991561 -0.0809294 6.8513e-09 1 -6.82008e-10 -1.19927e-09 0.991561 -6.88189e-09 -0.129639 3.75852
-0.170477 5.04631e-06 -0.985362 -0.0775149 3.04695e-05 1 -1.50253e-07 -5.6388e-06 0.985362 -3.00491e-05 -0.170477 3.75273
-0.222088 2.40396e-05 -0.975027 -0.0728209 5.78583e-08 1 2.46422e-05 -3.42251e-09 0.975027 5.41631e-06 -0.222088 3.74557
-0.259817 -8.82497e-10 -0.965658 -0.0691176 -4.79459e-09 1 3.76136e-10 3.47804e-10 0.965658 4.72766e-09 -0.259817 3.74044
-0.298044 -4.77333e-10 -0.954552 -0.0661703 2.05232e-09 1 -1.14086e-09 -2.84912e-10 0.954552 -2.29907e-09 -0.298044 3.73517
-0.308424 -5.74424e-06 -0.951249 -0.070924 8.38208e-06 1 -8.75635e-06 -1.5487e-06 0.951249 -1.06741e-05 -0.308424 3.73208
-0.3181 -1.25564e-06 -0.948057 -0.0893202 1.66228e-05 1 -6.90187e-06 -3.07112e-06 0.948057 -1.79549e-05 -0.3181 3.72477
-0.32198 2.42163e-06 -0.946746 -0.111693 -5.20361e-06 1 4.32755e-06 9.61376e-07 0.946746 6.31989e-06 -0.32198 3.71692
-0.323521 1.49308e-06 -0.946221 -0.130061 -2.87475e-05 1 1.14069e-05 1.56068e-06 0.946221 3.08918e-05 -0.323521 3.71064
-0.325037 -5.17201e-11 -0.945701 -0.16779 3.16978e-12 1 -5.57791e-11 -2.06335e-11 0.945701 -2.1128e-11 -0.325037 3.69784
-0.325539 -1.11725e-05 -0.945528 -0.189206 -3.43201e-05 1 3.25609e-11 -2.22215e-06 0.945528 3.24506e-05 -0.325539 3.69061
-0.32586 1.13026e-05 -0.945418 -0.208728 3.46857e-05 1 -8.97651e-11 -6.40813e-06 0.945418 -3.27925e-05 -0.32586 3.68403
-0.325984 -2.57951e-05 -0.945375 -0.225037 -1.77334e-05 1 -2.11707e-05 -7.49941e-06 0.945375 9.86335e-06 -0.325984 3.6785
-0.326077 -3.98212e-11 -0.945343 -0.252539 4.76176e-11 1 -5.85482e-11 -1.09506e-11 0.945343 -6.41062e-11 -0.326077 3.66912
-0.326127 -1.37689e-11 -0.945326 -0.290421 1.01649e-10 1 -4.96329e-11 2.16363e-11 0.945326 -1.12278e-10 -0.326127 3.65614
-0.326139 -2.31029e-10 -0.945322 -0.309235 -1.7725e-10 1 -1.8324e-10 -1.57706e-11 0.945322 1.07797e-10 -0.326139 3.64968
-0.326153 1.55835e-05 -0.945317 -0.339712 4.77798e-05 1 -6.26811e-11 -8.82722e-06 0.945317 -4.51671e-05 -0.326153 3.63921
-0.326158 -3.62988e-06 -0.945315 -0.357413 -1.11291e-05 1 -5.29329e-11 -7.20589e-07 0.945315 1.05204e-05 -0.326158 3.63313
-0.326161 -6.47553e-06 -0.945314 -0.370774 -1.98536e-05 1 -6.87759e-11 -1.28543e-06 0.945314 1.87679e-05 -0.326161 3.62854
-0.326163 -6.45123e-06 -0.945314 -0.390819 -1.9779e-05 1 -6.90374e-11 -1.28061e-06 0.945314 1.86973e-05 -0.326163 3.62164
-0.326163 -7.65828e-11 -0.945313 -0.412152 -5.45036e-11 1 -6.22077e-11 -1.22648e-11 0.945313 3.12332e-11 -0.326163 3.61429
-0.326164 1.66375e-05 -0.945313 -0.442529 5.10097e-05 1 -6.55119e-11 -9.4239e-06 0.945313 -4.82202e-05 -0.326164 3.60381
-0.326164 1.66375e-05 -0.945313 -0.463695 5.10097e-05 1 -6.54679e-11 -9.4239e-06 0.945313 -4.82202e-05 -0.326164 3.59652
-0.326164 -1.11458e-06 -0.945313 -0.501784 -3.41707e-06 1 -5.86239e-11 6.31299e-07 0.945313 3.23019e-06 -0.326164 3.58338
-0.326164 8.47085e-07 -0.945313 -0.527595 2.59776e-06 1 -2.21953e-10 -4.80525e-07 0.945313 -2.45577e-06 -0.326164 3.57448
-0.326164 -2.09571e-05 -0.945313 -0.54606 -3.07607e-05 1 -1.1556e-05 -1.99173e-06 0.945313 2.53093e-05 -0.326164 3.56811
-0.326164 -3.02467e-05 -0.945313 -0.587562 -1.25401e-05 1 -2.76697e-05 -9.11301e-06 0.945313 2.82942e-06 -0.326164 3.55379
-0.326164 3.02419e-05 -0.945313 -0.616565 1.25423e-05 1 2.76639e-05 -6.97574e-07 0.945313 -2.83343e-06 -0.326164 3.54379
-0.326164 3.02359e-05 -0.945313 -0.657171 1.25455e-05 1 2.76565e-05 -6.9834e-07 0.945313 -2.83888e-06 -0.326164 3.52978
-0.326164 3.02319e-05 -0.945313 -0.684544 1.25476e-05 1 2.76515e-05 -6.9885e-07 0.945313 -2.8425e-06 -0.326164 3.52033
-0.328604 -5.89103e-10 -0.944468 -0.713485 -1.42874e-09 1 -1.26646e-10 3.37938e-11 0.944468 1.30778e-09 -0.328604 3.50992
-0.343943 -4.16546e-09 -0.938991 -0.727254 9.84684e-11 1 -4.47217e-09 -6.65009e-10 0.938991 -1.63063e-09 -0.343943 3.5025
-0.378748 1.08014e-05 -0.9255 -0.738787 2.85847e-05 1 -2.70432e-08 -7.96316e-06 0.9255 -2.64654e-05 -0.378748 3.49249
-0.409239 1.13829e-05 -0.912427 -0.7433 3.10602e-05 1 -1.4556e-06 -5.73936e-06 0.912427 -2.89358e-05 -0.409239 3.4857
-0.454254 2.54375e-05 -0.890872 -0.745739 1.01319e-05 1 2.33872e-05 -4.66544e-06 0.890872 1.59747e-06 -0.454254 3.47719
-0.505907 -7.83868e-09 -0.862588 -0.745086 -1.54013e-10 1 -8.99707e-09 -1.24747e-09 0.862588 -4.41883e-09 -0.505907 3.4687
-0.524727 1.46627e-05 -0.851271 -0.745203 3.04514e-05 1 -1.54593e-06 -5.62637e-06 0.851271 -2.67336e-05 -0.524727 3.46558
-0.534671 7.49064e-06 -0.84506 -0.745712 1.40185e-05 1 -5.51103e-09 -8.90348e-06 0.84506 -1.18494e-05 -0.534671 3.46383
-0.562451 3.5988e-06 -0.826831 -0.744015 1.80262e-05 1 -7.90976e-06 -3.33356e-06 0.826831 -1.93534e-05 -0.562451 3.45985
-0.597363 8.44586e-09 -0.801971 -0.739682 3.69488e-10 1 1.02562e-08 1.45792e-09 0.801971 5.83033e-09 -0.597363 3.45552
-0.63243 1.8619e-05 -0.774618 -0.734407 2.95247e-05 1 -6.87238e-08 -7.91123e-06 0.774618 -2.29138e-05 -0.63243 3.45151
-0.664652 -5.13064e-07 -0.747153 -0.728954 -6.7075e-06 1 5.28017e-06 1.14935e-06 0.747153 8.52101e-06 -0.664652 3.44806
-0.698944 -3.04912e-09 -0.715177 -0.722581 -4.27911e-09 1 -8.14763e-11 2.08608e-10 0.715177 3.00337e-09 -0.698944 3.44463
-0.720446 -2.38614e-09 -0.693511 -0.718449 -1.3595e-09 1 -2.02837e-09 -2.16581e-10 0.693511 -5.18502e-10 -0.720446 3.44263
-0.739217 2.85502e-09 -0.673467 -0.714541 1.42315e-09 1 2.67719e-09 2.89114e-10 0.673467 1.02058e-09 -0.739217 3.44096
-0.772014 -2.1982e-05 -0.635606 -0.707094 -2.85519e-05 1 9.49974e-08 -1.82951e-06 0.635606 1.82211e-05 -0.772014 3.43823
-0.794767 9.70813e-06 -0.606915 -0.701499 1.82404e-05 1 -7.89027e-06 -3.37075e-06 0.606915 -1.73413e-05 -0.794767 3.43649
-0.82551 3.6702e-09 -0.564387 -0.693335 1.59394e-09 1 4.17158e-09 4.91426e-10 0.564387 2.54409e-09 -0.82551 3.43439
-0.855867 -2.94835e-09 -0.517196 -0.684476 -3.46625e-09 1 3.53925e-11 1.82976e-10 0.517196 1.82302e-09 -0.855867 3.43266
-0.866531 -8.44937e-10 -0.499124 -0.681201 -3.19813e-09 1 3.85944e-09 7.6848e-10 0.499124 4.94059e-09 -0.866531 3.43218
-0.874436 -4.56719e-05 -0.485141 -0.678761 -5.02232e-05 1 -3.6173e-06 -3.25139e-06 0.485141 2.12023e-05 -0.874436 3.4319
-0.888478 1.07339e-05 -0.45892 -0.674058 5.36737e-09 1 2.33791e-05 -1.11697e-10 0.45892 2.07693e-05 -0.888478 3.43142
-0.903447 4.44882e-09 -0.428699 -0.668606 1.17978e-10 1 1.01289e-08 1.47657e-09 0.428699 9.10032e-09 -0.903447 3.43098
-0.924647 -2.81493e-10 -0.380825 -0.660091 1.97502e-09 1 -5.53454e-09 -9.15767e-10 0.380825 -5.86963e-09 -0.924647 3.43067
-0.941494 -2.54536e-05 -0.337028 -0.652453 -2.52413e-05 1 -5.01176e-06 -3.13865e-06 0.337028 3.78848e-06 -0.941494 3.43077
-0.959351 4.06722e-05 -0.282216 -0.64312 3.92761e-05 1 1.06039e-05 -7.25691e-06 0.282216 -9.11472e-07 -0.959351 3.4314
-0.963167 4.48771e-05 -0.268904 -0.640932 4.59391e-05 1 2.34312e-06 -6.12958e-06 0.268904 -1.00964e-05 -0.963167 3.43165
-0.967694 1.19575e-09 -0.252126 -0.638263 1.42326e-09 1 -7.19999e-10 -2.05753e-10 0.252126 -1.05558e-09 -0.967694 3.43204
-0.974415 -8.78398e-06 -0.224758 -0.63379 -6.83244e-06 1 -9.46059e-06 -1.02519e-05 0.224758 -7.68288e-06 -0.974415 3.43271
-0.983751 -4.44441e-06 -0.179539 -0.626388 -4.13336e-06 1 -2.1066e-06 1.31526e-07 0.179539 -1.33027e-06 -0.983751 3.43404
-0.990123 -8.31089e-10 -0.140204 -0.620043 7.0076e-11 1 -6.42258e-09 -9.47751e-10 0.140204 -6.36896e-09 -0.990123 3.43545
-0.996046 3.61426e-05 -0.0888416 -0.611908 3.62869e-05 1 -1.00659e-08 -6.70534e-06 0.0888416 -3.23382e-06 -0.996046 3.43767
-0.999074 -1.04288e-06 -0.0430261 -0.604874 -1.93363e-08 1 -2.37894e-05 -9.80913e-06 0.0430261 -2.37666e-05 -0.999074 3.43891
-0.99984 -1.10335e-06 -0.0178638 -0.601485 -1.08737e-06 1 -9.04105e-07 -7.03894e-08 0.0178638 -8.84536e-07 -0.99984 3.43159
-0.999998 3.07686e-10 -0.00177718 -0.599735 3.08334e-10 1 -3.64417e-10 -1.12657e-10 0.00177718 -3.64964e-10 -0.999998 3.41263
-0.999985 -4.67807e-05 0.00554314 -0.599143 -4.67814e-05 1 1.6067e-09 -3.02878e-06 -0.00554314 -2.57709e-07 -0.999985 3.38861
-0.999949 2.15486e-05 0.0100759 -0.598846 2.13645e-05 1 -1.83826e-05 -9.46184e-06 -0.0100759 -1.81664e-05 -0.999949 3.3508
-0.999938 1.52883e-05 0.0111719 -0.598762 1.52892e-05 1 -1.28576e-10 -2.82471e-06 -0.0111719 1.70682e-07 -0.999938 3.33218
-0.999925 -1.22257e-10 0.0122655 -0.5987 -1.23562e-10 1 -1.05668e-10 -2.98715e-11 -0.0122655 -1.07175e-10 -0.999925 3.30749
-0.999918 -5.10523e-05 0.0128332 -0.598693 -5.10565e-05 1 1.45087e-10 -3.30574e-06 -0.0128332 -6.55073e-07 -0.999918 3.28966
-0.999914 3.09352e-05 0.013128 -0.598701 3.09379e-05 1 -1.13513e-10 -5.71568e-06 -0.013128 4.06037e-07 -0.999914 3.27679
-0.999912 1.10124e-05 0.0133012 -0.598702 1.10134e-05 1 -1.49392e-10 -2.03501e-06 -0.0133012 1.46342e-07 -0.999912 3.26434
-0.999911 -1.24549e-05 0.0133604 -0.598609 -1.2456e-05 1 1.47011e-10 -5.74431e-06 -0.0133604 -1.6627e-07 -0.999911 3.25096
-0.99991 -9.06535e-11 0.0134016 -0.598387 -9.1005e-11 1 -2.56198e-11 -2.4991e-11 -0.0134016 -2.68371e-11 -0.99991 3.22834
-0.99991 1.97751e-05 0.013423 -0.598078 1.97769e-05 1 -3.64507e-11 -3.65372e-06 -0.013423 2.65429e-07 -0.99991 3.20088
-0.99991 -1.84654e-11 0.0134333 -0.597752 -1.88283e-11 1 -2.6886e-11 -4.34232e-11 -0.0134333 -2.71365e-11 -0.99991 3.17344
-0.99991 -1.98655e-05 0.0134399 -0.597425 -1.98673e-05 1 -2.97732e-11 -1.28633e-06 -0.0134399 -2.67045e-07 -0.99991 3.14629
-0.99991 1.97806e-05 0.0134429 -0.597211 1.97824e-05 1 -3.19808e-11 -3.65474e-06 -0.0134429 2.65901e-07 -0.99991 3.12878
-0.99991 -1.98659e-05 0.0134443 -0.597071 -1.98677e-05 1 -3.08078e-11 -1.28636e-06 -0.0134443 -2.67139e-07 -0.99991 3.11697
-0.99991 -2.00956e-05 0.0134452 -0.596848 -2.00974e-05 1 -3.10039e-11 -1.30123e-06 -0.0134452 -2.70245e-07 -0.99991 3.09947
-0.99991 -3.75273e-06 0.0134458 -0.596395 -3.75307e-06 1 -1.69324e-11 -2.43013e-07 -0.0134458 -5.04798e-08 -0.99991 3.06486
-0.99991 -3.09199e-06 0.0134459 -0.596164 -3.09227e-06 1 -2.02752e-11 5.71275e-07 -0.0134459 -4.15985e-08 -0.99991 3.04742
-0.99991 3.46836e-05 0.013446 -0.595743 3.46868e-05 1 -1.13117e-11 -6.40835e-06 -0.013446 4.66388e-07 -0.99991 3.01587
-0.99991 -1.9704e-05 0.0134461 -0.595297 -1.97058e-05 1 -3.10815e-11 -1.27588e-06 -0.0134461 -2.64997e-07 -0.99991 2.98227
-0.99991 -1.9704e-05 0.0134461 -0.594821 -1.97058e-05 1 -3.10905e-11 -1.27588e-06 -0.0134461 -2.64997e-07 -0.99991 2.94659
-0.99991 -3.7529e-06 0.0134461 -0.594592 -3.75324e-06 1 -1.69472e-11 -2.43026e-07 -0.0134461 -5.04835e-08 -0.99991 2.92956
-0.99991 -3.7529e-06 0.0134461 -0.594044 -3.75324e-06 1 -1.69478e-11 -2.43026e-07 -0.0134461 -5.04835e-08 -0.99991 2.88871
-0.99991 -1.9704e-05 0.0134461 -0.593727 -1.97058e-05 1 -3.10959e-11 -1.27588e-06 -0.0134461 -2.64998e-07 -0.99991 2.86501
-0.99991 3.45374e-05 0.0134461 -0.593153 3.45405e-05 1 -1.13306e-11 -6.38133e-06 -0.0134461 4.64426e-07 -0.99991 2.82245
-0.99991 -5.10934e-05 0.0134461 -0.592671 -5.10981e-05 1 -2.7241e-11 -3.30846e-06 -0.0134461 -6.87097e-07 -0.99991 2.78623
-0.99991 1.9345e-05 0.0134461 -0.592284 1.93467e-05 1 -3.1252e-11 -3.57425e-06 -0.0134461 2.60107e-07 -0.99991 2.75772
-0.99991 4.773e-05 0.0134462 -0.591998 4.77343e-05 1 -2.15704e-11 -8.81884e-06 -0.0134462 6.41822e-07 -0.99991 2.73653
-0.99991 -3.67258e-06 0.0134461 -0.591713 -3.67291e-06 1 -1.26525e-11 6.7856e-07 -0.0134461 -4.93991e-08 -0.99991 2.71511
-0.99991 -4.38719e-05 0.0134461 -0.591255 -4.38758e-05 1 -3.0205e-11 -2.84081e-06 -0.0134461 -5.8999e-07 -0.99991 2.68094
-0.99991 -1.40478e-10 0.0134461 -0.590823 -1.41467e-10 1 -7.26138e-11 -2.38817e-11 -0.0134461 -7.45095e-11 -0.99991 2.64898
-0.99991 -2.46692e-05 0.0134464 -0.590378 -2.4774e-05 1 -7.62662e-06 -3.03694e-06 -0.0134464 -7.95905e-06 -0.99991 2.61581
-0.99991 -4.31772e-05 0.0134467 -0.590094 -4.31811e-05 1 -1.40572e-11 -2.79593e-06 -0.0134467 -5.80658e-07 -0.99991 2.59459
-0.99991 -3.6726e-06 0.013447 -0.589794 -3.67293e-06 1 -1.26106e-11 6.78562e-07 -0.013447 -4.94025e-08 -0.99991 2.57251
-0.99991 3.46836e-05 0.0134471 -0.58955 3.46868e-05 1 -1.13129e-11 -6.40835e-06 -0.0134471 4.66426e-07 -0.99991 2.55451
-0.99991 -4.16215e-05 0.0134471 -0.589153 -4.16252e-05 1 -2.92631e-11 -2.6951e-06 -0.0134471 -5.5977e-07 -0.99991 2.52466
-0.99991 -4.16215e-05 0.0134472 -0.588605 -4.16252e-05 1 -2.9274e-11 -2.6951e-06 -0.0134472 -5.59771e-07 -0.99991 2.48399
-0.99991 -3.6726e-06 0.0134472 -0.588289 -3.67293e-06 1 -1.26048e-11 6.78561e-07 -0.0134472 -4.94033e-08 -0.99991 2.46058
-0.99991 -3.6726e-06 0.0134472 -0.587832 -3.67293e-06 1 -1.26045e-11 6.78561e-07 -0.0134472 -4.94033e-08 -0.99991 2.42659
-0.99991 -4.16215e-05 0.0134472 -0.587679 -4.16252e-05 1 -2.92806e-11 -2.6951e-06 -0.0134472 -5.59772e-07 -0.99991 2.41511
-0.99991 -4.16215e-05 0.0134472 -0.587288 -4.16252e-05 1 -2.92815e-11 -2.6951e-06 -0.0134472 -5.59773e-07 -0.99991 2.38604
-0.99991 7.10905e-09 0.0134376 -0.586913 4.76559e-12 1 -5.28688e-07 -1.71482e-11 -0.0134376 -5.2864e-07 -0.99991 2.35813
-0.99991 -1.91653e-08 0.0134146 -0.586543 4.99358e-11 1 1.43242e-06 4.29711e-07 -0.0134146 1.43229e-06 -0.99991 2.3301
-0.99991 -1.29712e-05 0.0133992 -0.586099 -1.29723e-05 1 1.40913e-12 -5.70327e-06 -0.0133992 -1.73818e-07 -0.99991 2.2966
-0.99991 1.29667e-05 0.0133916 -0.585678 1.29679e-05 1 -1.90932e-10 -4.10719e-06 -0.0133916 1.7347e-07 -0.99991 2.26513
-0.99991 1.29619e-05 0.013387 -0.585297 1.29631e-05 1 -3.79585e-10 -4.10765e-06 -0.013387 1.73157e-07 -0.99991 2.23661
-0.99991 1.29551e-05 0.013384 -0.584935 1.29563e-05 1 -6.66612e-10 -4.1083e-06 -0.013384 1.72741e-07 -0.99991 2.2095
-0.99991 1.29513e-05 0.0133832 -0.584791 1.29524e-05 1 -8.36469e-10 -4.10868e-06 -0.0133832 1.72509e-07 -0.99991 2.19875
-0.99991 -1.2948e-05 0.0133828 -0.584694 -1.29491e-05 1 9.4339e-10 -5.70104e-06 -0.0133828 -1.72352e-07 -0.99991 2.19139
-0.99991 -1.29412e-05 0.0133823 -0.584554 -1.29424e-05 1 1.24666e-09 -5.70039e-06 -0.0133823 -1.71952e-07 -0.99991 2.18088
-0.99991 1.29368e-05 0.0133822 -0.584491 1.29379e-05 1 -1.48591e-09 -4.11008e-06 -0.0133822 1.71652e-07 -0.99991 2.17626
-0.99991 3.49535e-05 0.0133822 -0.584439 3.49566e-05 1 -1.27239e-11 -6.45822e-06 -0.0133822 4.67782e-07 -0.99991 2.17249
-0.99991 -4.57655e-05 0.0133821 -0.584407 -4.57696e-05 1 -1.83146e-11 -2.96352e-06 -0.0133821 -6.1251e-07 -0.99991 2.16977
-0.99991 2.41361e-12 0.0133821 -0.584383 2.0946e-12 1 -2.38527e-11 -3.81558e-11 -0.0133821 -2.38226e-11 -0.99991 2.16816
-0.99991 2.39558e-12 0.0133821 -0.584363 2.0766e-12 1 -2.38502e-11 -3.81662e-11 -0.0133821 -2.38203e-11 -0.99991 2.16665
-0.99991 2.37763e-12 0.0133821 -0.584348 2.05868e-12 1 -2.38479e-11 -3.81732e-11 -0.0133821 -2.38182e-11 -0.99991 2.16556
-0.99991 2.35606e-12 0.0133821 -0.584336 2.03714e-12 1 -2.38453e-11 -3.81786e-11 -0.0133821 -2.38159e-11 -0.99991 2.16464
-0.99991 2.34166e-12 0.0133821 -0.58433 2.02276e-12 1 -2.38437e-11 -3.81809e-11 -0.0133821 -2.38145e-11 -0.99991 2.1642
-0.99991 2.32733e-12 0.0133821 -0.584325 2.00846e-12 1 -2.3842e-11 -3.81823e-11 -0.0133821 -2.3813e-11 -0.99991 2.16386
-0.99991 2.30215e-12 0.0133821 -0.58432 1.98331e-12 1 -2.38392e-11 -3.81835e-11 -0.0133821 -2.38105e-11 -0.99991 2.16345
-0.99991 -9.38589e-11 0.0133821 -0.584317 -9.41281e-11 1 -1.9483e-11 -1.73319e-11 -0.0133821 -2.07409e-11 -0.99991 2.16323
-0.99991 -9.38446e-11 0.0133821 -0.584315 -9.41138e-11 1 -1.94846e-11 -1.73391e-11 -0.0133821 -2.07423e-11 -0.99991 2.16312
-0.99991 -9.38266e-11 0.0133821 -0.584314 -9.40958e-11 1 -1.94865e-11 -1.73478e-11 -0.0133821 -2.0744e-11 -0.99991 2.16301
-0.99991 2.22672e-12 0.0133821 -0.584313 1.90799e-12 1 -2.38308e-11 -3.81813e-11 -0.0133821 -2.38031e-11 -0.99991 2.16292
-0.99991 2.21599e-12 0.0133821 -0.584312 1.89727e-12 1 -2.38296e-11 -3.81806e-11 -0.0133821 -2.38021e-11 -0.99991 2.16288
-0.99991 -9.37728e-11 0.0133821 -0.584312 -9.40421e-11 1 -1.94923e-11 -1.73727e-11 -0.0133821 -2.07491e-11 -0.99991 2.16284
-0.99991 -9.37478e-11 0.0133821 -0.584311 -9.40171e-11 1 -1.9495e-11 -1.7384e-11 -0.0133821 -2.07514e-11 -0.99991 2.1628
-0.999923 6.87679e-07 0.0124164 -0.584462 6.80703e-07 1 -5.66066e-07 -1.25784e-07 -0.0124164 -5.57571e-07 -0.999923 2.16273
-0.999217 -2.87982e-05 -0.0395681 -0.592603 -2.88196e-05 1 -2.7532e-08 -4.49e-06 0.0395681 1.11283e-06 -0.999217 2.1597
-0.994625 -5.24458e-07 -0.103543 -0.602775 1.67363e-06 1 -2.11419e-05 -6.23534e-06 0.103543 -2.12016e-05 -0.994625 2.15657
-0.983951 -9.65273e-09 -0.178439 -0.61504 -9.49084e-09 1 -1.76087e-09 2.7793e-10 0.178439 -3.90729e-11 -0.983951 2.15311
-0.966014 -9.77465e-09 -0.258488 -0.62986 -9.98343e-09 1 -5.04912e-10 4.82486e-10 0.258488 2.09284e-09 -0.966014 2.14337
-0.931998 6.75056e-09 -0.362464 -0.652865 7.21706e-09 1 6.69611e-11 -4.6335e-10 0.362464 -2.55352e-09 -0.931998 2.12173
-0.911193 3.31745e-09 -0.411979 -0.668755 3.87908e-09 1 -5.27082e-10 -3.32732e-10 0.411979 -2.07838e-09 -0.911193 2.09861
-0.901188 8.33722e-06 -0.433428 -0.680107 -6.48368e-09 1 1.9249e-05 -4.03511e-06 0.433428 1.73498e-05 -0.901188 2.07746
-0.894476 5.18685e-06 -0.447116 -0.69268 6.25387e-06 1 -9.10456e-07 -1.42907e-06 0.447116 -3.61059e-06 -0.894476 2.05165
-0.890382 -1.15967e-05 -0.455214 -0.703947 -1.5996e-05 1 5.81219e-06 -5.1109e-06 0.455214 1.24567e-05 -0.890382 2.02735
-0.88808 2.23015e-05 -0.459689 -0.712528 2.51118e-05 1 4.29281e-10 -4.63934e-06 0.459689 -1.15433e-05 -0.88808 2.00807
-0.886885 3.94126e-05 -0.461991 -0.723714 4.44392e-05 1 3.03932e-10 -8.21006e-06 0.461991 -2.05302e-05 -0.886885 1.98403
-0.886476 -5.61775e-07 -0.462774 -0.73317 -1.11975e-06 1 9.31034e-07 2.06812e-07 0.462774 1.34353e-06 -0.886476 1.96453
-0.886153 4.49086e-05 -0.463392 -0.749521 5.0678e-05 1 1.15357e-10 -9.36263e-06 0.463392 -2.34837e-05 -0.886153 1.93159
-0.886033 -1.10411e-05 -0.463622 -0.76277 -1.24612e-05 1 -1.41728e-10 -5.74411e-06 0.463622 5.77718e-06 -0.886033 1.90534
-0.885961 -2.72237e-05 -0.46376 -0.774464 -3.07278e-05 1 -9.5178e-11 -1.98954e-06 0.46376 1.42502e-05 -0.885961 1.88221
-0.886627 -8.43412e-10 -0.462484 -0.782639 -2.38151e-11 1 -1.778e-09 -2.58198e-10 0.462484 -1.56541e-09 -0.886627 1.86549
-0.8945 -1.83635e-06 -0.447067 -0.785314 -1.05178e-05 1 1.69367e-05 -6.81588e-07 0.447067 1.9852e-05 -0.8945 1.85418
-0.907362 1.66843e-05 -0.420351 -0.784537 2.25916e-05 1 -9.07448e-06 -1.1067e-05 0.420351 -1.77302e-05 -0.907362 1.84559
-0.92376 -7.07156e-10 -0.382972 -0.781167 -1.11378e-10 1 -1.57784e-09 -2.76953e-10 0.382972 -1.41489e-09 -0.92376 1.83862
-0.944838 -3.32471e-05 -0.327537 -0.774436 -3.5191e-05 1 8.33459e-09 -2.27741e-06 0.327537 1.15342e-05 -0.944838 1.83273
-0.958792 -8.21088e-06 -0.284109 -0.76858 -5.13636e-08 1 -2.87271e-05 -8.60928e-06 0.284109 -2.75287e-05 -0.958792 1.83007
-0.965662 -2.18297e-09 -0.259803 -0.765597 -3.001e-09 1 2.75202e-09 5.63405e-10 0.259803 3.43718e-09 -0.965662 1.82844
-0.969729 -1.05082e-09 -0.244183 -0.764041 -1.33126e-09 1 9.83422e-10 1.7582e-10 0.244183 1.27872e-09 -0.969729 1.82697
-0.971233 5.34008e-10 -0.238133 -0.763622 5.7117e-10 1 -8.70549e-11 -9.63711e-11 0.238133 -2.20565e-10 -0.971233 1.82617
-0.972328 -2.10849e-10 -0.233618 -0.763486 -1.2854e-10 1 -3.67546e-10 -7.96927e-11 0.233618 -3.27346e-10 -0.972328 1.82532
-0.972853 -2.44113e-10 -0.231422 -0.763562 -1.76992e-10 1 -3.108e-10 -3.73449e-11 0.231422 -2.61403e-10 -0.972853 1.82471
-0.973683 5.36075e-06 -0.227908 -0.763256 2.02917e-09 1 2.35129e-05 -5.56942e-11 0.227908 2.28936e-05 -0.973683 1.82437
-0.977962 8.66545e-10 -0.208782 -0.760214 -1.18546e-10 1 4.70576e-09 6.46535e-10 0.208782 4.62681e-09 -0.977962 1.82457
-0.984636 -4.41545e-09 -0.174621 -0.754684 -4.84615e-09 1 2.04009e-09 5.34985e-10 0.174621 2.85499e-09 -0.984636 1.82537
-0.991114 -3.36697e-05 -0.133012 -0.748086 -3.39769e-05 1 3.92625e-08 -2.19433e-06 0.133012 4.55824e-06 -0.991114 1.82616
-0.996576 -1.14228e-05 -0.0826874 -0.741435 -1.16869e-05 1 2.70985e-06 -6.83911e-06 0.0826874 3.66693e-06 -0.996576 1.81788
-0.999154 4.68961e-09 -0.0411348 -0.736619 4.69377e-09 1 -4.53748e-12 -3.39315e-10 0.0411348 -1.97611e-10 -0.999154 1.80378
-0.999923 2.32256e-09 -0.0124177 -0.734083 2.33634e-09 1 -1.09524e-09 -3.49131e-10 0.0124177 -1.12417e-09 -0.999923 1.78156
-0.999999 2.15954e-05 0.00140524 -0.733403 2.15832e-05 1 -8.66945e-06 -3.9899e-06 -0.00140524 -8.63911e-06 -0.999999 1.75734
-0.999931 -4.10922e-10 0.0117311 -0.73344 -4.16744e-10 1 -4.93813e-10 -9.14189e-11 -0.0117311 -4.98668e-10 -0.999931 1.72752
-0.999902 -2.32689e-11 0.013964 -0.733604 -2.35459e-11 1 -1.96743e-11 -6.5048e-11 -0.013964 -2.00011e-11 -0.999902 1.71831
-0.999866 9.94961e-11 0.0163445 -0.733944 9.73633e-11 1 -1.31285e-10 -7.77444e-11 -0.0163445 -1.29676e-10 -0.999866 1.7048
-0.999851 -1.30318e-05 0.0172639 -0.734078 -1.30338e-05 1 4.56039e-10 -5.69843e-06 -0.0172639 -2.24557e-07 -0.999851 1.69134
-0.99984 -4.72875e-11 0.017905 -0.734062 -5.10379e-11 1 -2.09001e-10 -9.81001e-06 -0.017905 -2.09881e-10 -0.99984 1.66863
-0.999833 5.06654e-05 0.018282 -0.733815 5.06738e-05 1 -1.14478e-10 -9.36189e-06 -0.018282 9.26303e-07 -0.999833 1.63513
-0.99983 5.95939e-13 0.0184335 -0.733474 3.65482e-13 1 -1.25054e-11 -3.38599e-11 -0.0184335 -1.24966e-11 -0.99983 1.60407
-0.999829 -7.6238e-07 0.0185064 -0.733209 -7.62527e-07 1 -8.89158e-10 -4.9718e-08 -0.0185064 -1.50006e-08 -0.999829 1.5812
-0.999828 -6.34226e-11 0.01855 -0.732995 -6.36978e-11 1 -1.42464e-11 -1.77265e-11 -0.01855 -1.54256e-11 -0.999828 1.56255
-0.999828 -5.09983e-05 0.018571 -0.732857 -5.10071e-05 1 -1.95353e-11 -3.30259e-06 -0.018571 -9.47272e-07 -0.999828 1.5502
-0.999827 1.89634e-05 0.0185844 -0.732581 1.89667e-05 1 -3.39353e-11 -3.50406e-06 -0.0185844 3.52451e-07 -0.999827 1.53129
-0.999827 3.46579e-05 0.018591 -0.732144 3.46639e-05 1 -1.18349e-11 -6.40414e-06 -0.018591 6.44424e-07 -0.999827 1.50481
-0.999827 1.95332e-05 0.0185935 -0.731753 1.95366e-05 1 -3.18425e-11 -3.60934e-06 -0.0185935 3.63221e-07 -0.999827 1.48214
-0.999827 -4.34457e-05 0.0185955 -0.731045 -4.34532e-05 1 -1.40755e-11 -2.81357e-06 -0.0185955 -8.08049e-07 -0.999827 1.44202
-0.999827 3.65005e-06 0.0185963 -0.730612 3.65068e-06 1 -1.9863e-11 2.36352e-07 -0.0185963 6.78694e-08 -0.999827 1.41791
-0.999827 1.30193e-05 0.0185967 -0.730328 1.30215e-05 1 -9.52237e-12 -7.26205e-06 -0.0185967 2.42147e-07 -0.999827 1.40201
-0.999827 1.24156e-10 0.0185969 -0.730088 1.26578e-10 1 1.29092e-10 -3.20786e-11 -0.0185969 1.31423e-10 -0.999827 1.38849
-0.999827 -4.5845e-11 0.018597 -0.729713 -4.61234e-11 1 -1.45388e-11 -2.18752e-11 -0.018597 -1.5394e-11 -0.999827 1.36793
-0.999827 -4.5845e-11 0.0185971 -0.729354 -4.61234e-11 1 -1.45388e-11 -2.20258e-11 -0.0185971 -1.5394e-11 -0.999827 1.34841
-0.999827 -1.24677e-05 0.0185971 -0.728831 -1.24698e-05 1 -9.13128e-12 -5.74342e-06 -0.0185971 -2.31911e-07 -0.999827 1.32005
-0.999827 -1.17911e-05 0.0185971 -0.728252 -1.17932e-05 1 -3.11868e-11 -7.63578e-07 -0.0185971 -2.1935e-07 -0.999827 1.28874
-0.999827 -4.5845e-11 0.0185971 -0.727774 -4.61234e-11 1 -1.45388e-11 -2.26841e-11 -0.0185971 -1.5394e-11 -0.999827 1.26299
-0.999827 -4.5845e-11 0.0185971 -0.72739 -4.61234e-11 1 -1.45388e-11 -2.2844e-11 -0.0185971 -1.5394e-11 -0.999827 1.24224
-0.999827 -4.5845e-11 0.0185971 -0.727024 -4.61234e-11 1 -1.45388e-11 -2.29958e-11 -0.0185971 -1.5394e-11 -0.999827 1.22253
-0.999827 -4.5845e-11 0.0185971 -0.726364 -4.61234e-11 1 -1.45388e-11 -2.32693e-11 -0.0185971 -1.5394e-11 -0.999827 1.18702
-0.999827 2.62453e-05 0.0185971 -0.725842 2.64555e-05 1 1.1053e-05 -4.78123e-06 -0.0185971 1.15431e-05 -0.999827 1.15897
-0.999827 -4.5845e-11 0.0185971 -0.725296 -4.61234e-11 1 -1.45388e-11 -2.37123e-11 -0.0185971 -1.53941e-11 -0.999827 1.12952
-0.999827 -1.1445e-05 0.0185971 -0.724814 -1.1447e-05 1 -3.84388e-12 -5.86275e-06 -0.0185971 -2.12884e-07 -0.999827 1.10356
-0.999827 -5.11743e-05 0.0185971 -0.724497 -5.11832e-05 1 -2.71436e-11 -3.31399e-06 -0.0185971 -9.51886e-07 -0.999827 1.08644
-0.999827 -2.05698e-05 0.0185971 -0.724143 -2.05734e-05 1 -8.87121e-12 -1.33212e-06 -0.0185971 -3.82614e-07 -0.999827 1.06746
-0.999827 5.10779e-05 0.0185971 -0.723927 5.10867e-05 1 -2.69832e-11 -9.43816e-06 -0.0185971 9.5004e-07 -0.999827 1.05606
-0.999827 -4.5845e-11 0.0185971 -0.723388 -4.61234e-11 1 -1.45388e-11 -2.45025e-11 -0.0185971 -1.5394e-11 -0.999827 1.02692
-0.999827 -4.5845e-11 0.0185971 -0.722905 -4.61234e-11 1 -1.45388e-11 -2.47026e-11 -0.0185971 -1.5394e-11 -0.999827 1.00093
-0.999827 -4.5845e-11 0.0185971 -0.722318 -4.61234e-11 1 -1.45388e-11 -2.49455e-11 -0.0185971 -1.5394e-11 -0.999827 0.969396
-0.999827 -4.5845e-11 0.0185971 -0.721796 -4.61234e-11 1 -1.45388e-11 -2.51617e-11 -0.0185971 -1.5394e-11 -0.999827 0.941321
-0.999827 -4.5845e-11 0.0185971 -0.721517 -4.61233e-11 1 -1.45388e-11 -2.52774e-11 -0.0185971 -1.5394e-11 -0.999827 0.9263
-0.999827 -4.5845e-11 0.0185971 -0.721034 -4.61233e-11 1 -1.45388e-11 -2.54774e-11 -0.0185971 -1.5394e-11 -0.999827 0.900332
-0.999827 -4.5845e-11 0.0185971 -0.720418 -4.61233e-11 1 -1.45388e-11 -2.57324e-11 -0.0185971 -1.5394e-11 -0.999827 0.867224
-0.999827 -4.5845e-11 0.0185971 -0.720074 -4.61234e-11 1 -1.45388e-11 -2.58747e-11 -0.0185971 -1.5394e-11 -0.999827 0.848749
-0.999827 -4.5845e-11 0.0185971 -0.719335 -4.61234e-11 1 -1.45388e-11 -2.61806e-11 -0.0185971 -1.5394e-11 -0.999827 0.809027
-0.999827 -4.5845e-11 0.0185971 -0.718634 -4.61234e-11 1 -1.45388e-11 -2.64711e-11 -0.0185971 -1.5394e-11 -0.999827 0.771312
-0.999827 -4.5845e-11 0.0185971 -0.718228 -4.61233e-11 1 -1.45388e-11 -2.66391e-11 -0.0185971 -1.5394e-11 -0.999827 0.74949
-0.999827 -4.5845e-11 0.0185971 -0.717767 -4.61233e-11 1 -1.45388e-11 -2.68299e-11 -0.0185971 -1.5394e-11 -0.999827 0.724716
-0.999827 -4.5845e-11 0.0185971 -0.71737 -4.61234e-11 1 -1.45388e-11 -2.69943e-11 -0.0185971 -1.5394e-11 -0.999827 0.703378
-0.999827 -4.5845e-11 0.0185971 -0.716904 -4.61234e-11 1 -1.45388e-11 -2.71873e-11 -0.0185971 -1.5394e-11 -0.999827 0.678308
-0.999827 -4.5845e-11 0.0185971 -0.716143 -4.61234e-11 1 -1.45388e-11 -2.75026e-11 -0.0185971 -1.5394e-11 -0.999827 0.637378
-0.999827 -4.5845e-11 0.0185971 -0.715707 -4.61234e-11 1 -1.45388e-11 -2.7683e-11 -0.0185971 -1.5394e-11 -0.999827 0.613952
-0.999827 -4.5845e-11 0.0185971 -0.715119 -4.61234e-11 1 -1.45388e-11 -2.79265e-11 -0.0185971 -1.5394e-11 -0.999827 0.582332
-0.999827 -4.5845e-11 0.0185971 -0.714757 -4.61233e-11 1 -1.45388e-11 -2.80762e-11 -0.0185971 -1.5394e-11 -0.999827 0.562894
-0.999827 -4.5845e-11 0.0185971 -0.714321 -4.61233e-11 1 -1.45388e-11 -2.82568e-11 -0.0185971 -1.5394e-11 -0.999827 0.53945
-0.999827 -4.5845e-11 0.0185971 -0.713909 -4.61234e-11 1 -1.45388e-11 -2.84273e-11 -0.0185971 -1.5394e-11 -0.999827 0.517308
-0.999827 -4.5845e-11 0.0185971 -0.713276 -4.61234e-11 1 -1.45388e-11 -2.86894e-11 -0.0185971 -1.5394e-11 -0.999827 0.483275
-0.999827 -4.5845e-11 0.0185971 -0.712498 -4.61234e-11 1 -1.45388e-11 -2.90117e-11 -0.0185971 -1.5394e-11 -0.999827 0.441424
-0.999827 -4.5845e-11 0.0185971 -0.712214 -4.61233e-11 1 -1.45388e-11 -2.91293e-11 -0.0185971 -1.5394e-11 -0.999827 0.426162
-0.999827 -4.5845e-11 0.0185971 -0.711789 -4.61233e-11 1 -1.45388e-11 -2.93054e-11 -0.0185971 -1.5394e-11 -0.999827 0.403301
-0.999827 -4.5845e-11 0.0185971 -0.711608 -4.61234e-11 1 -1.45388e-11 -2.93804e-11 -0.0185971 -1.5394e-11 -0.999827 0.393563
-0.999827 -4.5845e-11 0.0185971 -0.711349 -4.61233e-11 1 -1.45388e-11 -2.94875e-11 -0.0185971 -1.5394e-11 -0.999827 0.379649
-0.999827 -4.5845e-11 0.0185971 -0.711268 -4.61234e-11 1 -1.45388e-11 -2.95211e-11 -0.0185971 -1.5394e-11 -0.999827 0.375293
-0.999827 -4.5845e-11 0.0185971 -0.710967 -4.61234e-11 1 -1.45388e-11 -2.96454e-11 -0.0185971 -1.5394e-11 -0.999827 0.359146
-0.999827 -4.5845e-11 0.0185971 -0.710568 -4.61234e-11 1 -1.45388e-11 -2.9811e-11 -0.0185971 -1.5394e-11 -0.999827 0.337647
-0.999827 -4.5845e-11 0.0185971 -0.710125 -4.61233e-11 1 -1.45388e-11 -2.99943e-11 -0.0185971 -1.5394e-11 -0.999827 0.313848
-0.999798 1.81036e-10 0.0201163 -0.709283 2.30439e-10 1 2.45355e-09 3.61495e-10 -0.0201163 2.45769e-09 -0.999798 0.28135
-0.999395 -3.66943e-05 0.0347909 -0.706654 -3.69109e-05 1 -5.58453e-06 -2.98857e-06 -0.0347909 -6.86532e-06 -0.999395 0.262619
-0.997485 -3.3198e-09 0.0708721 -0.700805 -3.44595e-09 1 -1.65773e-09 -7.58209e-11 -0.0708721 -1.89778e-09 -0.997485 0.245193
-0.992663 -3.78164e-05 0.120911 -0.693118 -3.85254e-05 1 -3.52548e-06 -3.55339e-06 -0.120911 -8.15776e-06 -0.992663 0.234022
-0.985899 -3.02946e-05 0.167344 -0.686263 -3.07252e-05 1 1.62812e-08 -4.13163e-06 -0.167344 -5.12561e-06 -0.985899 0.228465
-0.98344 -9.41537e-10 0.181231 -0.684267 -1.6567e-09 1 -3.79475e-09 -4.67707e-10 -0.181231 -4.03216e-09 -0.98344 0.226401
-0.979448 2.54153e-10 0.201699 -0.681411 -1.52833e-10 1 -2.00222e-09 -2.93087e-10 -0.201699 -1.99189e-09 -0.979448 0.221845
-0.977265 -2.51699e-05 0.21202 -0.680018 -2.44735e-05 1 5.90884e-06 1.87616e-07 -0.21202 5.85614e-07 -0.977265 0.219143
-0.972256 1.86035e-05 0.233919 -0.676963 1.42754e-05 1 -2.0196e-05 -8.69623e-06 -0.233919 -1.62964e-05 -0.972256 0.219077
-0.963066 -3.26536e-06 0.269264 -0.672096 -7.7199e-06 1 -1.54845e-05 -3.22082e-06 -0.269264 -1.69913e-05 -0.963066 0.22086
-0.949187 -3.46697e-09 0.314712 -0.665981 1.25149e-10 1 1.13938e-08 1.62715e-09 -0.314712 1.08542e-08 -0.949187 0.224349
-0.937087 2.91171e-05 0.349097 -0.661472 3.10541e-05 1 -4.78134e-08 -7.80574e-06 -0.349097 1.07961e-05 -0.937087 0.227538
-0.925397 -5.98443e-10 0.378999 -0.657716 -6.1954e-11 1 1.42774e-09 1.53934e-10 -0.378999 1.29774e-09 -0.925397 0.230357
-0.919761 7.70563e-06 0.392478 -0.656126 -6.54506e-07 1 -2.11671e-05 -6.22938e-06 -0.392478 -1.97255e-05 -0.919761 0.231513
-0.91615 1.47551e-09 0.400836 -0.655186 1.62852e-09 1 4.10693e-11 -1.61954e-10 -0.400836 6.90397e-10 -0.91615 0.232187
-0.904854 3.77329e-07 0.425723 -0.652113 7.39914e-06 1 1.48402e-05 -6.72445e-06 -0.425723 1.65782e-05 -0.904854 0.23513
-0.890164 4.3443e-10 0.455641 -0.648442 1.54258e-09 1 2.06022e-09 1.61645e-10 -0.455641 2.5368e-09 -0.890164 0.239014
-0.869744 1.9661e-05 0.493503 -0.643907 1.84084e-05 1 -7.39676e-06 -1.08345e-05 -0.493503 2.65134e-06 -0.869744 0.24428
-0.84593 -2.63598e-05 0.533294 -0.639301 -2.97867e-05 1 2.17952e-06 -4.30355e-06 -0.533294 -1.40413e-05 -0.84593 0.250209
-0.820169 1.29704e-06 0.572121 -0.634979 1.81343e-05 1 2.37295e-05 1.17849e-06 -0.572121 2.98372e-05 -0.820169 0.256394
-0.798697 3.60153e-09 0.601733 -0.631886 3.43231e-09 1 -1.42945e-09 -4.6301e-10 -0.601733 9.23635e-10 -0.798697 0.261327
-0.785768 -7.09029e-06 0.618521 -0.630153 8.56216e-06 1 2.23407e-05 5.55103e-07 -0.618521 2.28505e-05 -0.785768 0.264266
-0.759619 3.71426e-05 0.650368 -0.626932 3.0446e-05 1 -2.15496e-05 -5.62645e-06 -0.650368 3.43158e-06 -0.759619 0.270114
-0.72608 1.68227e-05 0.68761 -0.623338 1.45793e-05 1 -9.07045e-06 -2.69431e-06 -0.68761 3.43902e-06 -0.72608 0.277418
-0.699352 8.03477e-06 0.714778 -0.620856 -1.11256e-05 1 -2.21264e-05 -1.05313e-05 -0.714778 -2.34264e-05 -0.699352 0.283091
-0.667444 -1.15001e-10 0.74466 -0.618377 -2.42165e-10 1 -6.26202e-11 -6.8925e-11 -0.74466 -2.22126e-10 -0.667444 0.289626
-0.65774 -3.36205e-05 0.753245 -0.617771 -5.9755e-06 1 3.94163e-05 -3.87114e-07 -0.753245 2.14246e-05 -0.65774 0.291518
-0.651883 2.47252e-05 0.75832 -0.617465 2.58628e-05 1 -1.03725e-05 -4.77831e-06 -0.75832 1.28507e-05 -0.651883 0.292606
-0.649051 -1.80337e-05 0.760745 -0.617189 -1.77943e-05 1 8.52364e-06 -6.52241e-06 -0.760745 -8.00463e-06 -0.649051 0.292957
-0.647477 1.41698e-06 0.762085 -0.612099 2.18868e-06 1 1.82328e-10 1.41707e-07 -0.762085 1.66808e-06 -0.647477 0.288906
-0.646409 -3.30893e-05 0.762991 -0.59676 -5.11889e-05 1 3.41679e-10 -3.31432e-06 -0.762991 -3.90565e-05 -0.646409 0.276009
-0.646045 -1.14367e-05 0.7633 -0.582555 -1.77024e-05 1 1.61178e-10 -1.14617e-06 -0.7633 -1.35122e-05 -0.646045 0.263983
-0.645741 -5.92144e-11 0.763556 -0.555538 -9.07148e-11 1 8.3312e-13 -5.00326e-11 -0.763556 -6.87279e-11 -0.645741 0.241078
-0.645649 1.38338e-05 0.763634 -0.541921 2.14261e-05 1 -3.47668e-11 -3.95844e-06 -0.763634 1.63617e-05 -0.645649 0.229527
-0.64559 -2.50334e-11 0.763685 -0.530309 -2.65384e-11 1 1.03452e-11 -6.84979e-11 -0.763685 -1.35882e-11 -0.64559 0.219668
-0.645549 -3.29575e-05 0.763719 -0.518871 -5.10534e-05 1 2.27584e-11 -3.30558e-06 -0.763719 -3.89904e-05 -0.645549 0.209953
-0.645532 -8.82046e-06 0.763733 -0.503974 -1.36638e-05 1 3.53212e-11 -5.75918e-06 -0.763733 -1.04355e-05 -0.645532 0.197333
-0.645524 -5.28782e-11 0.76374 -0.483433 -5.75603e-11 1 2.05851e-11 -2.53907e-11 -0.76374 -3.0673e-11 -0.645524 0.179949
-0.64552 -5.29325e-11 0.763743 -0.465943 -5.75537e-11 1 2.0662e-11 -2.47091e-11 -0.763743 -3.06185e-11 -0.64552 0.165154
-0.645518 -5.29667e-11 0.763745 -0.441879 -5.75457e-11 1 2.07136e-11 -2.37782e-11 -0.763745 -3.05793e-11 -0.645518 0.144803
-0.641476 -2.65943e-05 0.767143 -0.409398 -4.53841e-06 1 3.08717e-05 2.9319e-07 -0.767143 1.63219e-05 -0.641476 0.118418
-0.63326 -1.44667e-09 0.773939 -0.398918 9.47976e-10 1 2.64489e-09 2.90226e-10 -0.773939 2.40858e-09 -0.63326 0.111725
-0.607993 -1.59778e-05 0.793942 -0.381764 -1.42409e-05 1 9.21908e-06 -7.17705e-06 -0.793942 -5.7013e-06 -0.607993 0.103678
-0.560554 1.49911e-05 0.828118 -0.364559 -4.48523e-06 1 -2.11386e-05 -5.51344e-06 -0.828118 -1.55636e-05 -0.560554 0.100523
-0.537743 5.6706e-09 0.843109 -0.359097 -2.13483e-09 1 -8.08744e-09 -1.04552e-09 -0.843109 -6.14886e-09 -0.537743 0.101077
-0.505668 -2.30626e-09 0.862728 -0.350828 -2.94268e-09 1 9.48433e-10 2.67586e-10 -0.862728 -2.05914e-09 -0.505668 0.100941
-0.494025 7.67226e-10 0.869448 -0.346746 9.24919e-10 1 -3.56886e-10 -1.62277e-10 -0.869448 6.27859e-10 -0.494025 0.099791
-0.487064 7.24236e-06 0.873367 -0.344099 -7.00354e-10 1 -8.29286e-06 -2.48783e-06 -0.873367 -4.03976e-06 -0.487064 0.0988751
-0.465932 -3.10916e-09 0.884821 -0.341588 1.77361e-09 1 4.44784e-09 5.11621e-10 -0.884821 3.64172e-09 -0.465932 0.101022
-0.436928 -1.57239e-05 0.899497 -0.339743 5.10218e-09 1 1.74833e-05 -2.94114e-10 -0.899497 7.64352e-06 -0.436928 0.105184
-0.377325 -1.03441e-05 0.926081 -0.337751 -2.73651e-05 1 2.00771e-08 -4.75145e-06 -0.926081 -2.53347e-05 -0.377325 0.114567
-0.355576 -7.68662e-09 0.934647 -0.337395 1.15984e-10 1 8.26822e-09 1.16218e-09 -0.934647 3.04838e-09 -0.355576 0.118081
-0.310901 -1.42429e-09 0.950442 -0.337126 -4.2193e-09 1 1.18367e-10 2.1918e-10 -0.950442 -3.9734e-09 -0.310901 0.125323
-0.27902 4.8174e-10 0.960285 -0.337153 2.41624e-09 1 2.00399e-10 -3.77274e-10 -0.960285 2.37619e-09 -0.27902 0.130275
-0.263405 1.29612e-09 0.964685 -0.336411 9.37825e-10 1 -1.08749e-09 -2.65891e-10 -0.964685 6.18254e-10 -0.263405 0.132285
-0.256277 -1.62265e-10 0.966603 -0.327126 -7.71288e-10 1 -3.66208e-11 -1.76353e-11 -0.966603 -7.54915e-10 -0.256277 0.13066
-0.25257 1.92253e-10 0.967579 -0.309638 -4.51046e-11 1 -2.10469e-10 -6.0401e-11 -0.967579 -9.68005e-11 -0.25257 0.126371
-0.250645 -1.13775e-05 0.968079 -0.286229 -4.53912e-05 1 4.18352e-10 -2.93898e-06 -0.968079 -4.39422e-05 -0.250645 0.120325
-0.249718 1.29074e-05 0.968319 -0.26147 5.16868e-05 1 -3.31385e-10 -9.54903e-06 -0.968319 5.00492e-05 -0.249718 0.113869
-0.246623 1.2246e-05 0.969111 -0.228874 4.96118e-05 1 -1.0964e-08 -6.59955e-06 -0.969111 4.80767e-05 -0.246623 0.105774
-0.227813 1.97305e-05 0.973705 -0.208158 -1.33975e-05 1 -2.33979e-05 -4.54281e-06 -0.973705 -1.83755e-05 -0.227813 0.103408
-0.193928 -8.90586e-10 0.981016 -0.191831 5.63329e-09 1 2.02141e-09 -9.59936e-11 -0.981016 5.91835e-09 -0.193928 0.104553
-0.148122 1.04131e-05 0.988969 -0.179896 1.75353e-05 1 -7.90292e-06 -3.24043e-06 -0.988969 1.61713e-05 -0.148122 0.108529
-0.111721 1.17333e-08 0.99374 -0.174194 -1.62149e-10 1 -1.18255e-08 -1.66567e-09 -0.99374 -1.48228e-09 -0.111721 0.112498
-0.0649221 -7.04917e-06 0.99789 -0.169699 -4.81234e-06 1 6.75099e-06 1.71335e-06 -0.99789 -4.3639e-06 -0.0649221 0.118116
-0.0342972 6.28497e-07 0.999412 -0.166504 1.81491e-05 1 -6.03823e-09 -3.35388e-06 -0.999412 1.81382e-05 -0.0342972 0.121514
-0.0176612 -3.26644e-12 0.999844 -0.163977 -2.07393e-09 1 -3.33669e-11 6.86593e-11 -0.999844 -2.0742e-09 -0.0176612 0.123026
0.0121329 2.41218e-09 0.999926 -0.16305 -1.47773e-09 1 -2.39443e-09 -2.76572e-10 -0.999926 -1.44857e-09 0.0121329 0.126782
0.0423862 6.4106e-09 0.999101 -0.163558 -4.00879e-10 1 -6.39935e-09 -9.06989e-10 -0.999101 -1.29274e-10 0.0423862 0.130938
0.0900236 -2.4492e-05 0.99594 -0.165456 1.34758e-05 1 2.33738e-05 -5.28999e-06 -0.99594 1.13168e-05 0.0900236 0.137594
0.139642 3.25675e-09 0.990202 -0.168304 4.74617e-09 1 -3.9583e-09 -8.9428e-10 -0.990202 5.25241e-09 0.139642 0.144491
0.163322 -2.53092e-10 0.986573 -0.169741 -6.03636e-10 1 3.56466e-10 3.23416e-11 -0.986573 -6.5375e-10 0.163322 0.147643
0.182949 -3.17697e-10 0.983122 -0.170809 -1.31352e-09 1 5.67583e-10 1.20725e-10 -0.983122 -1.39519e-09 0.182949 0.150063
0.190928 -3.42787e-10 0.981604 -0.171209 -1.51706e-09 1 6.44289e-10 1.39114e-10 -0.981604 -1.61217e-09 0.190928 0.150986
0.217695 1.35439e-11 0.976017 -0.173404 -3.78472e-11 1 -5.43505e-12 -1.04602e-11 -0.976017 -3.57563e-11 0.217695 0.154605
0.254053 -2.57198e-05 0.96719 -0.176772 2.07679e-05 1 2.11372e-05 -7.31178e-06 -0.96719 1.47166e-05 0.254053 0.159559
0.28722 -5.12328e-09 0.957865 -0.18009 4.08898e-09 1 4.12255e-09 2.94109e-10 -0.957865 2.73261e-09 0.28722 0.164014
0.334121 -9.2587e-06 0.94253 -0.185149 2.7758e-05 1 -1.67762e-08 -8.01473e-06 -0.94253 2.61683e-05 0.334121 0.170178
0.356385 1.08639e-05 0.934339 -0.187665 -3.05271e-05 1 1.65752e-08 -4.16802e-06 -0.934339 -2.85285e-05 0.356385 0.172977
0.37383 -2.21684e-05 0.927497 -0.189656 6.79713e-06 1 2.11618e-05 -4.71679e-06 -0.927497 -1.60658e-06 0.37383 0.175043
0.379948 2.25996e-05 0.925008 -0.190343 -3.38529e-05 1 -1.05267e-05 -3.55466e-06 -0.925008 -2.73146e-05 0.379948 0.175711
0.407296 -3.21818e-09 0.913296 -0.193727 3.0705e-09 1 2.15437e-09 9.52078e-11 -0.913296 1.92681e-09 0.407296 0.179099
0.441158 -5.93471e-09 0.89743 -0.198169 3.99053e-10 1 6.41685e-09 8.69802e-10 -0.89743 -2.47272e-09 0.441158 0.183292
0.475757 2.98455e-05 0.879577 -0.202963 -2.49144e-05 1 -2.04556e-05 -1.52409e-06 -0.879577 -1.21823e-05 0.475757 0.187476
0.517876 -1.81993e-05 0.855456 -0.209159 3.51882e-05 1 -2.78747e-08 -7.53523e-06 -0.855456 3.01164e-05 0.517876 0.192405
0.540088 2.32671e-09 0.841608 -0.212552 1.29509e-10 1 -2.84771e-09 -4.51735e-10 -0.841608 1.64701e-09 0.540088 0.194846
0.551913 6.44593e-06 0.833902 -0.214379 -1.16892e-05 1 6.57293e-09 -7.64915e-06 -0.833902 -9.75127e-06 0.551913 0.196072
0.574798 5.25762e-10 0.818296 -0.218105 -3.62638e-09 1 1.90478e-09 4.46072e-10 -0.818296 -4.06231e-09 0.574798 0.198558
0.602498 1.07442e-05 0.79812 -0.222836 3.7685e-06 1 -1.63067e-05 -5.58856e-06 -0.79812 1.28325e-05 0.602498 0.201537
0.636699 2.00689e-06 0.771112 -0.229001 -1.3869e-05 1 8.84888e-06 1.75589e-06 -0.771112 -1.63286e-05 0.636699 0.205093
0.677129 -6.18474e-09 0.735864 -0.236781 2.32315e-10 1 8.19096e-09 1.17754e-09 -0.735864 -5.37538e-09 0.677129 0.209078
0.69187 1.25864e-09 0.722022 -0.239729 -2.12067e-09 1 2.88898e-10 1.24564e-10 -0.722022 -1.73105e-09 0.69187 0.210419
0.705401 -1.21662e-09 0.708808 -0.242446 -2.2052e-10 1 1.93589e-09 2.86144e-10 -0.708808 -1.52189e-09 0.705401 0.21154
0.710888 2.05846e-05 0.703306 -0.243535 -8.69844e-06 1 -2.04762e-05 -1.03729e-05 -0.703306 8.43861e-06 0.710888 0.211945
0.726436 1.9941e-05 0.687234 -0.246885 -2.87325e-05 1 1.35525e-06 -1.45458e-06 -0.687234 -2.07305e-05 0.726436 0.213297
0.755796 2.65014e-05 0.654807 -0.25359 -3.50787e-05 1 1.67101e-08 -2.26879e-06 -0.654807 -2.29824e-05 0.755796 0.215803
0.775097 -1.64273e-09 0.631842 -0.258252 4.51637e-09 1 -2.94044e-09 -7.39655e-10 -0.631842 5.13276e-09 0.775097 0.217354
0.812143 3.00768e-09 0.583459 -0.267826 -3.79037e-09 1 1.21072e-10 2.04608e-10 -0.583459 -2.30985e-09 0.812143 0.220043
0.822947 -5.17525e-06 0.568118 -0.270755 1.87817e-05 1 -1.80968e-05 -8.5939e-06 -0.568118 2.55629e-05 0.822947 0.220711
0.834152 -1.79471e-09 0.551534 -0.273834 2.20624e-09 1 -8.2721e-11 -4.61724e-10 -0.551534 1.28582e-09 0.834152 0.221312
0.849758 -2.70204e-09 0.527172 -0.278442 1.664e-09 1 2.4433e-09 2.30557e-10 -0.527172 -1.199e-09 0.849758 0.222181
0.867617 -1.34029e-06 0.497233 -0.284062 -5.50118e-07 1 3.65539e-06 -3.56974e-08 -0.497233 -3.44502e-06 0.867617 0.223078
0.88862 4.03249e-09 0.458644 -0.291188 -5.3486e-09 1 1.57067e-09 5.03765e-10 -0.458644 -3.84883e-09 0.88862 0.223932
0.907129 -1.06623e-05 0.420854 -0.298037 2.26715e-06 1 2.04483e-05 1.46105e-07 -0.420854 -1.75951e-05 0.907129 0.224449
0.927634 4.18355e-09 0.373491 -0.306437 -4.41128e-09 1 -2.44969e-10 -1.77899e-10 -0.373491 -1.42033e-09 0.927634 0.22468
0.936614 3.10129e-09 0.350363 -0.310412 -3.29409e-09 1 -4.56648e-11 1.38916e-10 -0.350363 -1.11136e-09 0.936614 0.224602
0.952634 -1.14313e-09 0.304119 -0.318307 7.28886e-10 1 1.47564e-09 1.17416e-10 -0.304119 -1.18408e-09 0.952634 0.224187
0.958835 3.11568e-05 0.283965 -0.321721 -2.77184e-05 1 -1.61265e-05 -6.63319e-06 -0.283965 7.59163e-06 0.958835 0.2239
0.973959 -4.90256e-09 0.226724 -0.331284 5.07961e-09 1 -1.9748e-10 -3.80308e-10 -0.226724 1.34401e-09 0.973959 0.222711
0.983429 4.45754e-06 0.181292 -0.338709 -6.23163e-08 1 -2.42495e-05 -9.80634e-06 -0.181292 2.38364e-05 0.983429 0.221382
0.988535 -3.60149e-06 0.150993 -0.343478 5.16093e-07 1 2.04733e-05 3.20176e-08 -0.150993 -2.01606e-05 0.988535 0.220278
0.990409 7.56771e-06 0.138169 -0.345396 -8.02951e-06 1 2.78486e-06 -7.49149e-06 -0.138169 -3.86759e-06 0.990409 0.219748
0.99145 -1.34316e-10 0.130489 -0.346477 5.54276e-12 1 9.87211e-10 1.13747e-10 -0.130489 -9.78047e-10 0.99145 0.219403
0.99189 -1.87931e-05 0.127102 -0.346916 1.6204e-05 1 2.14043e-05 -2.99365e-06 -0.127102 -1.91711e-05 0.99189 0.219238
0.99221 -3.61121e-11 0.124578 -0.347204 -1.81307e-11 1 4.34279e-10 3.6428e-11 -0.124578 -4.33154e-10 0.99221 0.219107
0.992363 -5.21905e-05 0.12335 -0.347317 5.25922e-05 1 -3.77636e-10 -9.71629e-06 -0.12335 6.48764e-06 0.992363 0.219036
0.992437 1.99413e-05 0.122753 -0.347345 -2.00933e-05 1 1.23956e-10 -1.30096e-06 -0.122753 -2.46664e-06 0.992437 0.218996
0.992784 -4.76096e-10 0.119918 -0.347768 2.4581e-10 1 1.93516e-09 2.40521e-10 -0.119918 -1.89172e-09 0.992784 0.21887
0.9955 3.01502e-06 0.0947658 -0.351812 -2.66368e-08 1 -3.15357e-05 -9.45903e-06 -0.0947658 3.13912e-05 0.9955 0.217777
0.997798 -2.88146e-05 0.0663302 -0.356334 2.89735e-05 1 -1.43477e-06 -5.35371e-06 -0.0663302 3.35343e-06 0.997798 0.21642
0.999703 -7.06569e-07 0.0243757 -0.362887 2.14662e-08 1 2.81062e-05 -1.37969e-06 -0.0243757 -2.80973e-05 0.999703 0.214187
0.999657 4.97265e-09 -0.0261816 -0.370607 -4.96905e-09 1 2.02777e-10 2.78612e-10 0.0261816 -7.26101e-11 0.999657 0.211135
0.997969 -4.33635e-05 -0.0637049 -0.376214 4.34512e-05 1 -9.11155e-09 -8.02888e-06 0.0637049 -2.75896e-06 0.997969 0.208613
0.995347 1.92891e-09 -0.0963566 -0.380919 -1.86514e-09 1 7.51896e-10 1.85224e-10 0.0963566 -5.68679e-10 0.995347 0.206243
0.9938 1.0826e-09 -0.111182 -0.382944 -1.09925e-09 1 -8.84505e-11 4.33193e-12 0.111182 2.10119e-10 0.9938 0.205115
0.992977 8.92405e-10 -0.118307 -0.383857 -8.60574e-10 1 3.20141e-10 6.14084e-11 0.118307 -2.16081e-10 0.992977 0.204562
0.992359 2.83704e-05 -0.123386 -0.384444 -2.85888e-05 1 2.76159e-10 -1.85108e-06 0.123386 3.52718e-06 0.992359 0.204167
0.992205 1.9832e-05 -0.124614 -0.384567 -1.99877e-05 1 5.75689e-10 -1.29407e-06 0.124614 2.49017e-06 0.992205 0.204072
0.992021 -7.91368e-11 -0.126074 -0.384686 8.20529e-11 1 1.79368e-11 -5.24449e-11 0.126074 -2.81385e-11 0.992021 0.20396
0.991954 3.50491e-06 -0.126597 -0.384709 -3.53334e-06 1 -3.95029e-11 6.52762e-07 0.126597 4.47348e-07 0.991954 0.20392
0.991928 1.09667e-05 -0.126804 -0.38471 -1.1056e-05 1 5.43126e-11 -7.15834e-07 0.126804 1.40189e-06 0.991928 0.203905
0.991903 -5.06808e-05 -0.126998 -0.384704 5.10945e-05 1 -6.27746e-11 -9.43957e-06 0.126998 -6.48884e-06 0.991903 0.203891
0.991893 -9.36908e-11 -0.127076 -0.384691 9.32009e-11 1 -9.80096e-12 -4.55431e-11 0.127076 -2.1221e-12 0.991893 0.203886
0.991888 -1.57421e-12 -0.127114 -0.384682 2.04304e-13 1 -1.07901e-11 -2.54663e-11 0.127114 1.06766e-11 0.991888 0.203884
0.991885 1.23655e-05 -0.127138 -0.384672 -1.24667e-05 1 -3.64394e-11 -2.57056e-06 0.127138 1.58502e-06 0.991885 0.203883
0.991884 -5.46925e-11 -0.127149 -0.384666 5.28942e-11 1 -1.75195e-11 -6.24982e-11 0.127149 1.06519e-11 0.991884 0.203882
0.991883 5.06291e-05 -0.127155 -0.384658 -5.10434e-05 1 -1.4941e-11 -3.30494e-06 0.127155 6.49042e-06 0.991883 0.203882
0.991883 -3.40412e-05 -0.127157 -0.384659 3.43198e-05 1 -1.23004e-12 -6.34054e-06 0.127157 -4.364e-06 0.991883 0.203882
0.991882 -4.28325e-05 -0.127159 -0.384657 4.3183e-05 1 -3.80224e-12 -7.97802e-06 0.127159 -5.49109e-06 0.991882 0.203882
0.991882 -5.06832e-05 -0.127159 -0.384655 5.1098e-05 1 -1.69394e-11 -9.44022e-06 0.127159 -6.49758e-06 0.991882 0.203882
0.991882 -3.38054e-05 -0.12716 -0.384652 3.4082e-05 1 -8.87777e-13 -6.29662e-06 0.12716 -4.33387e-06 0.991882 0.203882
0.991882 -3.26496e-05 -0.12716 -0.384651 3.29168e-05 1 -2.00657e-11 -6.08128e-06 0.12716 -4.18569e-06 0.991882 0.203882
0.991882 1.91425e-05 -0.12716 -0.384647 -1.92992e-05 1 -2.06466e-11 -1.24957e-06 0.12716 2.45411e-06 0.991882 0.203882
0.991882 2.57174e-06 -0.12716 -0.384648 -2.59279e-06 1 -1.40382e-11 -1.67904e-07 0.12716 3.29714e-07 0.991882 0.203882
0.991882 5.06291e-05 -0.12716 -0.384645 -5.10434e-05 1 -1.65538e-11 -3.30494e-06 0.12716 6.49072e-06 0.991882 0.203883
0.991882 3.44041e-05 -0.12716 -0.384645 -3.46857e-05 1 -7.14688e-13 -2.24587e-06 0.12716 4.41065e-06 0.991882 0.203883
0.991882 -1.97063e-05 -0.12716 -0.384648 1.98676e-05 1 -2.06487e-11 -3.67048e-06 0.12716 -2.52635e-06 0.991882 0.203882
0.991882 5.0593e-05 -0.12716 -0.384644 -5.10071e-05 1 -1.64965e-11 -3.30259e-06 0.12716 6.4861e-06 0.991882 0.203883
0.991882 4.73946e-05 -0.12716 -0.384644 -4.77825e-05 1 -1.10718e-11 -3.09384e-06 0.12716 6.07605e-06 0.991882 0.203883
0.991882 5.21083e-05 -0.12716 -0.384644 -5.25347e-05 1 -1.9247e-11 -3.40146e-06 0.12716 6.68036e-06 0.991882 0.203883
0.991882 -3.40412e-05 -0.12716 -0.384648 3.43198e-05 1 -8.04492e-13 -6.34054e-06 0.12716 -4.36411e-06 0.991882 0.203882
0.991882 3.44041e-05 -0.12716 -0.384644 -3.46857e-05 1 -7.16371e-13 -2.24587e-06 0.12716 4.41065e-06 0.991882 0.203883
0.991882 6.52829e-12 -0.12716 -0.384646 -8.32163e-12 1 -1.35717e-11 -4.05441e-11 0.12716 1.45198e-11 0.991882 0.203882
0.991882 1.93545e-05 -0.12716 -0.384645 -1.95129e-05 1 -2.06527e-11 -1.26341e-06 0.12716 2.48129e-06 0.991882 0.203883
0.991882 -4.28301e-05 -0.12716 -0.384648 4.31807e-05 1 -3.54668e-12 -7.97759e-06 0.12716 -5.49087e-06 0.991882 0.203882
0.991882 -3.30035e-06 -0.12716 -0.384646 3.32736e-06 1 -9.80557e-12 2.15416e-07 0.12716 -4.23098e-07 0.991882 0.203882
0.991882 3.44041e-05 -0.12716 -0.384644 -3.46857e-05 1 -7.16421e-13 -2.24587e-06 0.12716 4.41065e-06 0.991882 0.203883
0.991882 -5.06832e-05 -0.12716 -0.384649 5.1098e-05 1 -1.66619e-11 -9.44022e-06 0.12716 -6.49763e-06 0.991882 0.203882
0.991882 5.06291e-05 -0.12716 -0.384644 -5.10434e-05 1 -1.65629e-11 -3.30494e-06 0.12716 6.49072e-06 0.991882 0.203883
0.991882 -2.0418e-05 -0.12716 -0.384647 2.05851e-05 1 1.47192e-12 -3.80308e-06 0.12716 -2.61761e-06 0.991882 0.203882
0.991882 -1.99346e-05 -0.12716 -0.384647 2.00977e-05 1 -2.06422e-11 -3.71299e-06 0.12716 -2.55562e-06 0.991882 0.203882
0.991882 -2.0418e-05 -0.12716 -0.384647 2.05851e-05 1 1.4719e-12 -3.80308e-06 0.12716 -2.61761e-06 0.991882 0.203882
0.991882 -3.38436e-06 -0.12716 -0.384646 3.41206e-06 1 -9.73128e-12 2.209e-07 0.12716 -4.33869e-07 0.991882 0.203882
0.991882 5.21083e-05 -0.12716 -0.384644 -5.25347e-05 1 -1.92471e-11 -3.40146e-06 0.12716 6.68036e-06 0.991882 0.203883
0.991882 -1.12279e-05 -0.12716 -0.384647 1.13198e-05 1 -2.08692e-11 -2.0913e-06 0.12716 -1.43941e-06 0.991882 0.203882
0.991882 1.93545e-05 -0.12716 -0.384645 -1.95129e-05 1 -2.06527e-11 -1.26341e-06 0.12716 2.48129e-06 0.991882 0.203883
0.991882 -1.99346e-05 -0.12716 -0.384647 2.00977e-05 1 -2.06421e-11 -3.71299e-06 0.12716 -2.55562e-06 0.991882 0.203882
0.991882 1.29376e-05 -0.12716 -0.384646 -1.30435e-05 1 9.66798e-13 -5.69771e-06 0.12716 1.65862e-06 0.991882 0.203883
0.991882 1.29376e-05 -0.12716 -0.384646 -1.30435e-05 1 9.66806e-13 -5.69771e-06 0.12716 1.65862e-06 0.991882 0.203883
0.991882 3.46339e-05 -0.12716 -0.384644 -3.49174e-05 1 -2.09366e-12 -2.26088e-06 0.12716 4.44011e-06 0.991882 0.203883
0.991882 5.0593e-05 -0.12716 -0.384644 -5.10071e-05 1 -1.64973e-11 -3.30259e-06 0.12716 6.4861e-06 0.991882 0.203883
0.991882 -3.26498e-05 -0.12716 -0.384648 3.2917e-05 1 -2.00079e-11 -6.08132e-06 0.12716 -4.18572e-06 0.991882 0.203882
0.991882 2.57174e-06 -0.12716 -0.384646 -2.59279e-06 1 -1.40455e-11 -1.67904e-07 0.12716 3.29715e-07 0.991882 0.203882
0.991882 2.38814e-11 -0.12716 -0.384646 -2.4306e-11 1 -1.78723e-12 -3.22093e-12 0.12716 4.86348e-12 0.991882 0.203882
0.991882 -1.97063e-05 -0.12716 -0.384647 1.98676e-05 1 -2.06465e-11 -3.67048e-06 0.12716 -2.52636e-06 0.991882 0.203882
0.991882 -3.38054e-05 -0.12716 -0.384648 3.4082e-05 1 -8.35711e-13 -6.29662e-06 0.12716 -4.33388e-06 0.991882 0.203882
0.991882 1.93545e-05 -0.12716 -0.384645 -1.95129e-05 1 -2.06527e-11 -1.26341e-06 0.12716 2.48129e-06 0.991882 0.203883
0.991882 -5.07677e-05 -0.12716 -0.384649 5.11832e-05 1 -1.68017e-11 -9.45596e-06 0.12716 -6.50846e-06 0.991882 0.203882
0.991882 -1.99346e-05 -0.12716 -0.384647 2.00977e-05 1 -2.06421e-11 -3.71299e-06 0.12716 -2.55562e-06 0.991882 0.203882
0.991882 3.64133e-06 -0.12716 -0.384646 -3.67113e-06 1 -9.54759e-12 6.78223e-07 0.12716 4.66832e-07 0.991882 0.203882
0.991882 -3.40412e-05 -0.12716 -0.384648 3.43198e-05 1 -8.04455e-13 -6.34054e-06 0.12716 -4.36411e-06 0.991882 0.203882
0.991882 -5.06832e-05 -0.12716 -0.384649 5.1098e-05 1 -1.66619e-11 -9.44022e-06 0.12716 -6.49763e-06 0.991882 0.203882
0.991882 -1.97063e-05 -0.12716 -0.384647 1.98676e-05 1 -2.06465e-11 -3.67048e-06 0.12716 -2.52636e-06 0.991882 0.203882
0.991882 4.73946e-05 -0.12716 -0.384644 -4.77825e-05 1 -1.1072e-11 -3.09384e-06 0.12716 6.07605e-06 0.991882 0.203883
0.991882 3.51228e-06 -0.12716 -0.384646 -3.54102e-06 1 -9.61687e-12 6.54185e-07 0.12716 4.50288e-07 0.991882 0.203882
0.991882 5.06291e-05 -0.12716 -0.384644 -5.10434e-05 1 -1.65629e-11 -3.30494e-06 0.12716 6.49072e-06 0.991882 0.203883
0.991882 -3.40412e-05 -0.12716 -0.384648 3.43198e-05 1 -8.04478e-13 -6.34054e-06 0.12716 -4.36411e-06 0.991882 0.203882
0.991882 2.57174e-06 -0.12716 -0.384646 -2.59279e-06 1 -1.40454e-11 -1.67904e-07 0.12716 3.29715e-07 0.991882 0.203882
0.991882 -4.28301e-05 -0.12716 -0.384648 4.31807e-05 1 -3.54674e-12 -7.97759e-06 0.12716 -5.49087e-06 0.991882 0.203882
0.991882 2.38814e-11 -0.12716 -0.384646 -2.4306e-11 1 -1.78725e-12 -3.22092e-12 0.12716 4.8635e-12 0.991882 0.203882
0.991882 5.21083e-05 -0.12716 -0.384643 -5.25347e-05 1 -1.92471e-11 -3.40146e-06 0.12716 6.68036e-06 0.991882 0.203883
0.991882 -3.64315e-06 -0.12716 -0.384646 3.67296e-06 1 -1.93168e-12 2.37808e-07 0.12716 -4.67054e-07 0.991882 0.203882
0.991882 3.44041e-05 -0.12716 -0.384644 -3.46857e-05 1 -7.16388e-13 -2.24587e-06 0.12716 4.41065e-06 0.991882 0.203883
0.991882 6.52828e-12 -0.12716 -0.384646 -8.32163e-12 1 -1.35718e-11 -4.05441e-11 0.12716 1.45198e-11 0.991882 0.203882
0.991882 -3.40412e-05 -0.12716 -0.384648 3.43198e-05 1 -8.04501e-13 -6.34054e-06 0.12716 -4.36411e-06 0.991882 0.203882
0.991882 -3.38054e-05 -0.12716 -0.384648 3.4082e-05 1 -8.35665e-13 -6.29662e-06 0.12716 -4.33388e-06 0.991882 0.203882
0.991882 3.64133e-06 -0.12716 -0.384646 -3.67113e-06 1 -9.54758e-12 6.78223e-07 0.12716 4.66832e-07 0.991882 0.203882
0.991882 5.0593e-05 -0.12716 -0.384644 -5.10071e-05 1 -1.64973e-11 -3.30259e-06 0.12716 6.4861e-06 0.991882 0.203883
0.991882 -3.38054e-05 -0.12716 -0.384648 3.4082e-05 1 -8.35704e-13 -6.29662e-06 0.12716 -4.33388e-06 0.991882 0.203882
0.991882 -4.28301e-05 -0.12716 -0.384648 4.31807e-05 1 -3.54673e-12 -7.97759e-06 0.12716 -5.49087e-06 0.991882 0.203882
0.991882 -3.38436e-06 -0.12716 -0.384646 3.41206e-06 1 -9.73128e-12 2.209e-07 0.12716 -4.33869e-07 0.991882 0.203882
0.991882 3.46339e-05 -0.12716 -0.384644 -3.49174e-05 1 -2.09369e-12 -2.26088e-06 0.12716 4.44011e-06 0.991882 0.203883
0.991882 4.73946e-05 -0.12716 -0.384644 -4.77825e-05 1 -1.1072e-11 -3.09384e-06 0.12716 6.07605e-06 0.991882 0.203883
0.991882 -5.07677e-05 -0.12716 -0.384649 5.11832e-05 1 -1.68017e-11 -9.45596e-06 0.12716 -6.50846e-06 0.991882 0.203882
0.991882 5.06291e-05 -0.12716 -0.384644 -5.10434e-05 1 -1.65629e-11 -3.30494e-06 0.12716 6.49072e-06 0.991882 0.203883
0.991882 2.38814e-11 -0.12716 -0.384646 -2.43059e-11 1 -1.78725e-12 -3.22091e-12 0.12716 4.8635e-12 0.991882 0.203882
0.991882 -1.97063e-05 -0.12716 -0.384647 1.98676e-05 1 -2.06465e-11 -3.67048e-06 0.12716 -2.52636e-06 0.991882 0.203882
0.991882 -1.99346e-05 -0.12716 -0.384647 2.00977e-05 1 -2.06421e-11 -3.71299e-06 0.12716 -2.55562e-06 0.991882 0.203882
0.991882 -1.12279e-05 -0.12716 -0.384647 1.13198e-05 1 -2.08692e-11 -2.0913e-06 0.12716 -1.43941e-06 0.991882 0.203882
